WARNING: for repeatability, setting FPU to use double precision
============================[ Problem Statistics ]=============================
|                                                                             |
|  Number of variables:          1408                                         |
|  Number of clauses:           18322                                         |
|  Parse time:                   0.02 s                                       |
|  Eliminated clauses:           0.01 Mb                                      |
|  Simplification time:          0.06 s                                       |
|                                                                             |
=============================[ Search Statistics ]==============================
| Conflicts  |          ORIGINAL         |          LEARNT          | Progress |
|            |    Vars  Clauses Literals |    Limit  Clauses Lit/Cl |          |
================================================================================
|        100 |     952    17138   105289 |     6283      100     11 | 11.932 % |
|        250 |     952    17138   105289 |     6912      250     12 | 11.932 % |
|        475 |     952    17138   105289 |     7603      475     13 | 11.932 % |
|        812 |     952    17138   105289 |     8363      812     13 | 11.932 % |
|       1318 |     952    17138   105289 |     9200     1318     13 | 11.932 % |
|       2077 |     952    17138   105289 |    10120     2077     13 | 11.932 % |
|       3216 |     952    17138   105289 |    11132     3216     14 | 11.932 % |
|       4924 |     952    17138   105289 |    12245     4924     14 | 11.932 % |
|       7486 |     952    17138   105289 |    13470     7486     15 | 11.932 % |
|      11330 |     952    17138   105289 |    14817    11330     15 | 11.932 % |
|      17096 |     952    17138   105289 |    16298     9308     14 | 11.932 % |
|      25745 |     952    17138   105289 |    17928     9716     14 | 11.932 % |
|      38719 |     952    17138   105289 |    19721    13542     14 | 11.932 % |
|      58180 |     952    17138   105289 |    21693    12997     15 | 11.932 % |
|      87372 |     952    17138   105289 |    23863    20138     15 | 11.932 % |
|     131161 |     952    17138   105289 |    26249    15560     14 | 11.932 % |
|     196845 |     952    17138   105289 |    28874    14210     16 | 11.932 % |
|     295371 |     952    17138   105289 |    31761    17859     14 | 11.932 % |
|     443160 |     952    17138   105289 |    34938    21555     16 | 11.932 % |
|     664843 |     952    17138   105289 |    38431    33141     15 | 11.932 % |
|     997368 |     952    17138   105289 |    42275    32681     19 | 11.932 % |
|    1496156 |     952    17138   105289 |    46502    20902     13 | 11.932 % |
|    2244338 |     952    17138   105289 |    51152    21100     17 | 11.932 % |
|    3366612 |     952    17138   105289 |    56268    20200     14 | 11.932 % |
|    5050023 |     952    17138   105289 |    61895    33829     14 | 11.932 % |
|    7575139 |     952    17138   105289 |    68084    45679     19 | 11.932 % |
|   11362814 |     952    17138   105289 |    74893    60170     18 | 11.932 % |
|   17044326 |     952    17138   105289 |    82382    63612     16 | 11.932 % |
|   25566595 |     952    17138   105289 |    90620    36114     16 | 11.932 % |
|   38349998 |     952    17138   105289 |    99682    87970     18 | 11.932 % |
===============================================================================
restarts              : 71674
conflicts             : 55871476       (18204 /sec)
decisions             : 74203338       (0.00 % random) (24177 /sec)
propagations          : 1767191562     (575785 /sec)
conflict literals     : 1010828078     (8.47 % deleted)
Memory used           : 149.00 MB
CPU time              : 3069.19 s

SATISFIABLE
