WARNING: for repeatability, setting FPU to use double precision
============================[ Problem Statistics ]=============================
|                                                                             |
|  Number of variables:          1328                                         |
|  Number of clauses:           17248                                         |
|  Parse time:                   0.01 s                                       |
|  Eliminated clauses:           0.01 Mb                                      |
|  Simplification time:          0.06 s                                       |
|                                                                             |
=============================[ Search Statistics ]==============================
| Conflicts  |          ORIGINAL         |          LEARNT          | Progress |
|            |    Vars  Clauses Literals |    Limit  Clauses Lit/Cl |          |
================================================================================
|        100 |     896    16128    99088 |     5913      100     11 | 12.048 % |
|        250 |     896    16128    99088 |     6504      250     12 | 12.048 % |
|        475 |     896    16128    99088 |     7155      475     13 | 12.048 % |
|        812 |     896    16128    99088 |     7871      812     13 | 12.048 % |
|       1318 |     896    16128    99088 |     8658     1318     13 | 12.048 % |
|       2077 |     896    16128    99088 |     9523     2077     13 | 12.048 % |
|       3216 |     896    16128    99088 |    10476     3216     14 | 12.048 % |
|       4924 |     896    16128    99088 |    11523     4924     14 | 12.048 % |
|       7486 |     896    16128    99088 |    12676     7486     14 | 12.048 % |
|      11330 |     896    16128    99088 |    13943    11330     15 | 12.048 % |
|      17096 |     896    16128    99088 |    15338    10015     14 | 12.048 % |
|      25745 |     896    16128    99088 |    16872    10893     14 | 12.048 % |
|      38719 |     896    16128    99088 |    18559    15345     14 | 12.048 % |
|      58180 |     896    16128    99088 |    20415    15800     14 | 12.048 % |
|      87372 |     896    16128    99088 |    22456    14009     15 | 12.048 % |
|     131161 |     896    16128    99088 |    24702    12433     14 | 12.048 % |
|     196845 |     896    16128    99088 |    27172    15564     15 | 12.048 % |
|     295371 |     896    16128    99088 |    29890    16000     14 | 12.048 % |
|     443160 |     896    16128    99088 |    32879    21525     15 | 12.048 % |
|     664843 |     896    16128    99088 |    36167    24145     15 | 12.048 % |
|     997368 |     896    16128    99088 |    39783    33037     17 | 12.048 % |
|    1496156 |     896    16128    99088 |    43762    38040     15 | 12.048 % |
|    2244338 |     896    16128    99088 |    48138    31528     18 | 12.048 % |
|    3366612 |     896    16128    99088 |    52952    27240     15 | 12.048 % |
|    5050023 |     896    16128    99088 |    58247    36649     17 | 12.048 % |
|    7575139 |     896    16128    99088 |    64072    37699     16 | 12.048 % |
|   11362814 |     896    16128    99088 |    70479    35642     24 | 12.048 % |
|   17044326 |     896    16128    99088 |    77527    22661     15 | 12.048 % |
|   25566595 |     896    16128    99088 |    85279    44360     19 | 12.048 % |
|   38349998 |     896    16128    99088 |    93807    19728     19 | 12.048 % |
|   57525103 |     896    16128    99088 |   103188    85756     17 | 12.048 % |
|   86287761 |     896    16128    99088 |   113507    92135     16 | 12.048 % |
|  129431749 |     896    16128    99088 |   124858    57803     17 | 12.048 % |
===============================================================================
restarts              : 206238
conflicts             : 169972228      (13307 /sec)
decisions             : 217331569      (0.00 % random) (17014 /sec)
propagations          : 6303301934     (493470 /sec)
conflict literals     : 3162806814     (9.59 % deleted)
Memory used           : 242.00 MB
CPU time              : 12773.4 s

SATISFIABLE
