rn rc t sat cfs dec rts r1 mem ptime stime cfl r s
120 391 0.001999 1 5 10 1 223 8.00 0.00 0.00 24 1 1
120 391 0.001999 1 3 7 1 187 8.00 0.00 0.00 14 1 2
120 391 0.001999 1 8 16 1 292 8.00 0.00 0.00 36 1 3
120 391 0.001999 1 16 22 1 424 8.00 0.00 0.00 51 1 4
120 391 0.000999 1 21 27 1 611 8.00 0.00 0.00 69 1 5
120 391 0.000999 1 30 36 1 817 8.00 0.00 0.00 106 1 6
120 391 0.001999 1 0 4 1 88 8.00 0.00 0.00 0 1 7
120 391 0.001999 1 0 5 1 88 8.00 0.00 0.00 0 1 8
120 391 0.000999 1 14 17 1 429 8.00 0.00 0.00 59 1 9
120 391 0.000999 1 48 58 1 1294 8.00 0.00 0.00 177 1 10
120 391 0.000999 1 5 11 1 198 8.00 0.00 0.00 22 1 11
120 391 0.001999 1 1 5 1 93 8.00 0.00 0.00 3 1 12
120 391 0.000999 1 36 42 1 762 8.00 0.00 0.00 131 1 13
120 391 0.000999 1 48 56 1 1072 8.00 0.00 0.00 176 1 14
120 391 0 1 3 8 1 185 8.00 0.00 0.00 9 1 15
120 391 0 1 33 43 1 840 8.00 0.00 0.00 123 1 16
120 391 0.001999 1 47 53 1 1167 8.00 0.00 0.00 202 1 17
120 391 0.001999 1 12 20 1 374 8.00 0.00 0.00 55 1 18
120 391 0.000999 1 33 39 1 804 8.00 0.00 0.00 134 1 19
120 391 0.001999 1 10 16 1 332 8.00 0.00 0.00 43 1 20
192 718 0.000999 1 92 105 1 3638 8.00 0.00 0.00 768 2 1
192 718 0.003999 1 212 236 3 9408 8.00 0.00 0.00 1590 2 2
192 718 0.008998 1 607 669 6 25869 8.00 0.00 0.00 4988 2 3
192 718 0.001999 1 112 133 2 4876 8.00 0.00 0.00 936 2 4
192 718 0.004999 1 260 290 3 11947 8.00 0.00 0.00 1860 2 5
192 718 0.003999 1 165 184 2 6635 8.00 0.00 0.00 1204 2 6
192 718 0.001999 1 68 84 1 2347 8.00 0.00 0.00 541 2 7
192 718 0.004999 1 338 365 3 16616 8.00 0.00 0.00 2349 2 8
192 718 0.000999 1 27 39 1 1084 8.00 0.00 0.00 220 2 9
192 718 0.007998 1 330 357 3 16507 8.00 0.00 0.00 2357 2 10
192 718 0.007998 1 446 483 4 20924 8.00 0.00 0.00 2729 2 11
192 718 0.004999 1 154 173 2 7004 8.00 0.00 0.00 1209 2 12
192 718 0.001999 1 134 153 2 5623 8.00 0.00 0.00 1022 2 13
192 718 0.005999 1 500 534 4 20644 8.00 0.00 0.00 3245 2 14
192 718 0.002999 1 118 136 2 5585 8.00 0.00 0.00 1016 2 15
192 718 0.002999 1 185 200 2 8297 8.00 0.00 0.00 1388 2 16
192 718 0.002999 1 169 185 2 7245 8.00 0.00 0.00 1265 2 17
192 718 0.002999 1 250 294 3 8943 8.00 0.00 0.00 2037 2 18
192 718 0.001999 1 28 41 1 886 8.00 0.00 0.00 234 2 19
192 718 0.004999 1 216 246 3 9136 8.00 0.00 0.00 1658 2 20
264 1045 0.025996 1 2099 2362 14 110869 8.00 0.00 0.00 22235 3 1
264 1045 0.013997 1 928 1004 7 62960 8.00 0.00 0.00 10101 3 2
264 1045 0.010998 1 572 646 5 28575 8.00 0.00 0.00 6069 3 3
264 1045 0.016997 1 1166 1343 7 66299 8.00 0.00 0.00 12300 3 4
264 1045 0.019996 1 1529 1756 10 81045 8.00 0.00 0.00 16323 3 5
264 1045 0.044993 1 4093 4580 22 190050 8.00 0.00 0.00 40092 3 6
264 1045 0.095985 1 9170 10214 38 425124 8.00 0.00 0.00 85340 3 7
264 1045 0.033994 1 2819 3146 15 141127 8.00 0.00 0.00 29196 3 8
264 1045 0.028995 1 1816 1960 13 123239 8.00 0.00 0.00 20026 3 9
264 1045 0.008998 1 429 483 4 30457 8.00 0.00 0.00 5128 3 10
264 1045 0.007998 1 374 427 3 24514 8.00 0.00 0.00 4526 3 11
264 1045 0.041993 1 3117 3431 15 175047 8.00 0.00 0.00 31886 3 12
264 1045 0.006998 1 384 426 3 27356 8.00 0.00 0.00 4582 3 13
264 1045 0.086986 1 7737 8570 31 375498 8.00 0.00 0.00 75587 3 14
264 1045 0.043993 1 4182 4698 22 196000 8.00 0.00 0.00 42043 3 15
264 1045 0.024996 1 1965 2232 13 97807 8.00 0.00 0.00 20260 3 16
264 1045 0.026995 1 2004 2242 13 104723 8.00 0.00 0.00 21001 3 17
264 1045 0.024996 1 1683 1813 11 119386 8.00 0.00 0.00 17447 3 18
264 1045 0.053991 1 4419 4871 23 242153 8.00 0.00 0.00 44552 3 19
264 1045 0.118981 1 11701 13089 50 510584 8.00 0.00 0.00 109890 3 20
336 1372 0.112982 1 6837 7484 31 505387 8.00 0.00 0.00 72058 4 1
336 1372 0.185971 1 11588 12696 49 878511 8.00 0.00 0.00 122726 4 2
336 1372 0.036994 1 2621 2980 15 171982 8.00 0.00 0.00 29822 4 3
336 1372 0.113982 1 7125 7820 31 523237 8.00 0.00 0.00 77257 4 4
336 1372 0.045993 1 3145 3486 15 216185 8.00 0.00 0.00 34336 4 5
336 1372 0.048992 1 3209 3549 16 227672 8.00 0.00 0.00 34993 4 6
336 1372 0.017997 1 1034 1190 7 63440 8.00 0.00 0.00 11984 4 7
336 1372 0.030995 1 2069 2351 14 130770 8.00 0.00 0.00 23621 4 8
336 1372 0.037994 1 2718 3062 15 180237 8.00 0.00 0.00 30361 4 9
336 1372 0.081987 1 4987 5502 27 362288 8.00 0.00 0.00 53425 4 10
336 1372 0.072988 1 4664 5223 25 335313 8.00 0.00 0.00 52129 4 11
336 1372 0.005999 1 157 195 2 8109 8.00 0.00 0.00 2020 4 12
336 1372 0.131979 1 8183 8963 33 609233 8.00 0.00 0.00 88006 4 13
336 1372 0.177972 1 11509 12885 49 815919 8.00 0.00 0.00 124144 4 14
336 1372 0.161975 1 9808 10685 43 762587 8.00 0.00 0.00 102306 4 15
336 1372 0.152976 1 8948 9773 38 719550 8.00 0.00 0.00 93272 4 16
336 1372 0.094985 1 5840 6439 30 426226 8.00 0.00 0.00 63542 4 17
336 1372 0.023996 1 1485 1714 10 89069 8.00 0.00 0.00 17858 4 18
336 1372 0.005999 1 612 713 6 35968 8.00 0.00 0.00 7238 4 19
336 1372 0.016997 1 1013 1166 7 64825 8.00 0.00 0.00 11878 4 20
408 1699 0.142978 1 8903 10012 38 663826 8.00 0.00 0.00 104053 5 1
408 1699 0.029995 1 2056 2444 14 138013 8.00 0.00 0.00 27070 5 2
408 1699 0.103984 1 6645 7582 31 476685 8.00 0.00 0.00 80461 5 3
408 1699 0.05999 1 3159 3613 15 262649 8.00 0.00 0.00 46079 5 4
408 1699 0.011998 1 284 371 3 26815 8.00 0.00 0.00 4917 5 5
408 1699 0.115982 1 6879 7671 31 546738 8.00 0.00 0.00 78019 5 6
408 1699 0.095985 1 6202 7123 30 433327 8.00 0.00 0.00 73660 5 7
408 1699 0.022996 1 1407 1725 10 88497 8.00 0.00 0.00 18246 5 8
408 1699 0.149977 1 8398 9432 34 694698 8.00 0.00 0.00 93048 5 9
408 1699 0.172973 1 10084 11315 45 775494 8.00 0.00 0.00 118525 5 10
408 1699 0.137979 1 8239 9344 34 643093 8.00 0.00 0.00 94138 5 11
408 1699 0.007998 1 390 493 3 24912 8.00 0.00 0.00 5264 5 12
408 1699 0.120981 1 7320 8257 31 563972 8.00 0.00 0.00 83123 5 13
408 1699 0.181972 1 11382 12589 48 851136 8.00 0.00 0.00 136843 5 14
408 1699 0.115982 1 7347 8252 31 522222 8.00 0.00 0.00 88781 5 15
408 1699 0.221966 1 13054 14564 59 1024750 8.00 0.00 0.00 151519 5 16
408 1699 0.241963 1 13423 14634 60 1126664 8.00 0.00 0.00 154982 5 17
408 1699 0.186971 1 10772 12140 46 881760 8.00 0.00 0.00 117344 5 18
408 1699 0.087986 1 5090 5894 28 384018 8.00 0.00 0.00 59327 5 19
408 1699 0.029995 1 1995 2415 13 128406 8.00 0.00 0.00 24110 5 20
480 2026 1.22981 1 61819 66938 190 5732368 8.00 0.00 0.00 837980 6 1
480 2026 0.367944 1 17020 18951 63 1812236 8.00 0.00 0.00 268184 6 2
480 2026 0.886865 1 41444 44788 127 4285082 8.00 0.00 0.00 617448 6 3
480 2026 0.088986 1 2994 3406 15 443582 8.00 0.00 0.00 56912 6 4
480 2026 0.843871 1 41596 44966 127 3936620 8.00 0.00 0.00 588474 6 5
480 2026 2.66959 1 140708 152211 381 11842668 8.00 0.00 0.00 1809099 6 6
480 2026 0.136979 1 6585 7580 31 671129 8.00 0.00 0.00 109660 6 7
480 2026 0.737887 1 35277 38823 125 3530850 8.00 0.00 0.00 529696 6 8
480 2026 1.07084 1 56765 62515 179 4883968 8.00 0.00 0.00 771653 6 9
480 2026 1.48077 1 74267 81273 235 6805984 8.00 0.00 0.00 1033320 6 10
480 2026 0.878866 1 35476 38609 126 4411071 8.00 0.00 0.00 565923 6 11
480 2026 0.380942 1 15091 16832 62 1960238 8.00 0.00 0.00 260123 6 12
480 2026 1.14283 1 49086 53268 149 5430480 8.00 0.00 0.00 723815 6 13
480 2026 0.267959 1 12860 14618 57 1305766 8.00 0.00 0.00 199438 6 14
480 2026 0.337948 1 11589 12834 49 1782065 8.00 0.00 0.00 222223 6 15
480 2026 2.26365 1 121296 131875 318 9950298 8.00 0.00 0.00 1543389 6 16
480 2026 0.644901 1 31574 34701 116 3095880 8.00 0.00 0.00 455360 6 17
480 2026 0.255961 1 8631 9550 37 1329200 8.00 0.00 0.00 157846 6 18
480 2026 0.385941 1 22308 24546 78 1756023 8.00 0.00 0.00 299016 6 19
480 2026 1.14783 1 61753 67651 190 5169158 8.00 0.00 0.00 834861 6 20
552 2353 3.75843 1 117068 125372 317 18778850 8.00 0.00 0.00 1932259 7 1
552 2353 8.16576 1 383137 417659 920 34488548 8.00 0.00 0.00 5054828 7 2
552 2353 0.143978 1 4534 5301 24 737120 8.00 0.00 0.00 87461 7 3
552 2353 0.242963 1 7531 8587 31 1283233 8.00 0.00 0.00 143971 7 4
552 2353 0.19397 1 6042 6959 30 1012004 8.00 0.00 0.00 116328 7 5
552 2353 0.496924 1 14816 16526 62 2656637 8.00 0.00 0.00 284425 7 6
552 2353 3.85041 1 147627 160581 384 18215637 8.00 0.00 0.00 2257701 7 7
552 2353 0.254961 1 7596 8683 31 1358076 8.00 0.00 0.00 141609 7 8
552 2353 0.661899 1 24903 27705 93 3255344 8.00 0.00 0.00 413338 7 9
552 2353 1.24781 1 54829 60682 171 5859576 8.00 0.00 0.00 845437 7 10
552 2353 0.05999 1 1941 2428 13 310719 8.00 0.00 0.00 36584 7 11
552 2353 2.29865 1 62218 67250 190 12004854 8.00 0.00 0.00 1174603 7 12
552 2353 1.02784 1 29320 32031 108 5415666 8.00 0.00 0.00 556429 7 13
552 2353 4.07738 1 164915 178562 445 18997281 8.00 0.00 0.00 2449152 7 14
552 2353 1.43178 1 40005 43453 127 7590201 8.00 0.00 0.00 745138 7 15
552 2353 0.318951 1 9739 11153 43 1677390 8.00 0.00 0.00 184385 7 16
552 2353 0.492925 1 14527 16105 62 2647717 8.00 0.00 0.00 281799 7 17
552 2353 0.366944 1 10920 12352 46 1918664 8.00 0.00 0.00 212141 7 18
552 2353 0.511922 1 14768 16376 62 2705438 8.00 0.00 0.00 287487 7 19
552 2353 0.694894 1 21297 23561 77 3678053 8.00 0.00 0.00 389311 7 20
624 2680 0.846871 1 21379 23641 77 4515702 8.00 0.00 0.00 401176 8 1
624 2680 6.554 1 166202 179988 445 33208737 8.00 0.00 0.00 2922279 8 2
624 2680 0.251961 1 7059 8244 31 1327942 8.00 0.00 0.00 137283 8 3
624 2680 14.4108 1 320241 340597 765 72662439 8.00 0.00 0.00 5509945 8 4
624 2680 3.80242 1 90704 97866 255 19989035 8.00 0.00 0.00 1632145 8 5
624 2680 5.66814 1 132740 142980 364 29066222 8.00 0.00 0.00 2491878 8 6
624 2680 1.49177 1 36930 40676 126 7806132 8.00 0.00 0.00 704452 8 7
624 2680 0.574912 1 15276 17418 62 3051898 8.00 0.00 0.00 305124 8 8
624 2680 1.86772 1 45174 49255 130 9781415 8.00 0.00 0.00 830080 8 9
624 2680 3.39848 1 80660 87573 253 17625114 8.00 0.00 0.00 1511057 8 10
624 2680 0.833873 1 21465 24010 77 4354070 8.00 0.00 0.00 411271 8 11
624 2680 3.64745 1 86681 93997 254 18755666 8.00 0.00 0.00 1637859 8 12
624 2680 0.285956 1 7978 9231 31 1473899 8.00 0.00 0.00 149118 8 13
624 2680 3.07753 1 73721 80739 231 15736947 8.00 0.00 0.00 1413576 8 14
624 2680 0.352946 1 9827 11357 44 1861866 8.00 0.00 0.00 185516 8 15
624 2680 0.153976 1 4377 5121 22 796763 8.00 0.00 0.00 86486 8 16
624 2680 2.86256 1 69762 76634 220 14664846 8.00 0.00 0.00 1344597 8 17
624 2680 5.67214 1 129324 138470 349 29279419 8.00 0.00 0.00 2420719 8 18
624 2680 0.709892 1 18492 20580 63 3761189 8.00 0.00 0.00 352119 8 19
624 2680 9.44056 1 215452 231035 511 47699554 8.00 0.00 0.00 3802356 8 20
696 3007 2.02369 1 44592 49097 127 10587757 8.00 0.00 0.00 842886 9 1
696 3007 0.300954 1 8075 9665 32 1611533 8.00 0.00 0.00 155176 9 2
696 3007 11.3403 1 233230 251264 526 58139003 8.00 0.00 0.00 4024900 9 3
696 3007 1.56976 1 35483 39705 126 8170709 8.00 0.00 0.00 666220 9 4
696 3007 8.49171 1 175938 191132 484 43375397 8.00 0.00 0.00 3217144 9 5
696 3007 5.06623 1 108004 118557 284 25524475 8.00 0.00 0.00 2058181 9 6
696 3007 0.352946 1 9344 11169 40 1859992 8.00 0.00 0.00 180992 9 7
696 3007 4.24535 1 90495 98613 255 22114950 8.00 0.00 0.00 1650810 9 8
696 3007 1.41078 1 33406 37989 124 7305073 8.00 0.00 0.00 650284 9 9
696 3007 1.52977 1 34991 39283 125 8015364 8.00 0.00 0.00 659023 9 10
696 3007 10.0735 1 206665 222860 511 51350608 8.00 0.00 0.00 3748957 9 11
696 3007 5.56315 1 117862 128489 317 28787381 8.00 0.00 0.00 2146761 9 12
696 3007 1.08583 1 26126 29568 94 5692562 8.00 0.00 0.00 498986 9 13
696 3007 0.308953 1 7565 8957 31 1627308 8.00 0.00 0.00 141947 9 14
696 3007 1.06784 1 25444 29081 93 5577282 8.00 0.00 0.00 492043 9 15
696 3007 3.2685 1 71551 79197 221 16932212 8.00 0.00 0.00 1377031 9 16
696 3007 0.715891 1 18267 20912 63 3761925 8.00 0.00 0.00 329037 9 17
696 3007 4.81327 1 109083 122436 286 24511323 8.00 0.00 0.00 2039219 9 18
696 3007 9.8625 1 203367 219263 510 50710638 8.00 0.00 0.00 3567867 9 19
696 3007 0.007998 1 122 199 2 11493 8.00 0.00 0.00 1732 9 20
768 3334 2.01469 1 41986 46705 127 10573728 8.00 0.00 0.00 776243 10 1
768 3334 0.303953 1 7393 8688 31 1655736 8.00 0.00 0.00 140347 10 2
768 3334 0.45893 1 10572 12328 46 2366656 8.00 0.00 0.00 196759 10 3
768 3334 0.687895 1 15880 18525 62 3646858 8.00 0.00 0.00 310036 10 4
768 3334 1.60376 1 34789 39823 125 8483580 8.00 0.00 0.00 649549 10 5
768 3334 4.91925 1 98946 108278 255 25819804 8.00 0.00 0.00 1745578 10 6
768 3334 1.34679 1 29470 33354 108 7125128 8.00 0.00 0.00 550110 10 7
768 3334 2.15067 1 46414 52307 137 11307963 8.00 0.00 0.00 885463 10 8
768 3334 1.62675 1 35053 39415 125 8626765 8.00 0.00 0.00 659648 10 9
768 3334 1.40679 1 30143 34332 109 7354860 8.00 0.00 0.00 558990 10 10
768 3334 1.52377 1 32656 37006 123 7969058 8.00 0.00 0.00 619238 10 11
768 3334 6.609 1 131186 144199 358 33887775 8.00 0.00 0.00 2407366 10 12
768 3334 2.12768 1 44001 48948 127 11008966 8.00 0.00 0.00 830589 10 13
768 3334 0.714891 1 15966 18608 62 3735024 8.00 0.00 0.00 301400 10 14
768 3334 0.675897 1 15610 18230 62 3567563 8.00 0.00 0.00 299651 10 15
768 3334 2.80857 1 58427 65595 187 14693126 8.00 0.00 0.00 1076882 10 16
768 3334 0.816875 1 18277 21184 63 4350911 8.00 0.00 0.00 345102 10 17
768 3334 0.536918 1 12656 14903 56 2843749 8.00 0.00 0.00 246551 10 18
768 3334 1.06884 1 24059 27648 89 5571230 8.00 0.00 0.00 466535 10 19
768 3334 0.051992 1 1449 1792 10 268789 8.00 0.00 0.00 27447 10 20
840 3661 1.9427 1 38071 43162 126 10171333 8.00 0.00 0.00 711243 11 1
840 3661 1.65975 1 32977 37930 124 8710096 8.00 0.00 0.00 619561 11 2
840 3661 8.18576 1 143875 157223 382 41756544 8.00 0.00 0.00 2526165 11 3
840 3661 2.12168 1 43967 50261 127 11017199 8.00 0.00 0.00 813935 11 4
840 3661 4.20436 1 80108 88981 252 21667597 8.00 0.00 0.00 1473453 11 5
840 3661 11.1793 1 197000 214911 510 56756305 8.00 0.00 0.00 3394951 11 6
840 3661 2.10268 1 40395 45190 127 11008920 8.00 0.00 0.00 729615 11 7
840 3661 0.367944 1 8302 9935 34 1967255 8.00 0.00 0.00 154489 11 8
840 3661 1.13383 1 23930 27861 88 5983051 8.00 0.00 0.00 442907 11 9
840 3661 11.5552 1 200505 217309 510 58406582 8.00 0.00 0.00 3482953 11 10
840 3661 0.241963 1 5577 6808 29 1273378 8.00 0.00 0.00 106207 11 11
840 3661 5.30019 1 97743 107977 255 27282467 8.00 0.00 0.00 1766994 11 12
840 3661 9.69553 1 170944 186173 467 49335196 8.00 0.00 0.00 2977781 11 13
840 3661 2.19567 1 42585 47683 127 11625537 8.00 0.00 0.00 766663 11 14
840 3661 0.741887 1 15395 17719 62 3953987 8.00 0.00 0.00 284815 11 15
840 3661 6.64499 1 119262 130449 318 34495381 8.00 0.00 0.00 2123914 11 16
840 3661 5.21621 1 96157 106520 255 26857223 8.00 0.00 0.00 1755703 11 17
840 3661 15.1507 1 263407 286851 634 76031298 8.00 0.00 0.00 4564968 11 18
840 3661 5.09123 1 91139 99953 255 26295412 8.00 0.00 0.00 1642389 11 19
840 3661 16.4995 1 280998 304258 667 82016395 8.00 0.00 0.00 4844380 11 20
912 3988 0.410937 1 8405 9958 34 2187400 8.00 0.00 0.00 164561 12 1
912 3988 13.7129 1 218626 237874 511 69603558 8.00 0.00 0.00 3582842 12 2
912 3988 0.249962 1 5665 7142 30 1331906 8.00 0.00 0.00 107026 12 3
912 3988 0.19297 1 4415 5520 23 1031080 8.00 0.00 0.00 81080 12 4
912 3988 0.080987 1 1667 2122 11 419622 8.00 0.00 0.00 30820 12 5
912 3988 0.264959 1 5506 6697 29 1403750 8.00 0.00 0.00 107574 12 6
912 3988 0.976851 1 19447 22618 66 5197669 8.00 0.00 0.00 356742 12 7
912 3988 4.6243 1 79149 88633 252 23663345 8.00 0.00 0.00 1431408 12 8
912 3988 2.09468 1 38693 44458 127 10878045 8.00 0.00 0.00 727873 12 9
912 3988 3.42448 1 60615 68386 189 17693330 8.00 0.00 0.00 1100228 12 10
912 3988 0.13098 1 2983 3781 15 685661 8.00 0.00 0.00 56506 12 11
912 3988 10.0345 1 164145 180928 445 50940772 8.00 0.00 0.00 2910393 12 12
912 3988 13.9129 1 224864 244920 511 70527883 8.00 0.00 0.00 3803186 12 13
912 3988 0.053991 1 1079 1348 7 272739 8.00 0.00 0.01 20163 12 14
912 3988 0.683896 1 13290 15805 60 3637441 8.00 0.00 0.00 241936 12 15
912 3988 0.287956 1 6084 7344 30 1498902 8.00 0.00 0.00 116663 12 16
912 3988 5.45517 1 92030 102217 255 27874025 8.00 0.00 0.00 1686170 12 17
912 3988 1.17782 1 22185 25699 78 6179623 8.00 0.00 0.00 410372 12 18
912 3988 0.659899 1 13274 15928 60 3528248 8.00 0.00 0.00 253802 12 19
912 3988 0.749886 1 14739 17408 62 3927865 8.00 0.00 0.00 278599 12 20
984 4315 3.69944 1 61619 69845 190 19255340 8.00 0.00 0.00 1125009 13 1
984 4315 0.434933 1 8296 9874 34 2344249 8.00 0.00 0.00 159530 13 2
984 4315 1.61475 1 29227 34279 107 8521346 8.00 0.00 0.01 547599 13 3
984 4315 5.60715 1 90687 101137 255 28889779 8.00 0.00 0.00 1575144 13 4
984 4315 0.842871 1 15590 18428 62 4470466 8.00 0.00 0.00 300428 13 5
984 4315 9.94949 1 152382 168920 409 50278790 8.00 0.00 0.00 2793950 13 6
984 4315 3.77543 1 63001 71339 190 19563910 8.00 0.00 0.00 1167198 13 7
984 4315 0.555915 1 10189 12001 45 2868389 8.00 0.00 0.00 200338 13 8
984 4315 4.97924 1 81243 91384 253 25651814 8.00 0.00 0.00 1482518 13 9
984 4315 2.82457 1 48499 54913 146 14669796 8.00 0.00 0.00 871682 13 10
984 4315 8.12876 1 127586 141373 348 40841696 8.00 0.00 0.00 2309673 13 11
984 4315 16.6035 1 248876 272146 574 83637949 8.00 0.00 0.01 4302808 13 12
984 4315 1.34679 1 23995 27839 88 7159506 8.00 0.00 0.00 442534 13 13
984 4315 1.77673 1 31417 36462 116 9326600 8.00 0.00 0.00 586946 13 14
984 4315 1.27781 1 22929 26835 82 6728382 8.00 0.00 0.00 443069 13 15
984 4315 15.7326 1 239728 262605 549 78747019 8.00 0.00 0.00 3953026 13 16
984 4315 2.70759 1 45229 51441 130 13905811 8.00 0.00 0.00 829728 13 17
984 4315 6.74097 1 105549 117183 270 34571251 8.00 0.00 0.01 1929049 13 18
984 4315 9.33658 1 141559 156730 382 47486614 8.00 0.00 0.00 2498922 13 19
984 4315 0.429934 1 7883 9502 31 2331542 8.00 0.00 0.01 148468 13 20
1056 4642 1.92171 1 30433 35272 109 10067416 8.00 0.00 0.00 571880 14 1
1056 4642 23.9134 1 322730 352822 766 117425288 8.00 0.00 0.00 5674803 14 2
1056 4642 0.309952 1 5668 7129 30 1614372 8.00 0.00 0.00 112203 14 3
1056 4642 6.61699 1 97990 109705 255 33723061 8.00 0.00 0.00 1731592 14 4
1056 4642 0.51992 1 8959 10746 38 2777193 8.00 0.00 0.00 174073 14 5
1056 4642 2.05469 1 33155 38024 124 10733690 8.00 0.00 0.00 626388 14 6
1056 4642 2.25066 1 35226 40466 125 11832353 8.00 0.00 0.00 642114 14 7
1056 4642 2.91156 1 46478 52744 137 15170070 8.00 0.00 0.00 833241 14 8
1056 4642 3.07053 1 46696 53128 140 16096647 8.00 0.00 0.00 857974 14 9
1056 4642 8.17976 1 120438 134343 318 41490374 8.00 0.00 0.01 2180235 14 10
1056 4642 5.2242 1 80029 89579 252 26924481 8.00 0.00 0.00 1435706 14 11
1056 4642 0.046992 1 796 1003 6 232727 8.00 0.00 0.00 13830 14 12
1056 4642 1.68474 1 26932 31317 94 8899809 8.00 0.00 0.00 493841 14 13
1056 4642 10.6774 1 150336 165871 397 53935205 8.00 0.00 0.00 2582450 14 14
1056 4642 0.047992 1 738 916 6 228323 8.00 0.00 0.00 12745 14 15
1056 4642 6.49901 1 96185 107376 255 33232138 8.00 0.00 0.00 1728747 14 16
1056 4642 0.706892 1 12144 14452 53 3714290 8.00 0.00 0.00 240125 14 17
1056 4642 3.86541 1 59968 67704 189 19968057 8.00 0.00 0.00 1117869 14 18
1056 4642 1.14682 1 19357 22907 65 6080515 8.00 0.00 0.00 363674 14 19
1056 4642 15.9026 1 225450 248650 511 78219516 8.00 0.00 0.00 3868030 14 20
1128 4969 1.19782 1 18039 20710 63 6298110 8.00 0.00 0.00 332216 15 1
1128 4969 0.658899 1 10768 12952 46 3462593 8.00 0.00 0.01 206279 15 2
1128 4969 2.73258 1 38310 43602 126 14068820 8.00 0.00 0.01 703102 15 3
1128 4969 8.49871 1 112227 124523 297 43332259 8.00 0.00 0.00 1972270 15 4
1128 4969 8.5347 1 112552 124954 299 43060686 8.00 0.00 0.00 1963775 15 5
1128 4969 8.07877 1 107419 119633 281 40733183 8.00 0.00 0.00 1863991 15 6
1128 4969 0.575912 1 9500 11585 41 3064986 8.00 0.00 0.00 184566 15 7
1128 4969 9.60954 1 126813 140653 346 48569519 8.00 0.00 0.01 2215565 15 8
1128 4969 8.62169 1 114319 126787 306 43265371 8.00 0.00 0.00 1995805 15 9
1128 4969 14.8307 1 194377 215114 510 74286234 8.00 0.00 0.00 3370806 15 10
1128 4969 2.21766 1 33996 39420 125 11652484 8.00 0.00 0.00 645812 15 11
1128 4969 6.79497 1 91094 101644 255 35076624 8.00 0.00 0.00 1606768 15 12
1128 4969 8.24075 1 110256 122424 286 41844595 8.00 0.00 0.00 1942189 15 13
1128 4969 2.20167 1 31991 36718 119 11620109 8.00 0.00 0.00 577922 15 14
1128 4969 1.49577 1 23399 27302 85 7974278 8.00 0.00 0.00 426892 15 15
1128 4969 0.543917 1 9346 11127 40 2890372 8.00 0.00 0.00 176882 15 16
1128 4969 0.022996 1 344 463 3 109256 8.00 0.00 0.00 6571 15 17
1128 4969 0.516921 1 8385 10068 34 2771261 8.00 0.00 0.00 169316 15 18
1128 4969 24.7032 1 309757 337460 763 121283706 8.00 0.00 0.00 5298364 15 19
1128 4969 4.51331 1 64187 72026 191 23288825 8.00 0.00 0.00 1159981 15 20
1200 5296 4.98324 1 64587 73111 194 25761022 8.00 0.00 0.00 1150794 16 1
1200 5296 3.72543 1 49265 56226 149 19174615 8.00 0.00 0.00 883182 16 2
1200 5296 14.6718 1 174175 192528 476 73559906 8.00 0.00 0.01 3070928 16 3
1200 5296 0.073988 1 1224 1582 8 394809 8.00 0.00 0.00 24391 16 4
1200 5296 1.57676 1 21869 25510 78 8355263 8.00 0.00 0.00 406288 16 5
1200 5296 0.51992 1 8229 9743 34 2829296 8.00 0.00 0.00 155912 16 6
1200 5296 1.80373 1 25402 29342 93 9422971 8.00 0.00 0.00 471511 16 7
1200 5296 0.036994 1 583 806 5 182306 8.00 0.00 0.00 11482 16 8
1200 5296 9.46456 1 115252 128001 311 48044101 8.00 0.00 0.00 2008780 16 9
1200 5296 9.45956 1 117854 131632 317 47848316 8.00 0.00 0.00 2078354 16 10
1200 5296 9.70053 1 119693 133856 318 48623172 8.00 0.00 0.00 2122799 16 11
1200 5296 22.9775 1 260033 284556 619 115161302 8.00 0.00 0.00 4326469 16 12
1200 5296 0.759884 1 11392 13829 48 4026031 8.00 0.00 0.00 214396 16 13
1200 5296 4.64429 1 60665 68995 189 23696764 8.00 0.00 0.00 1094985 16 14
1200 5296 19.983 1 235721 259697 538 98856073 8.00 0.00 0.01 4018691 16 15
1200 5296 12.1012 1 143340 158112 382 60282507 8.00 0.00 0.00 2561879 16 16
1200 5296 6.95494 1 91229 102653 255 35360671 8.00 0.00 0.00 1610537 16 17
1200 5296 2.48062 1 34758 40004 125 13157340 8.00 0.00 0.01 651469 16 18
1200 5296 3.78642 1 50274 56980 156 19700542 8.00 0.00 0.01 918981 16 19
1200 5296 9.2036 1 113580 125573 301 46776309 8.00 0.00 0.00 1945283 16 20
1272 5623 0.430934 1 6272 7508 30 2279609 8.00 0.00 0.01 118120 17 1
1272 5623 4.97024 1 60628 68211 189 25714277 8.00 0.00 0.01 1097505 17 2
1272 5623 0.043993 1 733 993 6 209244 8.00 0.00 0.00 13914 17 3
1272 5623 1.69374 1 22140 26292 78 8886082 8.00 0.00 0.00 419734 17 4
1272 5623 0.26296 1 3898 4875 21 1418014 8.00 0.00 0.00 75254 17 5
1272 5623 2.37964 1 30912 36221 113 12367852 8.00 0.00 0.00 591912 17 6
1272 5623 3.24851 1 41155 47170 127 16910050 8.00 0.00 0.00 758500 17 7
1272 5623 4.5813 1 56266 63887 175 23732989 8.00 0.00 0.00 1028358 17 8
1272 5623 8.13676 1 97092 108213 255 41643964 8.00 0.00 0.00 1707398 17 9
1272 5623 2.34764 1 30457 35221 109 12419080 8.00 0.00 0.00 575042 17 10
1272 5623 15.4457 1 176040 195522 485 76547905 8.00 0.00 0.01 3018860 17 11
1272 5623 11.6612 1 132503 146678 364 58746852 8.00 0.00 0.01 2287279 17 12
1272 5623 9.11461 1 106018 118398 273 45715258 8.00 0.00 0.01 1834575 17 13
1272 5623 0.042993 1 534 700 5 216706 8.00 0.00 0.00 10383 17 14
1272 5623 1.26181 1 17385 20488 63 6701371 8.00 0.00 0.01 332603 17 15
1272 5623 5.64214 1 67567 76751 208 28963882 8.00 0.00 0.01 1190072 17 16
1272 5623 9.31458 1 107904 120539 284 47440266 8.00 0.00 0.01 1923154 17 17
1272 5623 0.98585 1 13404 16006 60 5335981 8.00 0.00 0.00 253220 17 18
1272 5623 2.52462 1 33047 38593 124 13270492 8.00 0.00 0.01 649475 17 19
1272 5623 1.02084 1 14179 16933 61 5427128 8.00 0.00 0.01 266545 17 20
1344 5950 1.64775 1 20214 23694 70 8803134 8.00 0.00 0.00 379653 18 1
1344 5950 3.40048 1 40397 46239 127 17983648 8.00 0.00 0.00 716577 18 2
1344 5950 5.8861 1 67579 76444 208 30277742 8.00 0.00 0.00 1185878 18 3
1344 5950 7.44287 1 81435 91351 253 37470712 8.00 0.00 0.01 1448081 18 4
1344 5950 2.40563 1 28664 33237 104 12580438 8.00 0.00 0.01 538778 18 5
1344 5950 0.085986 1 1244 1528 8 446985 8.00 0.00 0.01 24155 18 6
1344 5950 2.72358 1 31992 36899 119 14217024 8.00 0.00 0.01 610961 18 7
1344 5950 0.330949 1 4697 5883 25 1734117 8.00 0.00 0.01 92745 18 8
1344 5950 7.75282 1 83591 94344 254 39660756 8.00 0.01 0.01 1521704 18 9
1344 5950 1.9977 1 24896 29042 93 10614837 8.00 0.00 0.00 460472 18 10
1344 5950 0.296954 1 4013 4949 22 1655373 8.00 0.00 0.00 78629 18 11
1344 5950 0.959854 1 12793 15278 56 5177657 8.00 0.01 0.00 242324 18 12
1344 5950 14.4088 1 148027 164120 387 72075096 8.00 0.00 0.01 2519596 18 13
1344 5950 2.94255 1 35684 41130 126 15493089 8.00 0.00 0.00 654139 18 14
1344 5950 2.14867 1 26197 30355 94 11476792 8.00 0.00 0.00 481975 18 15
1344 5950 3.55146 1 40497 46399 127 18508020 8.00 0.00 0.01 739206 18 16
1344 5950 5.47217 1 60869 68590 189 28079158 8.00 0.00 0.00 1123128 18 17
1344 5950 3.57146 1 42909 49197 127 18738484 8.00 0.00 0.01 780695 18 18
1344 5950 1.65675 1 20942 24496 74 8795968 8.00 0.00 0.01 393355 18 19
1344 5950 1.9957 1 25762 30365 94 10536176 8.00 0.01 0.00 484765 18 20
1416 6277 12.7191 1 123516 137566 330 64187102 9.00 0.00 0.00 2192613 19 1
1416 6277 1.3248 1 15587 18607 62 6989645 9.00 0.00 0.01 297013 19 2
1416 6277 2.27465 1 26910 31510 94 12087289 9.00 0.00 0.00 504708 19 3
1416 6277 3.2785 1 36911 42105 126 17265974 9.00 0.00 0.01 670065 19 4
1416 6277 1.85072 1 22592 26437 80 9943197 9.00 0.00 0.01 420742 19 5
1416 6277 0.627904 1 8018 9605 31 3413160 9.00 0.00 0.01 152704 19 6
1416 6277 9.8805 1 99286 110333 255 49952793 9.00 0.00 0.00 1767274 19 7
1416 6277 1.67874 1 19747 23155 68 8839904 9.00 0.00 0.00 366187 19 8
1416 6277 14.6928 1 143262 159550 382 72550608 9.00 0.00 0.00 2536163 19 9
1416 6277 5.44417 1 60034 68382 189 28365598 9.00 0.00 0.00 1076934 19 10
1416 6277 7.8988 1 82333 93217 253 40079613 9.00 0.00 0.00 1465706 19 11
1416 6277 6.75297 1 72158 81206 222 34496753 9.00 0.00 0.00 1282732 19 12
1416 6277 11.7412 1 117876 130860 317 59806466 9.00 0.00 0.01 2062792 19 13
1416 6277 11.9732 1 118543 131510 317 60866861 9.00 0.00 0.00 2055492 19 14
1416 6277 3.41448 1 38999 44721 127 17888885 9.00 0.00 0.01 701653 19 15
1416 6277 0.435933 1 6037 7387 30 2420467 9.00 0.00 0.01 115564 19 16
1416 6277 3.70444 1 41580 47546 127 19538853 9.00 0.00 0.00 744779 19 17
1416 6277 1.2858 1 16114 18849 63 7035725 9.00 0.00 0.01 302887 19 18
1416 6277 9.54055 1 100697 111645 255 49100052 9.00 0.00 0.00 1760776 19 19
1416 6277 4.01639 1 46152 52816 135 21438140 9.00 0.00 0.00 828064 19 20
1488 6604 5.46017 1 56690 64482 178 28650046 9.00 0.00 0.00 1030609 20 1
1488 6604 0.040993 1 501 683 4 193277 9.00 0.00 0.00 9231 20 2
1488 6604 0.780881 1 9554 11593 41 4377352 9.00 0.00 0.00 181623 20 3
1488 6604 1.39279 1 16320 19310 63 7598354 9.00 0.00 0.00 316815 20 4
1488 6604 0.958854 1 11008 13466 46 5036131 9.00 0.00 0.01 210991 20 5
1488 6604 20.024 1 183648 204329 508 100336390 9.00 0.00 0.00 3215821 20 6
1488 6604 2.79757 1 31477 36377 116 15095736 9.00 0.01 0.01 565621 20 7
1488 6604 4.03739 1 42630 48851 127 21243895 9.00 0.00 0.00 794230 20 8
1488 6604 0.171973 1 2238 2967 14 941418 9.00 0.00 0.01 43673 20 9
1488 6604 3.60445 1 38994 44300 127 19349006 9.00 0.00 0.00 696512 20 10
1488 6604 6.579 1 67921 77081 211 34507035 9.00 0.00 0.01 1255518 20 11
1488 6604 4.09138 1 42863 48853 127 21576453 9.00 0.00 0.01 779594 20 12
1488 6604 0.107983 1 1358 1723 9 594454 9.00 0.00 0.00 27393 20 13
1488 6604 0.436933 1 5565 6950 29 2376673 9.00 0.01 0.01 104571 20 14
1488 6604 5.47317 1 56796 64413 179 28593714 9.00 0.00 0.00 1010570 20 15
1488 6604 4.13737 1 43821 50460 127 21767562 9.00 0.00 0.00 795732 20 16
1488 6604 2.40763 1 26959 31278 94 13021687 9.00 0.00 0.00 481445 20 17
1488 6604 1.66075 1 19228 22211 63 9091300 9.00 0.00 0.00 355585 20 18
1488 6604 7.43687 1 72996 82151 228 38479620 9.00 0.00 0.01 1307636 20 19
1488 6604 0.644901 1 8040 9898 32 3608390 9.00 0.00 0.00 155463 20 20
