WARNING: for repeatability, setting FPU to use double precision
============================[ Problem Statistics ]=============================
|                                                                             |
|  Number of variables:          1408                                         |
|  Number of clauses:           18322                                         |
|  Parse time:                   0.01 s                                       |
|  Eliminated clauses:           0.01 Mb                                      |
|  Simplification time:          0.06 s                                       |
|                                                                             |
=============================[ Search Statistics ]==============================
| Conflicts  |          ORIGINAL         |          LEARNT          | Progress |
|            |    Vars  Clauses Literals |    Limit  Clauses Lit/Cl |          |
================================================================================
|        100 |     952    17138   105289 |     6283      100     13 | 11.932 % |
|        250 |     952    17138   105289 |     6912      250     13 | 11.932 % |
|        475 |     952    17138   105289 |     7603      475     13 | 11.932 % |
|        812 |     952    17138   105289 |     8363      812     13 | 11.932 % |
|       1318 |     952    17138   105289 |     9200     1318     13 | 11.932 % |
|       2077 |     952    17138   105289 |    10120     2077     13 | 11.932 % |
|       3216 |     952    17138   105289 |    11132     3216     15 | 11.932 % |
|       4924 |     952    17138   105289 |    12245     4924     14 | 11.932 % |
|       7486 |     952    17138   105289 |    13470     7486     15 | 11.932 % |
|      11330 |     952    17138   105289 |    14817    11330     15 | 11.932 % |
|      17096 |     952    17138   105289 |    16298     9545     14 | 11.932 % |
|      25745 |     952    17138   105289 |    17928     9943     15 | 11.932 % |
|      38719 |     952    17138   105289 |    19721    13719     15 | 11.932 % |
|      58180 |     952    17138   105289 |    21693    13236     14 | 11.932 % |
|      87372 |     952    17138   105289 |    23863    20247     14 | 11.932 % |
|     131161 |     952    17138   105289 |    26249    15304     14 | 11.932 % |
|     196845 |     952    17138   105289 |    28874    14428     15 | 11.932 % |
|     295371 |     952    17138   105289 |    31761    19511     14 | 11.932 % |
|     443160 |     952    17138   105289 |    34938    29968     15 | 11.932 % |
|     664843 |     952    17138   105289 |    38431    33027     15 | 11.932 % |
|     997368 |     952    17138   105289 |    42275    29682     16 | 11.932 % |
|    1496156 |     952    17138   105289 |    46502    19162     13 | 11.932 % |
|    2244338 |     952    17138   105289 |    51152    41235     16 | 11.932 % |
|    3366612 |     952    17138   105289 |    56268    38268     15 | 11.932 % |
|    5050023 |     952    17138   105289 |    61895    22670     21 | 11.932 % |
|    7575139 |     952    17138   105289 |    68084    34340     17 | 11.932 % |
|   11362814 |     952    17138   105289 |    74893    46737     19 | 11.932 % |
|   17044326 |     952    17138   105289 |    82382    46085     16 | 11.932 % |
|   25566595 |     952    17138   105289 |    90620    49070     15 | 11.932 % |
|   38349998 |     952    17138   105289 |    99682    49434     16 | 11.932 % |
|   57525103 |     952    17138   105289 |   109650    88353     17 | 11.932 % |
|   86287761 |     952    17138   105289 |   120615    40960     13 | 11.932 % |
|  129431749 |     952    17138   105289 |   132677    28745     17 | 11.932 % |
===============================================================================
restarts              : 192502
conflicts             : 154966809      (12847 /sec)
decisions             : 199233010      (0.00 % random) (16517 /sec)
propagations          : 5752058724     (476858 /sec)
conflict literals     : 2902716499     (9.57 % deleted)
Memory used           : 257.00 MB
CPU time              : 12062.4 s

SATISFIABLE
