WARNING: for repeatability, setting FPU to use double precision
============================[ Problem Statistics ]=============================
|                                                                             |
|  Number of variables:           688                                         |
|  Number of clauses:            8656                                         |
|  Parse time:                   0.01 s                                       |
|  Eliminated clauses:           0.01 Mb                                      |
|  Simplification time:          0.03 s                                       |
|                                                                             |
=============================[ Search Statistics ]==============================
| Conflicts  |          ORIGINAL         |          LEARNT          | Progress |
|            |    Vars  Clauses Literals |    Limit  Clauses Lit/Cl |          |
================================================================================
|        100 |     448     8048    49480 |     2950      100     13 | 13.954 % |
|        250 |     448     8048    49480 |     3246      250     14 | 13.954 % |
|        475 |     448     8048    49480 |     3570      475     15 | 13.954 % |
|        812 |     448     8048    49480 |     3927      812     15 | 13.954 % |
|       1318 |     448     8048    49480 |     4320     1318     15 | 13.954 % |
|       2077 |     448     8048    49480 |     4752     2077     15 | 13.954 % |
|       3216 |     448     8048    49480 |     5227     3216     15 | 13.954 % |
|       4924 |     448     8048    49480 |     5750     4924     14 | 13.954 % |
|       7486 |     448     8048    49480 |     6325     4509     14 | 13.954 % |
|      11330 |     448     8048    49480 |     6958     5128     14 | 13.954 % |
|      17096 |     448     8048    49480 |     7653     3713     14 | 13.954 % |
|      25745 |     448     8048    49480 |     8419     4553     14 | 13.954 % |
|      38719 |     448     8048    49480 |     9261     4609     14 | 13.954 % |
|      58180 |     448     8048    49480 |    10187     5258     14 | 13.954 % |
|      87372 |     448     8048    49480 |    11206     8531     14 | 13.954 % |
|     131161 |     448     8048    49480 |    12326     6896     15 | 13.954 % |
|     196845 |     448     8048    49480 |    13559    10083     16 | 13.954 % |
|     295371 |     448     8048    49480 |    14915    12416     15 | 13.954 % |
|     443160 |     448     8048    49480 |    16406     9299     14 | 13.954 % |
|     664843 |     448     8048    49480 |    18047    15419     15 | 13.954 % |
|     997368 |     448     8048    49480 |    19852    10685     15 | 13.954 % |
|    1496156 |     448     8048    49480 |    21837    18787     14 | 13.954 % |
|    2244338 |     448     8048    49480 |    24021    18672     18 | 13.954 % |
|    3366612 |     448     8048    49480 |    26423    15658     14 | 13.954 % |
|    5050023 |     448     8048    49480 |    29065    19772     16 | 13.954 % |
|    7575139 |     448     8048    49480 |    31972    24752     24 | 13.954 % |
|   11362814 |     448     8048    49480 |    35169    21331     16 | 13.954 % |
|   17044326 |     448     8048    49480 |    38686    19081     14 | 13.954 % |
|   25566595 |     448     8048    49480 |    42555    24850     15 | 13.954 % |
|   38349998 |     448     8048    49480 |    46810    32809     16 | 13.954 % |
|   57525103 |     448     8048    49480 |    51492    41056     19 | 13.954 % |
===============================================================================
restarts              : 81166
conflicts             : 62011747       (21262 /sec)
decisions             : 76557478       (0.00 % random) (26250 /sec)
propagations          : 1979193948     (678619 /sec)
conflict literals     : 1099904969     (9.72 % deleted)
Memory used           : 78.00 MB
CPU time              : 2916.5 s

SATISFIABLE
