WARNING: for repeatability, setting FPU to use double precision
============================[ Problem Statistics ]=============================
|                                                                             |
|  Number of variables:           688                                         |
|  Number of clauses:            8656                                         |
|  Parse time:                   0.01 s                                       |
|  Eliminated clauses:           0.01 Mb                                      |
|  Simplification time:          0.03 s                                       |
|                                                                             |
=============================[ Search Statistics ]==============================
| Conflicts  |          ORIGINAL         |          LEARNT          | Progress |
|            |    Vars  Clauses Literals |    Limit  Clauses Lit/Cl |          |
================================================================================
|        100 |     448     8048    49480 |     2950      100     14 | 13.954 % |
|        250 |     448     8048    49480 |     3246      250     13 | 13.954 % |
|        475 |     448     8048    49480 |     3570      475     14 | 13.954 % |
|        812 |     448     8048    49480 |     3927      812     13 | 13.954 % |
|       1318 |     448     8048    49480 |     4320     1318     14 | 13.954 % |
|       2077 |     448     8048    49480 |     4752     2077     14 | 13.954 % |
|       3216 |     448     8048    49480 |     5227     3216     15 | 13.954 % |
|       4924 |     448     8048    49480 |     5750     4924     15 | 13.954 % |
|       7486 |     448     8048    49480 |     6325     4436     15 | 13.954 % |
|      11330 |     448     8048    49480 |     6958     5039     15 | 13.954 % |
|      17096 |     448     8048    49480 |     7653     3662     16 | 13.954 % |
|      25745 |     448     8048    49480 |     8419     4446     15 | 13.954 % |
|      38719 |     448     8048    49480 |     9261     4545     15 | 13.954 % |
|      58180 |     448     8048    49480 |    10187     5167     14 | 13.954 % |
|      87372 |     448     8048    49480 |    11206     8414     15 | 13.954 % |
|     131161 |     448     8048    49480 |    12326     6687     14 | 13.954 % |
|     196845 |     448     8048    49480 |    13559     9928     15 | 13.954 % |
|     295371 |     448     8048    49480 |    14915    12246     15 | 13.954 % |
|     443160 |     448     8048    49480 |    16406     9001     17 | 13.954 % |
|     664843 |     448     8048    49480 |    18047    15206     17 | 13.954 % |
|     997368 |     448     8048    49480 |    19852    10302     13 | 13.954 % |
|    1496156 |     448     8048    49480 |    21837    18263     15 | 13.954 % |
|    2244338 |     448     8048    49480 |    24021    18108     16 | 13.954 % |
|    3366612 |     448     8048    49480 |    26423    13970     14 | 13.954 % |
|    5050023 |     448     8048    49480 |    29065    14271     15 | 13.954 % |
|    7575139 |     448     8048    49480 |    31972    16478     15 | 13.954 % |
|   11362814 |     448     8048    49480 |    35169    28648     19 | 13.954 % |
===============================================================================
restarts              : 20541
conflicts             : 13957315       (31616 /sec)
decisions             : 17953815       (0.00 % random) (40669 /sec)
propagations          : 351840067      (796989 /sec)
conflict literals     : 238068836      (8.24 % deleted)
Memory used           : 40.00 MB
CPU time              : 441.462 s

SATISFIABLE
