WARNING: for repeatability, setting FPU to use double precision
============================[ Problem Statistics ]=============================
|                                                                             |
|  Number of variables:          1248                                         |
|  Number of clauses:           16174                                         |
|  Parse time:                   0.01 s                                       |
|  Eliminated clauses:           0.01 Mb                                      |
|  Simplification time:          0.05 s                                       |
|                                                                             |
=============================[ Search Statistics ]==============================
| Conflicts  |          ORIGINAL         |          LEARNT          | Progress |
|            |    Vars  Clauses Literals |    Limit  Clauses Lit/Cl |          |
================================================================================
|        100 |     840    15118    92887 |     5543      100     12 | 12.180 % |
|        250 |     840    15118    92887 |     6097      250     13 | 12.180 % |
|        475 |     840    15118    92887 |     6707      475     13 | 12.180 % |
|        812 |     840    15118    92887 |     7378      812     14 | 12.180 % |
|       1318 |     840    15118    92887 |     8115     1318     14 | 12.180 % |
|       2077 |     840    15118    92887 |     8927     2077     14 | 12.180 % |
|       3216 |     840    15118    92887 |     9820     3216     14 | 12.180 % |
|       4924 |     840    15118    92887 |    10802     4924     14 | 12.180 % |
|       7486 |     840    15118    92887 |    11882     7486     15 | 12.180 % |
|      11330 |     840    15118    92887 |    13070    11330     15 | 12.180 % |
|      17096 |     840    15118    92887 |    14377    10475     15 | 12.180 % |
|      25745 |     840    15118    92887 |    15815    11819     15 | 12.180 % |
|      38719 |     840    15118    92887 |    17397     8699     16 | 12.180 % |
|      58180 |     840    15118    92887 |    19136    10371     14 | 12.180 % |
|      87372 |     840    15118    92887 |    21050    10291     15 | 12.180 % |
|     131161 |     840    15118    92887 |    23155    11453     14 | 12.180 % |
|     196845 |     840    15118    92887 |    25471    18399     16 | 12.180 % |
|     295371 |     840    15118    92887 |    28018    24703     15 | 12.180 % |
|     443160 |     840    15118    92887 |    30820    26617     17 | 12.180 % |
|     664843 |     840    15118    92887 |    33902    14991     14 | 12.180 % |
|     997368 |     840    15118    92887 |    37292    33616     17 | 12.180 % |
|    1496156 |     840    15118    92887 |    41021    37343     15 | 12.180 % |
|    2244338 |     840    15118    92887 |    45123    32038     18 | 12.180 % |
|    3366612 |     840    15118    92887 |    49636    27094     14 | 12.180 % |
|    5050023 |     840    15118    92887 |    54599    24866     14 | 12.180 % |
|    7575139 |     840    15118    92887 |    60059    33275     25 | 12.180 % |
|   11362814 |     840    15118    92887 |    66065    36589     17 | 12.180 % |
|   17044326 |     840    15118    92887 |    72672    47005     16 | 12.180 % |
|   25566595 |     840    15118    92887 |    79939    26761     13 | 12.180 % |
|   38349998 |     840    15118    92887 |    87933    35401     16 | 12.180 % |
|   57525103 |     840    15118    92887 |    96726    74298     20 | 12.180 % |
|   86287761 |     840    15118    92887 |   106399    76082     15 | 12.180 % |
|  129431749 |     840    15118    92887 |   117039   104540     19 | 12.180 % |
===============================================================================
restarts              : 218470
conflicts             : 178558785      (13642 /sec)
decisions             : 226333661      (0.00 % random) (17292 /sec)
propagations          : 6593650208     (503761 /sec)
conflict literals     : 3344928044     (9.39 % deleted)
Memory used           : 248.00 MB
CPU time              : 13088.9 s

SATISFIABLE
