WARNING: for repeatability, setting FPU to use double precision
============================[ Problem Statistics ]=============================
|                                                                             |
|  Number of variables:          1328                                         |
|  Number of clauses:           17248                                         |
|  Parse time:                   0.01 s                                       |
|  Eliminated clauses:           0.01 Mb                                      |
|  Simplification time:          0.06 s                                       |
|                                                                             |
=============================[ Search Statistics ]==============================
| Conflicts  |          ORIGINAL         |          LEARNT          | Progress |
|            |    Vars  Clauses Literals |    Limit  Clauses Lit/Cl |          |
================================================================================
|        100 |     896    16128    99088 |     5913      100     14 | 12.048 % |
|        250 |     896    16128    99088 |     6504      250     13 | 12.048 % |
|        475 |     896    16128    99088 |     7155      475     14 | 12.048 % |
|        812 |     896    16128    99088 |     7871      812     15 | 12.048 % |
|       1318 |     896    16128    99088 |     8658     1318     15 | 12.048 % |
|       2077 |     896    16128    99088 |     9523     2077     14 | 12.048 % |
|       3216 |     896    16128    99088 |    10476     3216     15 | 12.048 % |
|       4924 |     896    16128    99088 |    11523     4924     15 | 12.048 % |
|       7486 |     896    16128    99088 |    12676     7486     15 | 12.048 % |
|      11330 |     896    16128    99088 |    13943    11330     15 | 12.048 % |
|      17096 |     896    16128    99088 |    15338     9983     14 | 12.048 % |
|      25745 |     896    16128    99088 |    16872    10862     14 | 12.048 % |
|      38719 |     896    16128    99088 |    18559    15239     15 | 12.048 % |
|      58180 |     896    16128    99088 |    20415    15898     14 | 12.048 % |
|      87372 |     896    16128    99088 |    22456    14032     15 | 12.048 % |
|     131161 |     896    16128    99088 |    24702    12427     14 | 12.048 % |
|     196845 |     896    16128    99088 |    27172    15406     15 | 12.048 % |
|     295371 |     896    16128    99088 |    29890    24980     16 | 12.048 % |
|     443160 |     896    16128    99088 |    32879    25342     15 | 12.048 % |
|     664843 |     896    16128    99088 |    36167    17461     15 | 12.048 % |
|     997368 |     896    16128    99088 |    39783    21243     20 | 12.048 % |
|    1496156 |     896    16128    99088 |    43762    24230     14 | 12.048 % |
|    2244338 |     896    16128    99088 |    48138    28987     18 | 12.048 % |
|    3366612 |     896    16128    99088 |    52952    26975     15 | 12.048 % |
|    5050023 |     896    16128    99088 |    58247    42316     18 | 12.048 % |
|    7575139 |     896    16128    99088 |    64072    30154     16 | 12.048 % |
|   11362814 |     896    16128    99088 |    70479    32295     16 | 12.048 % |
|   17044326 |     896    16128    99088 |    77527    50172     16 | 12.048 % |
|   25566595 |     896    16128    99088 |    85279    34764     16 | 12.048 % |
|   38349998 |     896    16128    99088 |    93807    83680     23 | 12.048 % |
|   57525103 |     896    16128    99088 |   103188    45599     18 | 12.048 % |
|   86287761 |     896    16128    99088 |   113507    53035     15 | 12.048 % |
|  129431749 |     896    16128    99088 |   124858    90687     17 | 12.048 % |
|  194147731 |     896    16128    99088 |   137344    93914     17 | 12.048 % |
===============================================================================
restarts              : 330746
conflicts             : 290133757      (11234 /sec)
decisions             : 363953372      (0.00 % random) (14093 /sec)
propagations          : 11617067670    (449822 /sec)
conflict literals     : 5518238897     (9.96 % deleted)
Memory used           : 338.00 MB
CPU time              : 25825.9 s

SATISFIABLE
