rn rc t sat cfs dec rts r1 mem ptime stime cfl r s
200 981 0.001999 1 6 18 1 622 8.00 0.00 0.00 33 1 1
200 981 0.001999 1 0 9 1 163 8.00 0.00 0.00 0 1 2
200 981 0.002999 1 7 18 1 548 8.00 0.00 0.00 57 1 3
200 981 0.001999 1 31 42 1 1822 8.00 0.00 0.00 174 1 4
200 981 0.001999 1 27 42 1 1777 8.00 0.00 0.00 113 1 5
200 981 0.000999 1 25 40 1 1559 8.00 0.00 0.00 202 1 6
200 981 0.002999 1 19 36 1 1101 8.00 0.00 0.00 185 1 7
200 981 0.002999 1 9 15 1 815 8.00 0.00 0.00 54 1 8
200 981 0.000999 1 0 9 1 163 8.00 0.00 0.00 0 1 9
200 981 0.001999 1 27 39 1 1875 8.00 0.00 0.00 149 1 10
200 981 0.002999 1 3 9 1 409 8.00 0.00 0.00 22 1 11
200 981 0.001999 1 1 9 1 239 8.00 0.00 0.00 9 1 12
200 981 0.003999 1 45 65 1 1944 8.00 0.00 0.00 464 1 13
200 981 0.002999 1 43 69 1 1999 8.00 0.00 0.00 375 1 14
200 981 0.002999 1 19 35 1 1277 8.00 0.00 0.00 89 1 15
200 981 0.004999 1 47 58 1 2367 8.00 0.00 0.00 521 1 16
200 981 0.003999 1 52 69 1 2836 8.00 0.00 0.00 403 1 17
200 981 0.003999 1 10 28 1 702 8.00 0.00 0.00 66 1 18
200 981 0.001999 1 31 41 1 1873 8.00 0.00 0.00 203 1 19
200 981 0.002999 1 3 9 1 411 8.00 0.00 0.00 22 1 20
352 1898 0.008998 1 256 346 3 22839 8.00 0.00 0.00 4567 2 1
352 1898 0.008998 1 158 210 2 15348 8.00 0.00 0.00 2477 2 2
352 1898 0.005999 1 74 106 1 8339 8.00 0.00 0.00 1272 2 3
352 1898 0.003999 1 36 64 1 4856 8.00 0.00 0.00 583 2 4
352 1898 0.011998 1 343 402 3 35270 8.00 0.00 0.00 5185 2 5
352 1898 0.007998 1 112 154 2 13104 8.00 0.00 0.00 1614 2 6
352 1898 0.009998 1 267 319 3 28088 8.00 0.00 0.00 3520 2 7
352 1898 0.003999 1 23 52 1 2730 8.00 0.00 0.00 413 2 8
352 1898 0.007998 1 245 300 3 26083 8.00 0.00 0.00 2908 2 9
352 1898 0.012998 1 261 320 3 28350 8.00 0.00 0.00 3721 2 10
352 1898 0.010998 1 364 429 3 36738 8.00 0.00 0.00 4622 2 11
352 1898 0.013997 1 381 455 3 38004 8.00 0.00 0.00 4969 2 12
352 1898 0.008998 1 368 415 3 44111 8.00 0.00 0.00 4629 2 13
352 1898 0.007998 1 205 255 3 22327 8.00 0.00 0.00 2752 2 14
352 1898 0.015997 1 382 462 3 39780 8.00 0.00 0.00 4200 2 15
352 1898 0.009998 1 316 370 3 34508 8.00 0.00 0.00 3802 2 16
352 1898 0.009998 1 303 360 3 31435 8.00 0.00 0.00 4132 2 17
352 1898 0.003999 1 65 99 1 7219 8.00 0.00 0.00 1027 2 18
352 1898 0.005999 1 50 75 1 7509 8.00 0.00 0.00 698 2 19
352 1898 0.004999 1 54 83 1 6857 8.00 0.00 0.00 931 2 20
504 2815 0.012998 1 404 537 4 46431 8.00 0.00 0.00 9868 3 1
504 2815 0.174973 1 6512 7830 31 834842 8.00 0.00 0.00 121093 3 2
504 2815 0.006998 1 31 75 1 3953 8.00 0.00 0.00 714 3 3
504 2815 0.009998 1 146 214 2 17396 8.00 0.00 0.00 3207 3 4
504 2815 0.011998 1 342 480 3 32569 8.00 0.00 0.00 7897 3 5
504 2815 0.027995 1 742 924 6 109203 8.00 0.00 0.00 15485 3 6
504 2815 0.143978 1 5218 6201 28 738945 8.00 0.00 0.00 101887 3 7
504 2815 0.161975 1 5825 7053 30 802359 8.00 0.00 0.00 104406 3 8
504 2815 0.049992 1 1979 2492 13 226924 8.00 0.00 0.00 44665 3 9
504 2815 0.172973 1 7408 8875 31 747985 8.00 0.00 0.00 135521 3 10
504 2815 0.086986 1 3306 4063 16 370007 8.00 0.00 0.00 69253 3 11
504 2815 0.019996 1 687 983 6 77203 8.00 0.00 0.00 16126 3 12
504 2815 0.101984 1 3621 4413 19 519757 8.00 0.00 0.00 70314 3 13
504 2815 0.218966 1 8486 10362 35 1017652 8.00 0.00 0.00 163932 3 14
504 2815 0.071989 1 2791 3560 15 345104 8.00 0.00 0.00 56618 3 15
504 2815 0.031995 1 1356 1714 9 144655 8.00 0.00 0.00 28287 3 16
504 2815 0.173973 1 7306 8890 31 762580 8.00 0.00 0.00 127207 3 17
504 2815 0.086986 1 3588 4428 18 385305 8.00 0.00 0.00 66632 3 18
504 2815 0.015997 1 540 706 5 61859 8.00 0.00 0.00 12594 3 19
504 2815 0.084987 1 3331 4152 17 413667 8.00 0.00 0.00 68863 3 20
656 3732 0.210967 1 7178 8774 31 978286 8.00 0.00 0.01 149192 4 1
656 3732 0.177972 1 6170 7511 30 826540 8.00 0.00 0.00 122151 4 2
656 3732 0.145977 1 4763 5895 25 657861 8.00 0.00 0.00 98897 4 3
656 3732 0.06199 1 2211 2929 14 268882 8.00 0.00 0.00 47654 4 4
656 3732 0.303953 1 9766 11359 43 1419073 8.00 0.00 0.00 184410 4 5
656 3732 0.172973 1 5629 7028 29 809533 8.00 0.00 0.00 110246 4 6
656 3732 0.036994 1 1255 1725 8 143342 8.00 0.00 0.01 29697 4 7
656 3732 0.038994 1 1465 1944 10 167718 8.00 0.00 0.00 30525 4 8
656 3732 0.052991 1 1855 2353 13 227459 8.00 0.00 0.00 39727 4 9
656 3732 0.135979 1 4277 5036 22 617568 8.00 0.00 0.00 78487 4 10
656 3732 0.26296 1 8199 9707 33 1281163 8.00 0.00 0.00 151946 4 11
656 3732 0.136979 1 4674 5812 25 622770 8.00 0.00 0.00 94007 4 12
656 3732 0.085986 1 2925 3736 15 387743 8.00 0.00 0.01 59854 4 13
656 3732 0.024996 1 849 1214 7 93987 8.00 0.00 0.00 18312 4 14
656 3732 0.307953 1 9789 11619 43 1526529 8.00 0.00 0.00 162175 4 15
656 3732 0.085986 1 2944 3743 15 374158 8.00 0.00 0.00 61847 4 16
656 3732 0.085986 1 2915 3626 15 392627 8.00 0.00 0.00 60634 4 17
656 3732 0.124981 1 4003 4808 21 584421 8.00 0.00 0.00 79570 4 18
656 3732 0.19597 1 6476 7805 31 935268 8.00 0.00 0.00 125613 4 19
656 3732 0.065989 1 2383 2995 14 307855 8.00 0.00 0.00 49997 4 20
808 4649 0.049992 1 1873 2843 13 240050 8.00 0.00 0.00 35742 5 1
808 4649 0.452931 1 12902 15628 57 2223685 8.00 0.00 0.00 217700 5 2
808 4649 0.13098 1 4201 5761 22 656835 8.00 0.00 0.00 74218 5 3
808 4649 0.05999 1 2141 3013 14 301089 8.00 0.00 0.01 37761 5 4
808 4649 0.104984 1 3183 4190 15 543418 8.00 0.00 0.00 52428 5 5
808 4649 0.32395 1 8018 9742 31 1802667 8.00 0.00 0.01 108701 5 6
808 4649 0.228965 1 6450 7957 31 1272247 8.00 0.00 0.00 95451 5 7
808 4649 0.359945 1 9363 11514 40 1926293 8.00 0.00 0.00 143352 5 8
808 4649 0.347947 1 8542 10318 36 1912442 8.00 0.00 0.01 119935 5 9
808 4649 0.527919 1 12876 15190 57 2896013 8.00 0.00 0.00 184574 5 10
808 4649 0.172973 1 4847 5999 26 905294 8.00 0.00 0.01 76377 5 11
808 4649 0.32295 1 8407 10116 34 1814151 8.00 0.00 0.00 119699 5 12
808 4649 0.248962 1 6397 7821 30 1376205 8.00 0.00 0.01 92842 5 13
808 4649 0.058991 1 2007 2885 14 290019 8.00 0.00 0.00 37205 5 14
808 4649 0.414936 1 11765 14173 51 2052000 8.00 0.00 0.01 187780 5 15
808 4649 0.26096 1 7251 9101 31 1361639 8.00 0.00 0.00 118651 5 16
808 4649 0.176973 1 5372 6919 29 885438 8.00 0.00 0.00 92691 5 17
808 4649 0.307953 1 8090 9822 32 1713362 8.00 0.00 0.01 117099 5 18
808 4649 0.095985 1 2880 3864 15 473982 8.00 0.00 0.01 49436 5 19
808 4649 0.149977 1 4970 6541 27 678916 8.00 0.00 0.01 95732 5 20
960 5566 2.37464 1 66452 78629 204 9769606 8.00 0.00 0.01 1445234 6 1
960 5566 1.41078 1 42838 50736 127 5796392 8.00 0.00 0.01 929595 6 2
960 5566 5.9131 1 84670 91746 254 31988459 8.00 0.00 0.01 2278555 6 3
960 5566 3.2705 1 90925 106764 255 13117926 8.00 0.00 0.01 2095560 6 4
960 5566 1.54377 1 43714 52455 127 6991840 8.00 0.00 0.01 983195 6 5
960 5566 5.08623 1 143825 166135 382 21564234 8.00 0.00 0.01 2854469 6 6
960 5566 1.46778 1 40800 48561 127 6511713 8.00 0.00 0.01 962009 6 7
960 5566 1.38679 1 21732 24605 78 8272986 8.00 0.00 0.01 623938 6 8
960 5566 0.608907 1 9616 11039 41 3531937 8.00 0.00 0.00 295995 6 9
960 5566 3.11852 1 88132 104162 254 12343713 8.00 0.00 0.00 1856040 6 10
960 5566 1.3408 1 41343 51622 127 5595171 8.00 0.00 0.01 959520 6 11
960 5566 0.943856 1 29109 36121 107 4120891 8.00 0.00 0.01 675073 6 12
960 5566 0.25896 1 7704 10019 31 1251259 8.00 0.00 0.01 179005 6 13
960 5566 1.92771 1 55987 66782 173 8201799 8.00 0.00 0.00 1234399 6 14
960 5566 1.04284 1 29803 37119 109 4415869 8.00 0.00 0.01 710016 6 15
960 5566 5.66114 1 156453 180250 420 22806724 8.00 0.00 0.01 3212149 6 16
960 5566 1.15382 1 35006 43371 125 4974175 8.00 0.00 0.01 837079 6 17
960 5566 3.18352 1 68413 80949 212 15314416 8.00 0.00 0.01 1694365 6 18
960 5566 1.18782 1 37086 45815 126 4972093 8.00 0.00 0.01 769944 6 19
960 5566 3.9714 1 109570 128770 286 15774357 8.00 0.00 0.00 2452111 6 20
1112 6483 2.35164 1 51932 63294 158 10780441 8.00 0.00 0.01 1260520 7 1
1112 6483 0.52092 1 7527 8888 31 3274424 8.00 0.00 0.01 235485 7 2
1112 6483 9.2406 1 165771 190281 445 44690739 8.00 0.00 0.01 3920182 7 3
1112 6483 0.555915 1 7837 8886 31 3471701 8.00 0.00 0.01 226623 7 4
1112 6483 3.80342 1 45398 49186 132 22011082 8.00 0.00 0.01 1390259 7 5
1112 6483 4.47332 1 52583 56635 158 26725597 8.00 0.00 0.01 1545264 7 6
1112 6483 2.45963 1 41834 48661 127 13468922 8.00 0.01 0.01 968450 7 7
1112 6483 0.628904 1 8571 9855 36 3938220 8.00 0.00 0.01 263470 7 8
1112 6483 0.312952 1 4475 5513 23 1934470 8.00 0.00 0.01 133177 7 9
1112 6483 0.475927 1 6658 7782 31 2873247 8.00 0.00 0.01 186631 7 10
1112 6483 2.10268 1 25937 28482 94 12580892 8.00 0.00 0.01 817550 7 11
1112 6483 9.94049 1 241923 283998 557 38324093 8.00 0.00 0.01 4944497 7 12
1112 6483 2.24466 1 27868 30581 100 13580129 8.00 0.00 0.01 790247 7 13
1112 6483 3.19551 1 39620 43240 127 19327668 8.00 0.00 0.01 1084687 7 14
1112 6483 3.58645 1 54272 61856 167 20232730 8.00 0.00 0.01 1495545 7 15
1112 6483 0.100984 1 1608 2178 11 607191 8.00 0.00 0.01 44849 7 16
1112 6483 5.2332 1 61274 65975 190 30683806 8.00 0.01 0.01 1652393 7 17
1112 6483 3.73943 1 45065 48596 129 22329356 8.00 0.01 0.01 1313933 7 18
1112 6483 2.72758 1 33500 36741 124 16408197 8.00 0.00 0.01 982372 7 19
1112 6483 1.40878 1 21138 24303 76 8299509 8.00 0.00 0.01 580958 7 20
1264 7400 5.52516 1 58274 63265 187 33249565 9.00 0.00 0.01 1710466 8 1
1264 7400 3.73643 1 41203 45545 127 22508618 9.00 0.00 0.01 1189004 8 2
1264 7400 4.29435 1 46905 50881 141 26505442 9.00 0.00 0.01 1355939 8 3
1264 7400 2.86756 1 33936 37720 125 17884959 9.00 0.00 0.01 892150 8 4
1264 7400 15.2367 1 267534 306774 637 67650057 9.00 0.00 0.01 5744085 8 5
1264 7400 0.492925 1 6464 7596 31 3057911 9.00 0.00 0.01 185586 8 6
1264 7400 5.14922 1 56594 61503 177 31023038 9.00 0.00 0.01 1429801 8 7
1264 7400 1.53277 1 18399 20646 63 9485624 9.00 0.00 0.01 557929 8 8
1264 7400 7.81881 1 83587 90531 254 46939243 9.00 0.00 0.01 2221933 8 9
1264 7400 0.45993 1 6175 7327 30 2901399 9.00 0.01 0.01 171194 8 10
1264 7400 0.374943 1 4982 5905 27 2369298 9.00 0.00 0.01 144877 8 11
1264 7400 7.29789 1 75683 81708 239 43323149 9.00 0.00 0.01 2153737 8 12
1264 7400 2.01269 1 23690 26684 86 12413520 9.00 0.00 0.01 698306 8 13
1264 7400 0.446932 1 5705 6769 30 2871689 9.00 0.01 0.01 167335 8 14
1264 7400 5.80312 1 61909 67497 190 34739744 9.00 0.01 0.01 1704106 8 15
1264 7400 0.154976 1 2114 2632 14 979159 9.00 0.00 0.01 66329 8 16
1264 7400 1.69974 1 20216 22578 70 10693150 9.00 0.00 0.01 578932 8 17
1264 7400 2.49962 1 28093 31162 101 15610082 9.00 0.00 0.01 829523 8 18
1264 7400 4.5803 1 50616 55375 157 27741199 9.00 0.00 0.01 1457151 8 19
1264 7400 17.5733 1 178977 192699 498 101631500 9.00 0.00 0.01 4900332 8 20
1416 8317 6.51601 1 64843 71453 196 39182923 9.00 0.00 0.01 1776030 9 1
1416 8317 3.83242 1 39853 44295 127 23603880 9.00 0.01 0.01 1085339 9 2
1416 8317 5.45417 1 55109 60371 172 33130393 9.00 0.00 0.01 1400042 9 3
1416 8317 1.55176 1 17767 20484 63 9548710 9.00 0.00 0.01 535056 9 4
1416 8317 1.59476 1 17713 20214 63 9808209 9.00 0.00 0.01 549012 9 5
1416 8317 0.424935 1 5009 5979 27 2739476 9.00 0.00 0.01 151218 9 6
1416 8317 1.77873 1 19462 22087 66 11271257 9.00 0.01 0.01 558294 9 7
1416 8317 3.83842 1 40232 44986 127 23322418 9.00 0.01 0.01 1135860 9 8
1416 8317 2.94555 1 31592 36119 116 18092405 9.00 0.00 0.01 899936 9 9
1416 8317 4.96124 1 49889 55467 154 29906370 9.00 0.00 0.01 1414948 9 10
1416 8317 5.31719 1 53503 58956 164 32122124 9.00 0.01 0.01 1493602 9 11
1416 8317 20.7258 1 187778 202378 509 119520639 9.00 0.00 0.01 4950010 9 12
1416 8317 2.14667 1 23743 26913 86 13374125 9.00 0.00 0.01 626565 9 13
1416 8317 19.3611 1 177665 191715 491 112110667 9.00 0.00 0.01 4676796 9 14
1416 8317 1.63975 1 18714 21397 63 10283326 9.00 0.01 0.01 505807 9 15
1416 8317 9.65453 1 91670 99349 255 57112624 9.00 0.00 0.01 2547651 9 16
1416 8317 4.00239 1 39886 44248 127 24400672 9.00 0.00 0.01 1153490 9 17
1416 8317 7.38188 1 72340 79540 224 44979080 9.00 0.01 0.01 2023403 9 18
1416 8317 1.23481 1 14503 16908 62 7759681 9.00 0.01 0.01 403232 9 19
1416 8317 0.401938 1 4993 6087 27 2618852 9.00 0.00 0.01 137652 9 20
1568 9234 13.4969 1 119924 130619 318 80173535 9.00 0.01 0.01 3095549 10 1
1568 9234 2.33065 1 24093 27271 89 14388435 9.00 0.00 0.01 671694 10 2
1568 9234 6.81796 1 63004 69462 190 41324234 9.00 0.00 0.01 1668427 10 3
1568 9234 4.50731 1 42901 48170 127 27497913 9.00 0.00 0.01 1170242 10 4
1568 9234 1.62175 1 16418 18959 63 9969873 9.00 0.01 0.01 445279 10 5
1568 9234 2.04769 1 20816 24031 73 12780794 9.00 0.01 0.01 573408 10 6
1568 9234 2.6486 1 27214 30822 94 16377094 9.00 0.00 0.01 760606 10 7
1568 9234 0.276957 1 3522 4345 18 1861117 9.00 0.00 0.01 98333 10 8
1568 9234 2.77258 1 27479 31114 97 16850376 9.00 0.00 0.01 792350 10 9
1568 9234 22.1996 1 189744 205101 509 128855536 9.00 0.01 0.01 4712022 10 10
1568 9234 1.72374 1 17722 20487 63 10714753 9.00 0.01 0.01 501242 10 11
1568 9234 2.75858 1 28096 32366 101 17174195 9.00 0.00 0.01 749363 10 12
1568 9234 13.7459 1 118818 130371 318 81766931 9.00 0.00 0.01 3135485 10 13
1568 9234 0.098984 1 1205 1614 7 583364 9.00 0.01 0.01 36978 10 14
1568 9234 2.40263 1 24613 28118 92 15025936 9.00 0.00 0.01 652229 10 15
1568 9234 3.44747 1 34743 39661 125 21110392 9.00 0.01 0.01 964837 10 16
1568 9234 2.35664 1 23659 27480 86 14437209 9.00 0.00 0.01 678888 10 17
1568 9234 1.43378 1 16059 18534 63 8924693 9.00 0.01 0.01 432283 10 18
1568 9234 7.63084 1 70869 78386 221 46037180 9.00 0.01 0.01 1889014 10 19
1568 9234 2.39264 1 24278 27936 91 14838582 9.00 0.00 0.01 664262 10 20
1720 10151 0.646901 1 6790 8200 31 4239570 9.00 0.01 0.01 188052 11 1
1720 10151 2.49162 1 24923 28990 93 15473374 9.00 0.00 0.01 701222 11 2
1720 10151 19.3731 1 156560 170549 420 116619027 9.00 0.01 0.01 3767062 11 3
1720 10151 3.59045 1 33423 37956 124 22165893 9.00 0.00 0.01 890973 11 4
1720 10151 2.32065 1 22970 26765 83 14139437 9.00 0.01 0.01 626537 11 5
1720 10151 2.04669 1 19856 23211 69 12757211 9.00 0.00 0.01 537144 11 6
1720 10151 19.708 1 161904 176650 444 117406258 9.00 0.00 0.01 3686944 11 7
1720 10151 0.612906 1 6389 7720 30 3947704 9.00 0.00 0.01 172994 11 8
1720 10151 2.6516 1 24983 28786 93 16581766 9.00 0.01 0.01 657448 11 9
1720 10151 1.70074 1 16588 19505 63 10768121 9.00 0.01 0.01 466379 11 10
1720 10151 8.83166 1 79813 89136 252 53491416 9.00 0.01 0.01 2036928 11 11
1720 10151 7.72583 1 66833 74176 205 46717020 9.00 0.00 0.01 1724980 11 12
1720 10151 1.49177 1 15194 18068 62 9318444 9.00 0.01 0.01 421608 11 13
1720 10151 4.01839 1 36823 41717 126 24785415 9.00 0.00 0.01 941015 11 14
1720 10151 15.8506 1 129958 141495 351 95012829 9.00 0.01 0.01 3140733 11 15
1720 10151 6.33904 1 57424 64576 182 38323320 9.00 0.00 0.01 1489162 11 16
1720 10151 2.37764 1 23006 26624 83 14741918 9.00 0.00 0.01 603110 11 17
1720 10151 2.51462 1 23745 27612 86 15623730 9.00 0.00 0.01 667719 11 18
1720 10151 12.2151 1 100961 110216 255 72000843 9.00 0.00 0.01 2624068 11 19
1720 10151 0.021996 1 181 308 2 61668 9.00 0.00 0.01 5066 11 20
1872 11068 1.61076 1 15330 18150 62 9989379 9.00 0.01 0.01 425244 12 1
1872 11068 21.6757 1 165828 182622 445 126785597 10.00 0.01 0.01 3966521 12 2
1872 11068 3.45747 1 30503 34966 110 21430743 9.00 0.00 0.01 815389 12 3
1872 11068 7.47786 1 62188 69897 190 45311209 9.00 0.01 0.01 1531300 12 4
1872 11068 1.68874 1 15799 18746 62 10536438 9.00 0.00 0.01 445993 12 5
1872 11068 2.49462 1 21939 25225 78 15603876 9.00 0.01 0.01 574015 12 6
1872 11068 6.58 1 55531 61871 173 39822366 9.00 0.01 0.01 1378045 12 7
1872 11068 2.21966 1 20177 23536 70 13844201 9.00 0.00 0.01 531304 12 8
1872 11068 13.381 1 106285 116569 275 80003896 9.00 0.00 0.01 2671181 12 9
1872 11068 12.5461 1 101344 112291 255 75284414 9.00 0.00 0.01 2394022 12 10
1872 11068 2.38664 1 21140 24644 76 14789943 9.00 0.01 0.01 566429 12 11
1872 11068 18.3922 1 141741 155962 382 108415050 9.00 0.01 0.01 3247655 12 12
1872 11068 15.5956 1 118300 130086 317 92988298 9.00 0.00 0.01 2811925 12 13
1872 11068 3.64545 1 32416 37128 122 22243287 9.00 0.00 0.01 863643 12 14
1872 11068 2.23666 1 20859 23922 74 13872744 9.00 0.01 0.01 564135 12 15
1872 11068 2.17767 1 19889 22869 69 13645506 9.00 0.01 0.01 570063 12 16
1872 11068 11.2643 1 92785 102831 255 68172463 9.00 0.01 0.01 2227993 12 17
1872 11068 8.89565 1 71888 80033 221 54300641 9.00 0.01 0.01 1737053 12 18
1872 11068 5.76212 1 49396 56553 151 35230157 9.00 0.00 0.01 1299005 12 19
1872 11068 3.46347 1 30280 34489 109 21228567 9.00 0.00 0.01 802763 12 20
2024 11985 11.6442 1 87030 96638 254 68787652 9.00 0.01 0.01 2085761 13 1
2024 11985 5.32919 1 43206 48995 127 32542704 9.00 0.01 0.01 1090119 13 2
2024 11985 2.68659 1 22652 26344 80 17088566 9.00 0.01 0.01 611231 13 3
2024 11985 10.7574 1 85405 94957 254 64803644 9.00 0.00 0.01 2035511 13 4
2024 11985 3.38648 1 28454 32977 101 21203343 9.00 0.00 0.01 749258 13 5
2024 11985 0.932858 1 8495 10167 35 6002202 9.00 0.00 0.01 236474 13 6
2024 11985 25.6141 1 186513 205394 509 150406404 10.00 0.01 0.01 4343843 13 7
2024 11985 6.73698 1 54106 60518 165 41057758 9.00 0.01 0.01 1331409 13 8
2024 11985 13.36 1 101632 112164 255 80927341 9.00 0.00 0.01 2427477 13 9
2024 11985 8.93864 1 67146 74871 205 53512797 9.00 0.01 0.01 1679621 13 10
2024 11985 14.9217 1 117632 129279 317 88799127 9.00 0.00 0.01 2770932 13 11
2024 11985 20.8198 1 154920 170388 413 122089878 10.00 0.00 0.01 3705670 13 12
2024 11985 4.34434 1 37494 43170 126 26898250 9.00 0.01 0.01 981530 13 13
2024 11985 0.354946 1 3532 4446 18 2378250 9.00 0.01 0.01 94251 13 14
2024 11985 7.05593 1 54671 61529 170 42947988 9.00 0.00 0.01 1324285 13 15
2024 11985 31.8462 1 227983 249201 511 185793478 9.00 0.00 0.01 5012536 13 16
2024 11985 9.41457 1 75338 84979 236 56086349 9.00 0.01 0.01 1873236 13 17
2024 11985 32.5421 1 231228 253131 515 185663632 10.00 0.01 0.01 5172132 13 18
2024 11985 14.1339 1 109964 121981 286 83100087 9.00 0.01 0.01 2611868 13 19
2024 11985 0.967852 1 8924 10772 38 6176113 9.00 0.01 0.01 264007 13 20
2176 12902 3.37849 1 26901 31295 94 20391823 9.00 0.01 0.01 732431 14 1
2176 12902 5.70513 1 44551 51266 127 34725826 9.00 0.01 0.01 1095523 14 2
2176 12902 12.965 1 92887 104821 255 77366573 9.00 0.00 0.01 2207238 14 3
2176 12902 2.17867 1 17071 20176 63 13041488 9.00 0.01 0.01 463071 14 4
2176 12902 7.17791 1 54237 61243 167 42996795 9.00 0.01 0.01 1305579 14 5
2176 12902 4.08038 1 31360 36518 116 24931808 9.00 0.01 0.01 842792 14 6
2176 12902 5.45217 1 41887 47934 127 33257616 9.00 0.01 0.01 1059010 14 7
2176 12902 5.99709 1 45846 52430 134 36665095 9.00 0.01 0.01 1146487 14 8
2176 12902 11.4593 1 83495 93095 254 69892871 9.00 0.00 0.01 1976826 14 9
2176 12902 27.5628 1 190220 206580 509 162351292 10.00 0.01 0.01 4156222 14 10
2176 12902 7.84581 1 56204 63504 174 46877212 9.00 0.01 0.01 1428499 14 11
2176 12902 5.78112 1 43732 49597 127 35266941 9.00 0.01 0.01 1103297 14 12
2176 12902 15.7396 1 111570 122829 293 90927600 9.00 0.01 0.01 2734199 14 13
2176 12902 7.12892 1 54882 62017 171 43117410 9.00 0.01 0.01 1320189 14 14
2176 12902 10.3984 1 76511 85566 243 62039202 9.00 0.01 0.01 1840094 14 15
2176 12902 0.775882 1 7192 8898 31 5115064 9.00 0.01 0.01 186880 14 16
2176 12902 5.77712 1 45592 51468 133 35116068 9.00 0.01 0.01 1119675 14 17
2176 12902 0.096985 1 757 1095 6 596543 9.00 0.00 0.01 19309 14 18
2176 12902 18.0263 1 126084 139175 340 105600052 10.00 0.01 0.01 2916332 14 19
2176 12902 42.2526 1 270961 295021 638 245078288 10.00 0.01 0.01 5965604 14 20
2328 13819 0.187971 1 1537 1987 10 1287870 9.00 0.01 0.01 41409 15 1
2328 13819 5.79812 1 41645 47867 127 35678193 9.00 0.00 0.01 1022445 15 2
2328 13819 3.82142 1 27512 31978 97 23647547 9.00 0.01 0.01 700905 15 3
2328 13819 6.14407 1 42814 48210 127 38519212 9.00 0.00 0.02 993961 15 4
2328 13819 19.658 1 128111 141856 348 116496264 10.00 0.01 0.02 2909929 15 5
2328 13819 13.43 1 88709 98285 254 79937028 10.00 0.01 0.01 2122106 15 6
2328 13819 0.78688 1 6487 7800 31 5326255 9.00 0.01 0.01 172289 15 7
2328 13819 0.403938 1 3503 4336 18 2722890 9.00 0.01 0.01 102757 15 8
2328 13819 3.64644 1 26094 30003 94 22854042 9.00 0.01 0.01 684269 15 9
2328 13819 15.1947 1 103641 114159 262 91203932 10.00 0.01 0.01 2429881 15 10
2328 13819 6.00409 1 42181 48661 127 35849579 9.00 0.01 0.01 1099164 15 11
2328 13819 2.92256 1 22186 25911 78 18272514 9.00 0.01 0.01 584588 15 12
2328 13819 8.66968 1 58298 65597 187 51909936 9.00 0.01 0.02 1550775 15 13
2328 13819 3.06153 1 22405 26176 78 18979775 9.00 0.01 0.01 582252 15 14
2328 13819 5.22021 1 37094 42689 126 32316111 9.00 0.01 0.01 955108 15 15
2328 13819 36.0735 1 225475 246558 511 207711389 10.00 0.01 0.01 5007985 15 16
2328 13819 0.206968 1 1509 1878 10 1440508 9.00 0.01 0.01 43855 15 17
2328 13819 13.8089 1 91510 102668 255 82530803 9.00 0.01 0.01 2124935 15 18
2328 13819 14.0579 1 96245 106109 255 84376390 10.00 0.01 0.02 2305882 15 19
2328 13819 1.2808 1 9654 11385 42 8185722 9.00 0.01 0.01 251460 15 20
2480 14736 27.0939 1 157410 172047 426 159057125 10.00 0.01 0.02 3313054 16 1
2480 14736 12.4491 1 77769 87651 251 74187074 10.00 0.00 0.02 1894826 16 2
2480 14736 8.31574 1 52388 59376 158 50952230 9.00 0.01 0.02 1271190 16 3
2480 14736 11.2563 1 69645 78100 219 68556409 10.00 0.01 0.02 1662562 16 4
2480 14736 1.58776 1 12003 14758 52 9901864 9.00 0.01 0.02 311265 16 5
2480 14736 1.71374 1 12253 14588 53 11315573 9.00 0.01 0.01 313725 16 6
2480 14736 1.35779 1 9119 10972 38 8928443 9.00 0.01 0.02 244509 16 7
2480 14736 1.71774 1 12233 14390 53 11074488 9.00 0.01 0.02 327870 16 8
2480 14736 27.2229 1 157322 172437 426 158758618 10.00 0.01 0.01 3471393 16 9
2480 14736 1.16582 1 8843 10998 38 7839990 9.00 0.01 0.02 232501 16 10
2480 14736 4.38433 1 28594 33282 103 26678866 9.00 0.01 0.01 739857 16 11
2480 14736 13.332 1 82988 93394 253 80990130 10.00 0.01 0.02 1965213 16 12
2480 14736 4.13437 1 28130 32529 101 25337700 9.00 0.01 0.02 744569 16 13
2480 14736 4.13037 1 27692 32230 98 25292613 9.00 0.01 0.02 718421 16 14
2480 14736 8.33873 1 53957 61469 165 50889956 9.00 0.01 0.02 1340626 16 15
2480 14736 33.9178 1 200995 220368 510 194718390 11.00 0.01 0.02 4606975 16 16
2480 14736 23.7604 1 145843 162149 382 140245380 10.00 0.01 0.01 3357612 16 17
2480 14736 2.94655 1 20960 24773 75 18101174 9.00 0.01 0.02 572133 16 18
2480 14736 3.46247 1 23674 27741 86 21516304 9.00 0.01 0.02 620435 16 19
2480 14736 3.22251 1 21827 25610 78 20218200 9.00 0.01 0.02 578368 16 20
2632 15653 0.575912 1 4190 5336 22 3948041 9.00 0.01 0.02 119998 17 1
2632 15653 4.54831 1 28786 33283 104 27540450 9.00 0.01 0.02 801499 17 2
2632 15653 6.51501 1 41267 46970 127 39673555 9.00 0.01 0.01 1008714 17 3
2632 15653 1.14482 1 7832 9521 31 7885821 9.00 0.01 0.02 207601 17 4
2632 15653 4.99224 1 31963 37556 119 30658455 9.00 0.01 0.02 827117 17 5
2632 15653 9.14661 1 57600 66064 183 56248482 9.00 0.01 0.02 1379858 17 6
2632 15653 1.16682 1 7961 9625 31 7936012 9.00 0.01 0.02 214546 17 7
2632 15653 31.9311 1 174288 190530 476 187911645 11.00 0.01 0.02 3825504 17 8
2632 15653 3.43148 1 22138 25616 78 21593521 9.00 0.01 0.02 584871 17 9
2632 15653 1.51177 1 10389 12694 45 10035264 9.00 0.01 0.02 270292 17 10
2632 15653 13.6089 1 84939 96157 254 82160878 10.00 0.00 0.02 2099408 17 11
2632 15653 45.919 1 246580 269154 573 265766313 11.00 0.01 0.02 5035374 17 12
2632 15653 4.14437 1 26476 31301 94 25780371 9.00 0.01 0.02 716187 17 13
2632 15653 8.71167 1 53076 59617 160 53594073 9.00 0.01 0.02 1324813 17 14
2632 15653 1.48977 1 10236 12513 45 9764432 9.00 0.01 0.02 264008 17 15
2632 15653 8.73767 1 53998 60677 165 54162488 10.00 0.01 0.02 1290721 17 16
2632 15653 24.1533 1 137000 152331 380 142060548 11.00 0.01 0.02 3334818 17 17
2632 15653 9.97148 1 59853 67944 189 59619323 9.00 0.01 0.02 1543637 17 18
2632 15653 2.79857 1 17883 20772 63 18042265 9.00 0.01 0.02 496275 17 19
2632 15653 0.518921 1 3805 4815 20 3592239 9.00 0.01 0.02 108382 17 20
2784 16570 2.39963 1 14890 17775 62 15673545 9.00 0.01 0.02 399597 18 1
2784 16570 0.447931 1 2863 3663 15 3122040 9.00 0.01 0.02 85220 18 2
2784 16570 5.9081 1 34755 40281 125 36216168 9.00 0.00 0.02 868104 18 3
2784 16570 9.40257 1 53450 60545 163 58742790 9.00 0.01 0.02 1315582 18 4
2784 16570 6.35103 1 37634 42755 126 39787025 9.00 0.01 0.02 975346 18 5
2784 16570 15.2907 1 85253 95077 254 92568710 10.00 0.01 0.02 1987964 18 6
2784 16570 17.2594 1 97096 108856 255 104814038 10.00 0.01 0.02 2282508 18 7
2784 16570 11.7492 1 66454 74273 204 72453865 10.00 0.01 0.02 1609960 18 8
2784 16570 3.64845 1 22267 25816 78 22168751 9.00 0.01 0.02 559601 18 9
2784 16570 0.081987 1 550 834 5 424539 9.00 0.01 0.02 15487 18 10
2784 16570 31.7322 1 163243 179479 444 183665338 11.00 0.01 0.02 3646782 18 11
2784 16570 1.20382 1 7827 9311 31 8233181 9.00 0.01 0.02 228504 18 12
2784 16570 9.2386 1 54360 60383 168 57716775 9.00 0.01 0.02 1242997 18 13
2784 16570 3.39348 1 20167 23712 70 21434457 9.00 0.01 0.02 531898 18 14
2784 16570 16.3535 1 91590 101858 255 100077205 10.00 0.01 0.02 2123818 18 15
2784 16570 18.4702 1 103014 114869 259 110518942 11.00 0.01 0.02 2385581 18 16
2784 16570 8.48871 1 48686 55180 147 52072258 10.00 0.01 0.02 1214196 18 17
2784 16570 7.34388 1 40772 46148 127 43788792 9.00 0.01 0.02 963708 18 18
2784 16570 7.8578 1 45076 50833 130 49174758 9.00 0.01 0.02 1084721 18 19
2784 16570 2.75958 1 17596 20707 63 17722220 9.00 0.01 0.02 463380 18 20
2936 17487 23.2605 1 115973 128288 315 137248467 11.00 0.01 0.02 2722893 19 1
2936 17487 5.22921 1 28931 33860 105 32601516 9.00 0.01 0.02 718577 19 2
2936 17487 1.55276 1 9500 11680 41 10559774 9.00 0.01 0.02 263042 19 3
2936 17487 0.682896 1 4532 5608 24 4799754 9.00 0.01 0.02 111604 19 4
2936 17487 14.5538 1 76774 87418 246 88652009 10.00 0.01 0.02 1907740 19 5
2936 17487 5.07023 1 29445 34025 108 32114343 9.00 0.01 0.02 763885 19 6
2936 17487 1.3398 1 8691 10579 37 9066421 9.00 0.01 0.02 237463 19 7
2936 17487 0.358945 1 2489 3235 15 2488143 9.00 0.01 0.02 66385 19 8
2936 17487 13.25 1 71776 80920 221 81410180 10.00 0.01 0.02 1772266 19 9
2936 17487 11.4123 1 61167 69339 190 70890294 10.00 0.01 0.02 1492016 19 10
2936 17487 3.58745 1 21081 24530 76 23220565 9.00 0.01 0.02 546524 19 11
2936 17487 2.40063 1 13712 16195 61 15297090 9.00 0.01 0.02 354937 19 12
2936 17487 10.5694 1 57561 64396 183 66265970 10.00 0.01 0.02 1330450 19 13
2936 17487 31.3242 1 146086 160690 382 184763478 11.00 0.01 0.02 3043824 19 14
2936 17487 1.63275 1 10309 12277 45 10815387 9.00 0.01 0.02 279230 19 15
2936 17487 5.2792 1 29862 34823 109 33088141 9.00 0.01 0.02 770311 19 16
2936 17487 11.7462 1 62013 70141 190 71375649 10.00 0.01 0.02 1466411 19 17
2936 17487 19.1641 1 100593 112860 255 117592100 10.00 0.01 0.02 2240576 19 18
2936 17487 30.7733 1 150645 165682 397 184456171 11.00 0.01 0.02 3327637 19 19
2936 17487 22.4436 1 117350 129083 317 135163352 11.00 0.01 0.02 2601239 19 20
3088 18404 11.0733 1 56338 64118 176 67707339 10.00 0.01 0.02 1432628 20 1
3088 18404 3.02654 1 17628 20609 63 19536099 10.00 0.01 0.02 480410 20 2
3088 18404 14.2328 1 72127 80404 222 88920077 10.00 0.01 0.02 1667823 20 3
3088 18404 30.1194 1 140706 153968 381 180956255 11.00 0.01 0.02 3174370 20 4
3088 18404 30.1164 1 143809 157869 382 182439500 11.00 0.01 0.02 3178465 20 5
3088 18404 12.7961 1 64423 73409 193 76531829 10.00 0.01 0.02 1532736 20 6
3088 18404 7.69883 1 41349 46945 127 47877895 10.00 0.01 0.02 1029648 20 7
3088 18404 13.9209 1 69044 78138 217 83123519 11.00 0.01 0.02 1591852 20 8
3088 18404 7.10492 1 36137 40989 126 43264341 10.00 0.01 0.02 879439 20 9
3088 18404 33.6629 1 157212 173832 425 199683874 11.00 0.01 0.02 3532813 20 10
3088 18404 0.147977 1 992 1390 7 938002 9.00 0.01 0.02 27797 20 11
3088 18404 4.05938 1 21744 25317 78 24893072 9.00 0.01 0.02 573591 20 12
3088 18404 0.776881 1 4309 5257 22 5587891 9.00 0.01 0.02 119706 20 13
3088 18404 12.0602 1 61405 69456 190 75679316 10.00 0.01 0.02 1398384 20 14
3088 18404 1.70674 1 9968 12064 44 11474947 9.00 0.01 0.02 261561 20 15
3088 18404 4.34234 1 23756 27835 87 26708020 10.00 0.01 0.02 625206 20 16
3088 18404 9.57754 1 49243 56099 149 58067559 10.00 0.01 0.02 1199697 20 17
3088 18404 20.4069 1 100036 111999 255 125267048 11.00 0.01 0.02 2260779 20 18
3088 18404 25.4871 1 123903 137625 332 154349662 11.00 0.01 0.02 2816569 20 19
3088 18404 9.26359 1 47132 53576 141 57982145 10.00 0.01 0.02 1174035 20 20
