WARNING: for repeatability, setting FPU to use double precision
============================[ Problem Statistics ]=============================
|                                                                             |
|  Number of variables:           608                                         |
|  Number of clauses:            7582                                         |
|  Parse time:                   0.01 s                                       |
|  Eliminated clauses:           0.01 Mb                                      |
|  Simplification time:          0.03 s                                       |
|                                                                             |
=============================[ Search Statistics ]==============================
| Conflicts  |          ORIGINAL         |          LEARNT          | Progress |
|            |    Vars  Clauses Literals |    Limit  Clauses Lit/Cl |          |
================================================================================
|        100 |     392     7038    43279 |     2580      100     11 | 14.474 % |
|        250 |     392     7038    43279 |     2838      250     12 | 14.474 % |
|        475 |     392     7038    43279 |     3122      475     13 | 14.474 % |
|        812 |     392     7038    43279 |     3434      812     14 | 14.474 % |
|       1318 |     392     7038    43279 |     3778     1318     14 | 14.474 % |
|       2077 |     392     7038    43279 |     4156     2077     14 | 14.474 % |
|       3216 |     392     7038    43279 |     4571     3216     14 | 14.474 % |
|       4924 |     392     7038    43279 |     5028     2585     14 | 14.474 % |
|       7486 |     392     7038    43279 |     5531     5147     14 | 14.474 % |
|      11330 |     392     7038    43279 |     6084     3309     14 | 14.474 % |
|      17096 |     392     7038    43279 |     6693     5958     15 | 14.474 % |
|      25745 |     392     7038    43279 |     7362     4347     14 | 14.474 % |
|      38719 |     392     7038    43279 |     8099     6044     15 | 14.474 % |
|      58180 |     392     7038    43279 |     8908     4866     14 | 14.474 % |
|      87372 |     392     7038    43279 |     9799     6821     15 | 14.474 % |
|     131161 |     392     7038    43279 |    10779     5799     14 | 14.474 % |
|     196845 |     392     7038    43279 |    11857     5747     14 | 14.474 % |
|     295371 |     392     7038    43279 |    13043     8051     14 | 14.474 % |
|     443160 |     392     7038    43279 |    14347    10641     16 | 14.474 % |
|     664843 |     392     7038    43279 |    15782     7471     14 | 14.474 % |
|     997368 |     392     7038    43279 |    17360    13044     19 | 14.474 % |
|    1496156 |     392     7038    43279 |    19097    12515     14 | 14.474 % |
|    2244338 |     392     7038    43279 |    21006     9987     14 | 14.474 % |
|    3366612 |     392     7038    43279 |    23107    21274     15 | 14.474 % |
|    5050023 |     392     7038    43279 |    25418    18160     16 | 14.474 % |
|    7575139 |     392     7038    43279 |    27960    22456     20 | 14.474 % |
|   11362814 |     392     7038    43279 |    30756    17332     15 | 14.474 % |
|   17044326 |     392     7038    43279 |    33831    19726     17 | 14.474 % |
===============================================================================
restarts              : 34215
conflicts             : 25269018       (27528 /sec)
decisions             : 31624854       (0.00 % random) (34452 /sec)
propagations          : 697901342      (760287 /sec)
conflict literals     : 434190014      (9.34 % deleted)
Memory used           : 47.00 MB
CPU time              : 917.944 s

SATISFIABLE
