WARNING: for repeatability, setting FPU to use double precision
============================[ Problem Statistics ]=============================
|                                                                             |
|  Number of variables:           928                                         |
|  Number of clauses:           11878                                         |
|  Parse time:                   0.01 s                                       |
|  Eliminated clauses:           0.01 Mb                                      |
|  Simplification time:          0.04 s                                       |
|                                                                             |
=============================[ Search Statistics ]==============================
| Conflicts  |          ORIGINAL         |          LEARNT          | Progress |
|            |    Vars  Clauses Literals |    Limit  Clauses Lit/Cl |          |
================================================================================
|        100 |     616    11078    68083 |     4061      100     12 | 12.931 % |
|        250 |     616    11078    68083 |     4468      250     12 | 12.931 % |
|        475 |     616    11078    68083 |     4914      475     14 | 12.931 % |
|        812 |     616    11078    68083 |     5406      812     14 | 12.931 % |
|       1318 |     616    11078    68083 |     5947     1318     14 | 12.931 % |
|       2077 |     616    11078    68083 |     6541     2077     14 | 12.931 % |
|       3216 |     616    11078    68083 |     7195     3216     15 | 12.931 % |
|       4924 |     616    11078    68083 |     7915     4924     14 | 12.931 % |
|       7486 |     616    11078    68083 |     8707     7486     15 | 12.931 % |
|      11330 |     616    11078    68083 |     9577     6914     14 | 12.931 % |
|      17096 |     616    11078    68083 |    10535     7788     14 | 12.931 % |
|      25745 |     616    11078    68083 |    11589     5635     14 | 12.931 % |
|      38719 |     616    11078    68083 |    12748     6830     16 | 12.931 % |
|      58180 |     616    11078    68083 |    14022     6879     14 | 12.931 % |
|      87372 |     616    11078    68083 |    15425     7689     15 | 12.931 % |
|     131161 |     616    11078    68083 |    16967    12390     14 | 12.931 % |
|     196845 |     616    11078    68083 |    18664     9271     14 | 12.931 % |
|     295371 |     616    11078    68083 |    20530    13326     14 | 12.931 % |
|     443160 |     616    11078    68083 |    22584    15757     15 | 12.931 % |
|     664843 |     616    11078    68083 |    24842    20924     15 | 12.931 % |
|     997368 |     616    11078    68083 |    27326    14566     15 | 12.931 % |
|    1496156 |     616    11078    68083 |    30059    26348     15 | 12.931 % |
|    2244338 |     616    11078    68083 |    33065    19838     17 | 12.931 % |
|    3366612 |     616    11078    68083 |    36371    19116     14 | 12.931 % |
|    5050023 |     616    11078    68083 |    40008    32505     19 | 12.931 % |
|    7575139 |     616    11078    68083 |    44009    33211     18 | 12.931 % |
|   11362814 |     616    11078    68083 |    48410    41551     15 | 12.931 % |
|   17044326 |     616    11078    68083 |    53251    29473     17 | 12.931 % |
|   25566595 |     616    11078    68083 |    58577    34800     15 | 12.931 % |
|   38349998 |     616    11078    68083 |    64434    26321     14 | 12.931 % |
===============================================================================
restarts              : 59488
conflicts             : 42564677       (22126 /sec)
decisions             : 54402360       (0.00 % random) (28280 /sec)
propagations          : 1286380435     (668702 /sec)
conflict literals     : 759521936      (8.49 % deleted)
Memory used           : 88.00 MB
CPU time              : 1923.7 s

SATISFIABLE
