WARNING: for repeatability, setting FPU to use double precision
============================[ Problem Statistics ]=============================
|                                                                             |
|  Number of variables:          1408                                         |
|  Number of clauses:           18322                                         |
|  Parse time:                   0.01 s                                       |
|  Eliminated clauses:           0.01 Mb                                      |
|  Simplification time:          0.06 s                                       |
|                                                                             |
=============================[ Search Statistics ]==============================
| Conflicts  |          ORIGINAL         |          LEARNT          | Progress |
|            |    Vars  Clauses Literals |    Limit  Clauses Lit/Cl |          |
================================================================================
|        100 |     952    17138   105289 |     6283      100     14 | 11.932 % |
|        250 |     952    17138   105289 |     6912      250     13 | 11.932 % |
|        475 |     952    17138   105289 |     7603      475     15 | 11.932 % |
|        812 |     952    17138   105289 |     8363      812     15 | 11.932 % |
|       1318 |     952    17138   105289 |     9200     1318     14 | 11.932 % |
|       2077 |     952    17138   105289 |    10120     2077     15 | 11.932 % |
|       3216 |     952    17138   105289 |    11132     3216     15 | 11.932 % |
|       4924 |     952    17138   105289 |    12245     4924     14 | 11.932 % |
|       7486 |     952    17138   105289 |    13470     7486     14 | 11.932 % |
|      11330 |     952    17138   105289 |    14817    11330     15 | 11.932 % |
|      17096 |     952    17138   105289 |    16298     9533     15 | 11.932 % |
|      25745 |     952    17138   105289 |    17928     9937     15 | 11.932 % |
|      38719 |     952    17138   105289 |    19721    13758     15 | 11.932 % |
|      58180 |     952    17138   105289 |    21693    13265     14 | 11.932 % |
|      87372 |     952    17138   105289 |    23863    20446     15 | 11.932 % |
|     131161 |     952    17138   105289 |    26249    15809     14 | 11.932 % |
|     196845 |     952    17138   105289 |    28874    14345     14 | 11.932 % |
|     295371 |     952    17138   105289 |    31761    21133     14 | 11.932 % |
|     443160 |     952    17138   105289 |    34938    30663     15 | 11.932 % |
|     664843 |     952    17138   105289 |    38431    22301     15 | 11.932 % |
|     997368 |     952    17138   105289 |    42275    38292     16 | 11.932 % |
|    1496156 |     952    17138   105289 |    46502    35819     15 | 11.932 % |
|    2244338 |     952    17138   105289 |    51152    42825     18 | 11.932 % |
|    3366612 |     952    17138   105289 |    56268    37473     15 | 11.932 % |
|    5050023 |     952    17138   105289 |    61895    33291     21 | 11.932 % |
|    7575139 |     952    17138   105289 |    68084    55653     17 | 11.932 % |
|   11362814 |     952    17138   105289 |    74893    51046     18 | 11.932 % |
|   17044326 |     952    17138   105289 |    82382    49807     15 | 11.932 % |
|   25566595 |     952    17138   105289 |    90620    57895     15 | 11.932 % |
|   38349998 |     952    17138   105289 |    99682    25842     15 | 11.932 % |
|   57525103 |     952    17138   105289 |   109650    85150     20 | 11.932 % |
|   86287761 |     952    17138   105289 |   120615    52216     15 | 11.932 % |
|  129431749 |     952    17138   105289 |   132677   100935     18 | 11.932 % |
|  194147731 |     952    17138   105289 |   145945    68323     17 | 11.932 % |
|  291221704 |     952    17138   105289 |   160539   115397     16 | 11.932 % |
===============================================================================
restarts              : 460535
conflicts             : 400901267      (9487 /sec)
decisions             : 502795770      (0.00 % random) (11899 /sec)
propagations          : 17161792899    (406130 /sec)
conflict literals     : 7676244043     (10.12 % deleted)
Memory used           : 397.00 MB
CPU time              : 42256.9 s

SATISFIABLE
