WARNING: for repeatability, setting FPU to use double precision
============================[ Problem Statistics ]=============================
|                                                                             |
|  Number of variables:          1408                                         |
|  Number of clauses:           18322                                         |
|  Parse time:                   0.01 s                                       |
|  Eliminated clauses:           0.01 Mb                                      |
|  Simplification time:          0.06 s                                       |
|                                                                             |
=============================[ Search Statistics ]==============================
| Conflicts  |          ORIGINAL         |          LEARNT          | Progress |
|            |    Vars  Clauses Literals |    Limit  Clauses Lit/Cl |          |
================================================================================
|        100 |     952    17138   105289 |     6283      100     12 | 11.932 % |
|        250 |     952    17138   105289 |     6912      250     13 | 11.932 % |
|        475 |     952    17138   105289 |     7603      475     13 | 11.932 % |
|        812 |     952    17138   105289 |     8363      812     14 | 11.932 % |
|       1318 |     952    17138   105289 |     9200     1318     14 | 11.932 % |
|       2077 |     952    17138   105289 |    10120     2077     14 | 11.932 % |
|       3216 |     952    17138   105289 |    11132     3216     14 | 11.932 % |
|       4924 |     952    17138   105289 |    12245     4924     14 | 11.932 % |
|       7486 |     952    17138   105289 |    13470     7486     14 | 11.932 % |
|      11330 |     952    17138   105289 |    14817    11330     14 | 11.932 % |
|      17096 |     952    17138   105289 |    16298     9412     14 | 11.932 % |
|      25745 |     952    17138   105289 |    17928     9825     14 | 11.932 % |
|      38719 |     952    17138   105289 |    19721    13718     14 | 11.932 % |
|      58180 |     952    17138   105289 |    21693    13237     14 | 11.932 % |
|      87372 |     952    17138   105289 |    23863    20429     15 | 11.932 % |
|     131161 |     952    17138   105289 |    26249    15779     15 | 11.932 % |
|     196845 |     952    17138   105289 |    28874    26623     15 | 11.932 % |
|     295371 |     952    17138   105289 |    31761    15166     14 | 11.932 % |
|     443160 |     952    17138   105289 |    34938    17158     16 | 11.932 % |
|     664843 |     952    17138   105289 |    38431    28675     15 | 11.932 % |
|     997368 |     952    17138   105289 |    42275    23155     18 | 11.932 % |
|    1496156 |     952    17138   105289 |    46502    41602     15 | 11.932 % |
|    2244338 |     952    17138   105289 |    51152    42932     23 | 11.932 % |
|    3366612 |     952    17138   105289 |    56268    29276     14 | 11.932 % |
|    5050023 |     952    17138   105289 |    61895    30628     18 | 11.932 % |
|    7575139 |     952    17138   105289 |    68084    47785     19 | 11.932 % |
|   11362814 |     952    17138   105289 |    74893    50379     18 | 11.932 % |
|   17044326 |     952    17138   105289 |    82382    48301     16 | 11.932 % |
|   25566595 |     952    17138   105289 |    90620    67520     16 | 11.932 % |
|   38349998 |     952    17138   105289 |    99682    68785     18 | 11.932 % |
|   57525103 |     952    17138   105289 |   109650    88694     16 | 11.932 % |
|   86287761 |     952    17138   105289 |   120615    88786     16 | 11.932 % |
|  129431749 |     952    17138   105289 |   132677    93344     22 | 11.932 % |
|  194147731 |     952    17138   105289 |   145945    72832     16 | 11.932 % |
|  291221704 |     952    17138   105289 |   160539   115566     16 | 11.932 % |
===============================================================================
restarts              : 409271
conflicts             : 357331883      (9842 /sec)
decisions             : 449507788      (0.00 % random) (12380 /sec)
propagations          : 14944404201    (411595 /sec)
conflict literals     : 6832692822     (9.98 % deleted)
Memory used           : 378.00 MB
CPU time              : 36308.5 s

SATISFIABLE
