rn rc t sat cfs dec rts r1 mem ptime stime cfl r s
128 13450 0.45493 1 30 38 1 820 9.00 0.01 0.44 227 1 1
128 13450 0.45693 1 48 61 1 1316 9.00 0.01 0.44 319 1 2
128 13450 0.45693 1 129 144 2 3127 9.00 0.00 0.44 827 1 3
128 13450 0.471928 1 214 229 3 5129 9.00 0.01 0.44 1197 1 4
128 13450 0.467928 1 240 254 3 5741 9.00 0.01 0.44 1385 1 5
128 13450 0.467928 1 159 173 2 3649 9.00 0.01 0.44 1009 1 6
128 13450 0.472928 1 275 293 3 6833 9.00 0.01 0.44 1536 1 7
128 13450 0.45693 1 17 32 1 518 9.00 0.01 0.44 125 1 8
128 13450 0.468928 1 201 216 2 4936 9.00 0.01 0.44 1207 1 9
128 13450 0.45793 1 79 91 1 1969 9.00 0.01 0.44 491 1 10
128 13450 0.462929 1 128 141 2 3024 9.00 0.01 0.44 835 1 11
128 13450 0.464929 1 167 178 2 4097 9.00 0.01 0.44 971 1 12
128 13450 0.45393 1 67 78 1 1621 9.00 0.01 0.44 457 1 13
128 13450 0.461929 1 146 162 2 3522 9.00 0.01 0.44 925 1 14
128 13450 0.461929 1 93 100 1 2157 9.00 0.01 0.44 592 1 15
128 13450 0.460929 1 89 99 1 2158 9.00 0.01 0.44 585 1 16
128 13450 0.45993 1 78 86 1 1901 9.00 0.01 0.44 516 1 17
128 13450 0.45693 1 49 61 1 1223 9.00 0.01 0.44 320 1 18
128 13450 0.460929 1 70 81 1 1790 9.00 0.01 0.44 463 1 19
128 13450 0.462929 1 104 119 2 2253 9.00 0.01 0.44 709 1 20
208 26836 0.953854 1 767 854 6 20184 10.00 0.02 0.88 10685 2 1
208 26836 1.14583 1 3470 3730 18 99641 10.00 0.01 0.88 43163 2 2
208 26836 1.52777 1 8448 8929 35 241650 10.00 0.01 0.88 99743 2 3
208 26836 2.6626 1 20155 21012 70 591293 10.00 0.01 0.88 220866 2 4
208 26836 1.39979 1 6550 6959 31 195743 10.00 0.02 0.89 80286 2 5
208 26836 1.10083 1 2866 3089 15 82233 10.00 0.01 0.88 35314 2 6
208 26836 1.69274 1 9965 10535 44 305300 10.00 0.01 0.88 116991 2 7
208 26836 1.9997 1 13515 14180 60 415557 10.00 0.02 0.88 157385 2 8
208 26836 1.46378 1 7533 7972 31 219372 10.00 0.01 0.88 91081 2 9
208 26836 0.945856 1 784 906 6 18306 10.00 0.02 0.88 10272 2 10
208 26836 1.40379 1 6803 7212 31 201051 10.00 0.01 0.88 81573 2 11
208 26836 1.9897 1 12821 13495 56 378819 10.00 0.02 0.88 144170 2 12
208 26836 2.69259 1 20549 21432 72 585949 10.00 0.02 0.88 226289 2 13
208 26836 2.74558 1 21441 22280 77 646793 11.00 0.02 0.88 228226 2 14
208 26836 1.05784 1 2338 2582 14 63864 10.00 0.02 0.89 29369 2 15
208 26836 1.23181 1 4800 5160 25 125123 10.00 0.01 0.88 58089 2 16
208 26836 2.23566 1 16442 17233 63 488254 10.00 0.01 0.88 180257 2 17
208 26836 1.08683 1 2613 2859 15 68785 10.00 0.02 0.88 33360 2 18
208 26836 1.45878 1 7554 7988 31 215371 10.00 0.02 0.88 90342 2 19
208 26836 1.58576 1 9063 9564 38 265229 10.00 0.01 0.88 106801 2 20
288 40222 9.07662 1 33247 35453 124 2063181 13.00 0.02 1.33 519348 3 1
288 40222 3.64345 1 9887 10769 44 645373 12.00 0.02 1.33 170563 3 2
288 40222 23.4724 1 96421 101274 255 5771546 17.00 0.02 1.33 1367136 3 3
288 40222 3.98939 1 11355 12322 48 764337 12.00 0.02 1.33 186218 3 4
288 40222 4.37533 1 12772 13722 56 842579 12.00 0.02 1.33 222914 3 5
288 40222 1.87372 1 2472 2745 15 150839 12.00 0.02 1.33 49118 3 6
288 40222 5.45717 1 18196 19417 63 1170667 12.00 0.02 1.33 292081 3 7
288 40222 17.4104 1 66079 69548 203 4231835 16.00 0.02 1.33 983010 3 8
288 40222 7.80181 1 27685 29433 98 1753488 12.00 0.02 1.33 446551 3 9
288 40222 3.9104 1 11189 12117 46 729371 12.00 0.02 1.33 192107 3 10
288 40222 4.01539 1 11252 12105 47 731817 12.00 0.02 1.33 210211 3 11
288 40222 8.88765 1 32188 34240 121 2004930 13.00 0.02 1.32 522524 3 12
288 40222 3.9104 1 11152 12050 46 746563 12.00 0.02 1.33 182143 3 13
288 40222 13.238 1 48569 51157 146 3129089 16.00 0.02 1.33 744398 3 14
288 40222 2.13667 1 3510 3850 18 223391 12.00 0.02 1.33 70637 3 15
288 40222 5.13022 1 16595 17796 63 1057579 12.00 0.02 1.33 285530 3 16
288 40222 11.6352 1 45526 48040 133 2723067 14.00 0.02 1.33 668652 3 17
288 40222 2.29565 1 4280 4692 22 268375 12.00 0.02 1.33 83837 3 18
288 40222 8.83366 1 32187 34315 121 1994891 13.00 0.02 1.33 515026 3 19
288 40222 18.8201 1 77423 81851 250 4616351 16.00 0.02 1.33 1120286 3 20
368 53608 18.8601 1 38254 40461 126 4417673 14.00 0.04 1.81 578666 4 1
368 53608 12.5251 1 24423 26002 91 2810471 13.00 0.03 1.81 390212 4 2
368 53608 4.68729 1 6992 7633 31 746781 13.00 0.03 1.81 123339 4 3
368 53608 7.13392 1 13045 14269 59 1426279 13.00 0.03 1.81 211493 4 4
368 53608 4.67829 1 7314 8045 31 763483 13.00 0.03 1.81 117428 4 5
368 53608 8.24875 1 15574 16742 62 1725905 13.00 0.03 1.81 254499 4 6
368 53608 18.8141 1 38439 40611 126 4498124 14.00 0.03 1.81 554436 4 7
368 53608 36.5554 1 73504 76915 230 8606456 22.00 0.03 1.81 1017675 4 8
368 53608 24.8452 1 50937 53512 157 5969473 18.00 0.03 1.81 731064 4 9
368 53608 21.1708 1 43713 45938 127 5115057 14.00 0.03 1.81 607531 4 10
368 53608 26.156 1 53136 55800 161 6181503 18.00 0.03 1.81 790276 4 11
368 53608 31.2243 1 63256 66294 190 7546578 19.00 0.03 1.81 878226 4 12
368 53608 19.3681 1 39139 41156 127 4593213 14.00 0.03 1.81 573722 4 13
368 53608 14.0759 1 28199 30027 101 3256839 13.00 0.03 1.81 420479 4 14
368 53608 18.3512 1 37225 39263 126 4355370 14.00 0.04 1.81 546509 4 15
368 53608 14.0889 1 28438 30148 101 3251457 14.00 0.03 1.81 435171 4 16
368 53608 16.8864 1 34082 36137 125 3970773 14.00 0.03 1.81 502606 4 17
368 53608 37.6163 1 76172 79624 243 9231668 21.00 0.04 1.81 967730 4 18
368 53608 3.52046 1 4763 5560 25 461140 13.00 0.03 1.81 77500 4 19
368 53608 27.7158 1 55918 58448 173 6626087 18.00 0.03 1.81 779437 4 20
448 66994 26.376 1 41122 43785 127 6009243 17.00 0.03 2.26 631858 5 1
448 66994 19.0191 1 28810 30946 104 4141037 14.00 0.04 2.26 451713 5 2
448 66994 14.3998 1 21638 23277 77 3078457 14.00 0.04 2.26 343382 5 3
448 66994 5.07723 1 5616 6324 30 710739 14.00 0.04 2.26 91579 5 4
448 66994 6.52901 1 8602 9545 36 1073922 14.00 0.03 2.25 149836 5 5
448 66994 39.9669 1 62508 66209 190 9102263 19.00 0.03 2.25 926512 5 6
448 66994 8.77167 1 11916 13005 52 1657335 14.00 0.04 2.25 199785 5 7
448 66994 15.7486 1 23794 25664 87 3380949 14.00 0.04 2.25 385051 5 8
448 66994 14.6908 1 21853 23597 78 3149206 14.00 0.04 2.26 358542 5 9
448 66994 17.1664 1 25879 27923 94 3726157 14.00 0.04 2.25 417164 5 10
448 66994 4.99724 1 5473 6278 29 690773 14.00 0.04 2.25 90946 5 11
448 66994 16.1325 1 24812 26661 92 3483640 14.00 0.04 2.25 402124 5 12
448 66994 30.2174 1 47788 50739 142 6932540 18.00 0.04 2.26 716505 5 13
448 66994 6.01609 1 7456 8362 31 952497 14.00 0.04 2.25 125143 5 14
448 66994 19.68 1 30355 32518 109 4360244 14.00 0.04 2.25 479308 5 15
448 66994 4.14837 1 4070 4712 22 474689 14.00 0.03 2.25 70296 5 16
448 66994 32.1761 1 49680 52742 152 7283259 18.00 0.03 2.26 745802 5 17
448 66994 46.079 1 71005 75272 221 10507029 19.00 0.04 2.25 1046438 5 18
448 66994 18.8111 1 26340 28414 94 3727848 14.00 0.03 2.25 411095 5 19
448 66994 47.2498 1 72156 76042 222 10684531 19.00 0.04 2.25 1046093 5 20
528 80380 29.3955 1 35759 38332 126 6576315 18.00 0.04 2.70 515421 6 1
528 80380 6.60699 1 6316 7300 30 951238 16.00 0.05 2.70 109206 6 2
528 80380 25.3781 1 30622 32946 111 5433197 18.00 0.05 2.70 467315 6 3
528 80380 17.5873 1 20865 22659 74 3663797 16.00 0.05 2.70 321596 6 4
528 80380 24.4723 1 29382 31653 108 5312644 18.00 0.04 2.70 450240 6 5
528 80380 46.051 1 54258 57316 167 10336846 19.00 0.04 2.70 742961 6 6
528 80380 15.1127 1 18038 19658 63 3126923 16.00 0.05 2.70 267747 6 7
528 80380 15.8136 1 18473 19882 63 3242490 16.00 0.05 2.70 285898 6 8
528 80380 26.6899 1 31443 33794 116 5836095 18.00 0.05 2.70 488964 6 9
528 80380 15.3447 1 17691 19260 63 3113783 16.00 0.04 2.70 276925 6 10
528 80380 31.9491 1 38457 41026 126 7006361 19.00 0.04 2.70 538225 6 11
528 80380 23.1485 1 27579 29874 97 4999286 16.00 0.04 2.70 401251 6 12
528 80380 22.4856 1 27385 29399 96 4823326 16.00 0.05 2.70 402693 6 13
528 80380 7.45287 1 7549 8622 31 1173484 16.00 0.04 2.70 121750 6 14
528 80380 33.9198 1 40729 43576 127 7495429 19.00 0.05 2.70 592856 6 15
528 80380 4.67629 1 3662 4358 19 485225 16.00 0.05 2.69 58833 6 16
528 80380 3.90041 1 2386 2957 14 290938 16.00 0.04 2.70 38272 6 17
528 80380 8.13376 1 8281 9482 34 1352315 16.00 0.05 2.70 124841 6 18
528 80380 18.6282 1 21741 23464 78 3919949 16.00 0.04 2.69 330115 6 19
528 80380 47.2138 1 56438 59809 176 10585186 20.00 0.04 2.70 782179 6 20
608 93766 87.5997 1 85015 90042 254 18738998 27.00 0.06 3.14 1169180 7 1
608 93766 46.4359 1 45368 48623 131 10094120 20.00 0.06 3.14 683320 7 2
608 93766 13.224 1 12617 14124 55 2428954 17.00 0.05 3.14 200485 7 3
608 93766 52.0141 1 50603 53949 157 11250407 20.00 0.06 3.14 757115 7 4
608 93766 52.867 1 51631 55089 158 11431173 20.00 0.05 3.14 764341 7 5
608 93766 32.4931 1 31976 34584 119 6757389 19.00 0.05 3.14 490692 7 6
608 93766 38.1392 1 38476 41345 126 8305123 19.00 0.06 3.14 573134 7 7
608 93766 60.3208 1 60170 64199 189 13403409 21.00 0.05 3.14 875424 7 8
608 93766 35.6746 1 35034 38074 125 7634969 19.00 0.05 3.14 525817 7 9
608 93766 38.9391 1 38558 41531 127 8335710 19.00 0.06 3.14 558443 7 10
608 93766 30.9563 1 31877 34844 119 6607672 19.00 0.05 3.14 483850 7 11
608 93766 3.9514 1 1693 2313 11 190953 17.00 0.05 3.14 28298 7 12
608 93766 28.7546 1 27720 30064 98 5842343 19.00 0.06 3.14 450749 7 13
608 93766 22.7705 1 22279 24556 78 4711355 18.00 0.05 3.14 346299 7 14
608 93766 24.2953 1 24390 26666 91 5040404 19.00 0.05 3.14 387958 7 15
608 93766 20.2599 1 20773 22718 73 4134037 17.00 0.06 3.14 325125 7 16
608 93766 66.5569 1 64335 68261 193 14177777 21.00 0.05 3.14 950302 7 17
608 93766 46.5879 1 46642 49977 139 10217132 20.00 0.06 3.14 672293 7 18
608 93766 33.6869 1 35379 38438 126 7252272 19.00 0.05 3.14 540289 7 19
608 93766 66.2579 1 64566 68600 194 14426503 21.00 0.05 3.14 923965 7 20
688 107152 4.37533 1 1725 2548 12 170714 18.00 0.06 3.62 28583 8 1
688 107152 9.8725 1 8469 10184 35 1456889 18.00 0.06 3.63 142382 8 2
688 107152 64.3132 1 51645 55456 158 13287344 21.00 0.06 3.63 702768 8 3
688 107152 5.19221 1 2625 3481 15 347119 18.00 0.06 3.63 44364 8 4
688 107152 10.6884 1 8465 10038 35 1652298 18.00 0.06 3.62 139594 8 5
688 107152 15.0677 1 13157 15947 59 2571480 18.00 0.06 3.62 208367 8 6
688 107152 65.3041 1 53901 57989 165 13759433 21.00 0.07 3.62 763398 8 7
688 107152 18.9521 1 17876 20604 63 3538386 19.00 0.06 3.63 275348 8 8
688 107152 51.8731 1 42197 45905 127 10662717 21.00 0.06 3.62 600022 8 9
688 107152 103.191 1 82001 87485 253 21591568 27.00 0.06 3.63 1098066 8 10
688 107152 71.7731 1 58646 63226 188 14783647 22.00 0.06 3.62 803962 8 11
688 107152 54.2128 1 45249 48903 130 11214906 20.00 0.06 3.63 655316 8 12
688 107152 64.1672 1 51871 55686 158 13221610 21.00 0.06 3.62 729371 8 13
688 107152 50.7743 1 42071 45672 127 10752997 20.00 0.07 3.62 597994 8 14
688 107152 34.5557 1 29952 33128 109 6799083 20.00 0.05 3.62 453088 8 15
688 107152 11.5882 1 9566 11413 41 1886179 18.00 0.06 3.62 148945 8 16
688 107152 10.8653 1 8944 10720 38 1672443 18.00 0.06 3.63 153232 8 17
688 107152 14.4808 1 12259 14582 53 2428021 18.00 0.06 3.62 210015 8 18
688 107152 4.27635 1 1919 2899 13 167284 18.00 0.05 3.63 37118 8 19
688 107152 65.613 1 54006 58147 165 13582775 21.00 0.06 3.62 766368 8 20
768 120538 8.00778 1 6083 8038 30 888670 19.00 0.07 4.07 106902 9 1
768 120538 20.2869 1 15971 19596 62 3330306 19.00 0.06 4.07 261068 9 2
768 120538 18.6992 1 15118 18024 62 3200357 19.00 0.07 4.07 255135 9 3
768 120538 58.5861 1 40406 44584 127 11349503 21.00 0.07 4.07 584185 9 4
768 120538 121.447 1 80951 87318 253 23562521 28.00 0.06 4.07 1109219 9 5
768 120538 75.8505 1 52497 57802 158 14109808 22.00 0.07 4.07 731547 9 6
768 120538 92.5569 1 61874 67197 190 17467618 27.00 0.07 4.07 822248 9 7
768 120538 13.8039 1 11979 15212 52 2206438 19.00 0.07 4.07 221771 9 8
768 120538 109.036 1 74433 80404 235 21588165 28.00 0.07 4.07 995014 9 9
768 120538 100.735 1 67008 72390 205 19099024 28.00 0.06 4.07 896943 9 10
768 120538 22.6346 1 17495 20618 63 4038823 19.00 0.07 4.07 276596 9 11
768 120538 6.78897 1 5154 7397 28 630079 19.00 0.07 4.07 93188 9 12
768 120538 81.2486 1 55056 60186 172 15416590 27.00 0.07 4.07 794244 9 13
768 120538 31.0733 1 22395 25413 78 5780100 20.00 0.06 4.07 346740 9 14
768 120538 28.4637 1 20798 23797 73 5289249 20.00 0.07 4.07 319860 9 15
768 120538 39.441 1 28863 32665 104 7371755 21.00 0.07 4.07 442385 9 16
768 120538 33.5559 1 24155 27885 90 6215566 20.00 0.06 4.07 371857 9 17
768 120538 19.56 1 16599 20154 63 3218292 20.00 0.06 4.07 294899 9 18
768 120538 77.4602 1 52548 57945 158 14448904 22.00 0.07 4.07 739921 9 19
768 120538 77.2972 1 53535 58718 164 15082590 22.00 0.06 4.07 723504 9 20
848 133924 119.211 1 66189 72873 204 20909943 28.00 0.07 4.51 946151 10 1
848 133924 41.4487 1 26817 31704 94 6884300 25.00 0.07 4.51 442115 10 2
848 133924 150.39 1 83057 89970 253 26908161 29.00 0.08 4.51 1136869 10 3
848 133924 118.173 1 67304 73839 205 20504929 29.00 0.07 4.51 970274 10 4
848 133924 22.0327 1 17109 20976 63 3514219 25.00 0.07 4.51 293571 10 5
848 133924 83.6973 1 48483 53912 146 15201260 27.00 0.07 4.51 702439 10 6
848 133924 15.5196 1 12519 16363 54 2290344 25.00 0.08 4.51 220690 10 7
848 133924 121.122 1 71871 78750 221 21561804 29.00 0.07 4.51 1022539 10 8
848 133924 128.909 1 72891 79828 227 22952076 29.00 0.08 4.51 1007599 10 9
848 133924 35.9095 1 24082 28309 89 6366164 25.00 0.07 4.51 382864 10 10
848 133924 29.4875 1 21454 25614 77 4971875 25.00 0.08 4.51 349230 10 11
848 133924 87.6167 1 51856 57493 158 15367565 27.00 0.07 4.51 770293 10 12
848 133924 81.2996 1 46653 53091 139 13303071 27.00 0.09 4.51 686821 10 13
848 133924 99.4219 1 55548 62774 173 16458237 28.00 0.07 4.51 884408 10 14
848 133924 33.8519 1 22175 26495 78 5672181 25.00 0.08 4.51 362527 10 15
848 133924 100.415 1 57573 63576 183 18471694 28.00 0.09 4.51 786312 10 16
848 133924 155.268 1 82627 89757 253 27213992 29.00 0.08 4.51 1104532 10 17
848 133924 105.016 1 61899 68327 190 19161619 28.00 0.07 4.51 895111 10 18
848 133924 88.2516 1 51902 57644 158 15598458 28.00 0.07 4.51 732682 10 19
848 133924 13.5479 1 11630 14787 50 1963255 25.00 0.09 4.51 206072 10 20
928 147310 28.7496 1 21149 26322 76 4458919 25.00 0.08 4.96 344179 11 1
928 147310 66.6749 1 35682 41873 126 10745581 25.00 0.09 4.97 558209 11 2
928 147310 160.167 1 76147 84574 243 25735685 30.00 0.08 4.96 1073613 11 3
928 147310 35.6026 1 23301 29089 85 5420782 25.00 0.08 4.96 429077 11 4
928 147310 97.7811 1 51512 57787 158 16315456 28.00 0.09 4.96 782158 11 5
928 147310 59.9399 1 34018 40097 125 9956212 25.00 0.08 4.96 535173 11 6
928 147310 34.9187 1 24283 29318 91 5588780 25.00 0.08 4.96 408144 11 7
928 147310 18.9701 1 14926 20221 62 2720636 25.00 0.08 4.96 280948 11 8
928 147310 148.268 1 69930 77909 220 24075263 30.00 0.09 4.96 1014493 11 9
928 147310 85.0341 1 46308 52729 137 14219454 28.00 0.09 4.96 689176 11 10
928 147310 73.1649 1 40436 46936 127 11612652 27.00 0.08 4.96 644388 11 11
928 147310 10.9883 1 10752 15079 46 1335806 25.00 0.09 4.96 206186 11 12
928 147310 54.3067 1 31790 38003 118 8916123 25.00 0.08 4.96 516163 11 13
928 147310 96.4773 1 48019 55764 142 15702647 28.00 0.08 4.96 719029 11 14
928 147310 30.3074 1 20627 26374 72 4603789 25.00 0.09 4.96 371397 11 15
928 147310 14.1778 1 14364 18761 61 1940306 25.00 0.08 4.96 264413 11 16
928 147310 73.0179 1 40563 46093 127 12287955 28.00 0.08 4.96 639059 11 17
928 147310 92.9789 1 49401 56545 151 14647662 28.00 0.08 4.96 764488 11 18
928 147310 11.7002 1 10083 14103 45 1451721 25.00 0.09 4.96 181201 11 19
928 147310 87.0558 1 45032 51343 129 14228077 27.00 0.09 4.96 698216 11 20
1008 160696 31.5652 1 25658 32051 93 4616116 26.00 0.09 5.44 464906 12 1
1008 160696 178.379 1 76145 85721 242 26211086 31.00 0.09 5.45 1135837 12 2
1008 160696 209.303 1 86041 95248 254 32162966 32.00 0.09 5.45 1159872 12 3
1008 160696 12.1562 1 11363 16096 48 1442172 26.00 0.10 5.45 221701 12 4
1008 160696 241.621 1 100187 109909 255 35151067 32.00 0.09 5.44 1377464 12 5
1008 160696 36.6824 1 25016 31048 93 5634510 26.00 0.09 5.44 456157 12 6
1008 160696 227.469 1 92050 101493 255 34678435 32.00 0.10 5.44 1286223 12 7
1008 160696 126.71 1 60320 68935 189 18229617 30.00 0.10 5.44 971142 12 8
1008 160696 180.992 1 75085 85216 236 25499119 31.00 0.09 5.45 1182735 12 9
1008 160696 144.139 1 65830 75492 202 20248937 30.00 0.10 5.44 1042723 12 10
1008 160696 178.895 1 75530 84870 238 25469685 31.00 0.10 5.44 1152327 12 11
1008 160696 40.8108 1 29288 36203 108 6045205 28.00 0.09 5.44 551614 12 12
1008 160696 45.0222 1 30445 37794 109 6659874 28.00 0.09 5.44 556044 12 13
1008 160696 131.39 1 59789 68236 189 20057518 29.00 0.09 5.44 887491 12 14
1008 160696 95.8654 1 51033 58810 157 14141374 30.00 0.10 5.44 804587 12 15
1008 160696 132.014 1 57760 66259 184 19639377 30.00 0.09 5.45 850460 12 16
1008 160696 26.079 1 21847 27883 78 3859258 26.00 0.10 5.44 411935 12 17
1008 160696 165.433 1 71727 80803 221 25001440 30.00 0.09 5.45 1091822 12 18
1008 160696 104.509 1 48306 55922 145 16472072 29.00 0.10 5.45 736623 12 19
1008 160696 11.8122 1 12833 17744 57 1468472 26.00 0.09 5.45 258424 12 20
1088 174082 136.672 1 59923 68811 189 19446833 31.00 0.10 5.89 987192 13 1
1088 174082 196.013 1 77722 88585 250 26225270 32.00 0.09 5.89 1219559 13 2
1088 174082 62.4445 1 36675 44267 126 9075218 30.00 0.10 5.89 683449 13 3
1088 174082 58.3071 1 33484 42590 124 8186304 28.00 0.10 5.89 622777 13 4
1088 174082 26.223 1 23102 30450 84 3888113 28.00 0.10 5.89 447729 13 5
1088 174082 262.626 1 97248 108857 255 34921470 39.00 0.10 5.89 1514684 13 6
1088 174082 72.575 1 39321 49018 127 10214223 29.00 0.10 5.89 732577 13 7
1088 174082 24.2733 1 22044 29144 78 3526014 27.00 0.10 5.89 413697 13 8
1088 174082 106.713 1 53786 64074 165 15154280 30.00 0.10 5.89 889805 13 9
1088 174082 121.299 1 55786 66594 173 16038970 31.00 0.11 5.89 945099 13 10
1088 174082 150.124 1 63186 73325 190 20966230 31.00 0.10 5.89 997287 13 11
1088 174082 75.7875 1 42848 51280 127 10602265 29.00 0.10 5.89 728572 13 12
1088 174082 105.639 1 47829 56717 142 15905741 29.00 0.10 5.88 761327 13 13
1088 174082 109.268 1 50161 59499 156 15883532 29.00 0.10 5.89 844687 13 14
1088 174082 142.283 1 61608 72235 190 19555372 30.00 0.10 5.89 1047080 13 15
1088 174082 57.4953 1 31434 39576 116 8505912 29.00 0.09 5.89 531766 13 16
1088 174082 135.388 1 58039 67752 186 19111095 30.00 0.10 5.89 910371 13 17
1088 174082 10.4684 1 11195 17256 46 1063252 27.00 0.10 5.89 219952 13 18
1088 174082 231.059 1 89009 100532 254 31569986 33.00 0.10 5.89 1395702 13 19
1088 174082 77.3762 1 41395 49682 127 11156837 29.00 0.10 5.89 684007 13 20
1168 187468 112.649 1 50980 60583 157 16079331 31.00 0.11 6.33 803040 14 1
1168 187468 58.2741 1 30436 38524 109 8470589 30.00 0.10 6.33 543550 14 2
1168 187468 52.1021 1 38405 49238 126 7201434 30.00 0.11 6.33 739811 14 3
1168 187468 51.7801 1 34375 43516 125 7320683 30.00 0.11 6.33 665909 14 4
1168 187468 74.6596 1 43391 53706 127 10224025 31.00 0.12 6.33 765628 14 5
1168 187468 244.949 1 87384 98599 254 32028732 34.00 0.10 6.33 1273248 14 6
1168 187468 26.519 1 27937 37476 100 3745850 29.00 0.10 6.33 556439 14 7
1168 187468 51.6801 1 35082 44448 125 7092649 30.00 0.11 6.33 669192 14 8
1168 187468 280.209 1 99968 114092 255 33471099 41.00 0.11 6.33 1685280 14 9
1168 187468 139.399 1 60283 72427 189 18244470 32.00 0.10 6.33 1112544 14 10
1168 187468 200.782 1 74767 86325 236 27395298 33.00 0.11 6.33 1103022 14 11
1168 187468 65.3921 1 36333 45766 126 9182463 30.00 0.10 6.32 638405 14 12
1168 187468 118.671 1 55132 65119 172 16816157 32.00 0.11 6.33 902092 14 13
1168 187468 106.318 1 49273 59267 149 14417248 32.00 0.11 6.33 850017 14 14
1168 187468 88.7965 1 45575 55141 133 12010066 31.00 0.10 6.33 789503 14 15
1168 187468 277.283 1 94004 105573 255 36696943 41.00 0.11 6.33 1409018 14 16
1168 187468 19.0511 1 21352 29637 77 2612974 28.00 0.11 6.33 426035 14 17
1168 187468 247.822 1 91048 103529 255 31604437 41.00 0.11 6.33 1422751 14 18
1168 187468 116.411 1 53987 64380 165 16031506 31.00 0.10 6.33 904304 14 19
1168 187468 23.8144 1 24552 32030 92 3475656 29.00 0.11 6.33 490995 14 20
1248 200854 57.0153 1 42862 53378 127 8157887 32.00 0.11 6.77 834028 15 1
1248 200854 168.646 1 62390 74216 190 23031227 33.00 0.11 6.78 974601 15 2
1248 200854 93.7777 1 43843 54605 127 13286410 31.00 0.11 6.78 777018 15 3
1248 200854 270.719 1 91227 104015 255 35025357 42.00 0.12 6.78 1423883 15 4
1248 200854 123.624 1 56203 68072 174 16728419 33.00 0.12 6.78 958161 15 5
1248 200854 67.4008 1 48784 61045 148 9075219 32.00 0.11 6.78 933718 15 6
1248 200854 154.162 1 63260 76528 190 20179346 32.00 0.12 6.78 1157804 15 7
1248 200854 262.813 1 98712 112353 255 32685496 42.00 0.12 6.78 1557312 15 8
1248 200854 15.9366 1 20459 28307 71 2081845 29.00 0.12 6.78 411050 15 9
1248 200854 38.8831 1 33343 43751 124 5710987 31.00 0.12 6.78 651770 15 10
1248 200854 119.841 1 56026 67767 173 15945743 33.00 0.12 6.78 981711 15 11
1248 200854 155.187 1 70669 85489 221 19355422 40.00 0.12 6.77 1336093 15 12
1248 200854 60.9607 1 37188 47209 126 8535297 31.00 0.11 6.78 701430 15 13
1248 200854 394.917 1 124750 141485 333 49219587 43.00 0.11 6.78 1977860 15 14
1248 200854 264.313 1 89917 102771 255 34868689 42.00 0.12 6.78 1408114 15 15
1248 200854 42.1056 1 32121 41581 120 5951791 31.00 0.12 6.77 616630 15 16
1248 200854 103.04 1 49137 59970 149 14138496 32.00 0.12 6.78 874564 15 17
1248 200854 166.538 1 63399 74661 190 22283465 33.00 0.11 6.78 1040031 15 18
1248 200854 269.459 1 87610 100891 254 35015217 42.00 0.11 6.78 1364653 15 19
1248 200854 75.2886 1 43749 54190 127 10192328 31.00 0.12 6.78 832866 15 20
1328 214240 152.869 1 59728 72865 189 20404995 38.00 0.13 7.26 1013090 16 1
1328 214240 98.1471 1 56868 71850 179 12725955 38.00 0.12 7.26 1084309 16 2
1328 214240 173.465 1 69878 82701 220 22274872 42.00 0.13 7.26 1190720 16 3
1328 214240 233.2 1 85904 101096 254 28459811 43.00 0.12 7.26 1468972 16 4
1328 214240 283.081 1 98346 114157 255 34097501 42.00 0.12 7.26 1682721 16 5
1328 214240 78.3651 1 45481 57270 133 10954849 38.00 0.12 7.26 857377 16 6
1328 214240 13.9779 1 19356 26309 65 1701869 38.00 0.12 7.26 398859 16 7
1328 214240 114.322 1 53186 65423 161 15824849 38.00 0.13 7.26 930223 16 8
1328 214240 407.628 1 119562 137427 318 47033929 44.00 0.13 7.26 1935310 16 9
1328 214240 427.877 1 122753 140696 325 49837750 44.00 0.12 7.26 1979424 16 10
1328 214240 284.343 1 90614 105045 255 36581840 43.00 0.12 7.26 1428594 16 11
1328 214240 217.885 1 82702 98863 253 27041020 42.00 0.12 7.26 1458020 16 12
1328 214240 33.041 1 32236 42366 121 4979560 38.00 0.12 7.27 681695 16 13
1328 214240 86.2399 1 51113 65745 157 11540867 38.00 0.12 7.26 955931 16 14
1328 214240 458.232 1 133530 152550 368 53785870 44.00 0.12 7.26 2139373 16 15
1328 214240 169.099 1 70685 85336 221 21336552 41.00 0.12 7.26 1305950 16 16
1328 214240 46.4059 1 33372 44640 124 6498284 38.00 0.12 7.25 658293 16 17
1328 214240 150.894 1 60623 75721 189 19758735 38.00 0.13 7.26 1071670 16 18
1328 214240 44.4652 1 42057 55310 127 6037059 38.00 0.13 7.26 861316 16 19
1328 214240 313.718 1 104482 119353 268 38636688 44.00 0.12 7.26 1646875 16 20
1408 227626 345.892 1 116170 133658 315 41513996 46.00 0.14 7.71 1875066 17 1
1408 227626 67.4078 1 41700 55809 127 9129915 38.00 0.13 7.71 785809 17 2
1408 227626 192.745 1 87202 106125 254 22284244 43.00 0.13 7.71 1699450 17 3
1408 227626 217.245 1 82129 98452 253 26653963 43.00 0.13 7.71 1492807 17 4
1408 227626 173.089 1 69187 83030 218 21852417 43.00 0.14 7.71 1248802 17 5
1408 227626 90.8952 1 53924 67229 165 12719367 38.00 0.14 7.71 1042828 17 6
1408 227626 52.555 1 42878 54486 127 7800045 38.00 0.14 7.70 837367 17 7
1408 227626 62.8554 1 48013 61362 142 9193505 38.00 0.14 7.71 979822 17 8
1408 227626 20.2779 1 24580 35070 92 2707092 38.00 0.13 7.71 495106 17 9
1408 227626 58.5901 1 52386 66130 158 8785632 38.00 0.13 7.71 1065933 17 10
1408 227626 224.089 1 79569 94076 252 28042700 44.00 0.14 7.71 1370754 17 11
1408 227626 283.836 1 106225 124428 274 33276178 46.00 0.15 7.71 1780654 17 12
1408 227626 99.7548 1 55484 68285 173 13789307 38.00 0.14 7.71 1045405 17 13
1408 227626 368.754 1 109075 126160 286 46329102 44.00 0.13 7.70 1619764 17 14
1408 227626 60.2468 1 47054 61339 141 8321100 38.00 0.14 7.71 927419 17 15
1408 227626 384.788 1 112005 128583 296 45089595 46.00 0.14 7.71 1813643 17 16
1408 227626 309.477 1 99450 117104 255 36302483 43.00 0.12 7.71 1738086 17 17
1408 227626 203.743 1 82182 100642 253 25021232 43.00 0.13 7.71 1502951 17 18
1408 227626 92.5779 1 55799 70550 173 12433773 41.00 0.13 7.71 1095683 17 19
1408 227626 114.511 1 60458 73673 189 15275758 42.00 0.14 7.71 1160894 17 20
1488 241012 54.7537 1 46681 59518 139 8054390 39.00 0.14 8.15 927214 18 1
1488 241012 382.466 1 111569 128578 293 46775428 46.00 0.14 8.14 1742819 18 2
1488 241012 45.904 1 45989 61171 134 6713578 39.00 0.14 8.15 952814 18 3
1488 241012 50.3453 1 40379 54870 127 7152013 39.00 0.13 8.15 799033 18 4
1488 241012 234.488 1 85011 102469 254 27821222 45.00 0.14 8.15 1521789 18 5
1488 241012 36.2675 1 48554 64401 146 5358812 41.00 0.15 8.14 987296 18 6
1488 241012 277.708 1 94605 111679 255 33110305 45.00 0.12 8.15 1598591 18 7
1488 241012 210.397 1 82046 101179 253 25303127 44.00 0.16 8.14 1543245 18 8
1488 241012 303.865 1 101791 119345 255 35430326 46.00 0.14 8.15 1736659 18 9
1488 241012 286.255 1 106889 125846 277 33598725 47.00 0.14 8.15 1856500 18 10
1488 241012 129.871 1 70692 88497 221 16157784 43.00 0.14 8.15 1423299 18 11
1488 241012 354.479 1 124204 142958 332 39737107 48.00 0.15 8.15 2177987 18 12
1488 241012 417.127 1 127455 146200 348 47784787 47.00 0.14 8.15 2146550 18 13
1488 241012 92.6299 1 59294 73922 188 12467369 43.00 0.14 8.14 1216447 18 14
1488 241012 44.3523 1 41909 55189 127 6648721 39.00 0.15 8.15 835836 18 15
1488 241012 104.39 1 62752 78014 190 14057727 43.00 0.14 8.15 1251616 18 16
1488 241012 42.7125 1 42212 54694 127 6401142 39.00 0.13 8.15 862010 18 17
1488 241012 148.077 1 63051 78781 190 19661719 42.00 0.14 8.14 1130105 18 18
1488 241012 474.816 1 123968 143367 332 56267993 47.00 0.14 8.15 1968976 18 19
1488 241012 79.146 1 60099 76509 189 10793942 42.00 0.15 8.14 1257623 18 20
1568 254398 259.786 1 102951 123105 258 31070794 46.00 0.14 8.59 1931096 19 1
1568 254398 306.82 1 103579 125834 262 34714965 46.00 0.14 8.60 1959407 19 2
1568 254398 191.323 1 81431 98916 253 23433824 45.00 0.15 8.61 1529587 19 3
1568 254398 593.95 1 151978 174400 406 66463114 48.00 0.16 8.61 2498767 19 4
1568 254398 62.1775 1 56342 73370 176 8586793 42.00 0.15 8.60 1185511 19 5
1568 254398 183.141 1 77076 94769 248 22567005 45.00 0.15 8.61 1454443 19 6
1568 254398 182.17 1 78173 95165 251 22501812 45.00 0.14 8.60 1530910 19 7
1568 254398 564.756 1 165429 188225 445 58475901 63.00 0.15 8.60 2740862 19 8
1568 254398 158.528 1 75850 94842 240 19593407 44.00 0.15 8.60 1505612 19 9
1568 254398 501.353 1 136620 157996 380 57836505 49.00 0.16 8.60 2165077 19 10
1568 254398 50.0584 1 54436 69918 168 7768214 42.00 0.14 8.60 1137964 19 11
1568 254398 266.669 1 88209 106667 254 32813259 46.00 0.15 8.60 1531754 19 12
1568 254398 113.974 1 71933 91520 221 14980520 44.00 0.16 8.60 1403126 19 13
1568 254398 283.308 1 100003 118864 255 33267222 47.00 0.14 8.60 1744719 19 14
1568 254398 42.1596 1 47429 62970 142 6415905 42.00 0.15 8.60 980605 19 15
1568 254398 77.1183 1 57202 73601 180 10861759 43.00 0.15 8.60 1156671 19 16
1568 254398 125.272 1 72552 91234 225 16384828 45.00 0.15 8.60 1469222 19 17
1568 254398 231.683 1 87699 106433 254 28529373 45.00 0.17 8.60 1619629 19 18
1568 254398 315.76 1 99058 117719 255 38093982 46.00 0.15 8.60 1720917 19 19
1568 254398 353.917 1 109178 129607 286 40913409 47.00 0.14 8.60 1904979 19 20
1648 267784 130.786 1 68186 87680 212 16456887 44.00 0.15 9.11 1368607 20 1
1648 267784 88.4336 1 72906 93802 227 12572930 45.00 0.16 9.08 1547127 20 2
1648 267784 120.135 1 67019 86125 205 15564426 44.00 0.15 9.09 1384946 20 3
1648 267784 351.896 1 103756 124323 262 41416715 48.00 0.16 9.08 1819349 20 4
1648 267784 610.133 1 143487 166920 382 68260451 50.00 0.16 9.07 2296091 20 5
1648 267784 158.185 1 80210 99609 253 20206986 46.00 0.15 9.07 1618094 20 6
1648 267784 59.5459 1 53174 69409 161 8768356 43.00 0.15 9.08 1129169 20 7
1648 267784 274.337 1 107719 127479 283 33039237 47.00 0.14 9.08 1989129 20 8
1648 267784 188.965 1 84557 106524 254 23316262 45.00 0.17 9.08 1663560 20 9
1648 267784 107.538 1 68865 86752 215 14824812 45.00 0.15 9.07 1354496 20 10
1648 267784 77.7762 1 57662 74468 183 11188535 44.00 0.16 9.08 1171794 20 11
1648 267784 609.796 1 161909 187173 444 66374922 64.00 0.15 9.08 2615003 20 12
1648 267784 136.543 1 74629 93402 236 17786043 46.00 0.15 9.08 1535215 20 13
1648 267784 85.183 1 60605 78844 189 11775128 44.00 0.17 9.08 1265150 20 14
1648 267784 82.7004 1 55026 71216 172 11894167 44.00 0.15 9.07 1203836 20 15
1648 267784 400.658 1 124720 146836 333 44756540 50.00 0.15 9.07 2176945 20 16
1648 267784 82.5285 1 64391 81730 193 11663936 44.00 0.16 9.07 1295836 20 17
1648 267784 127.692 1 71978 91373 221 16534908 45.00 0.15 9.08 1436019 20 18
1648 267784 450.061 1 137530 162597 380 49355135 62.00 0.15 9.08 2443155 20 19
1648 267784 30.6753 1 36135 48992 126 4695669 41.00 0.16 9.08 756496 20 20
