WARNING: for repeatability, setting FPU to use double precision
============================[ Problem Statistics ]=============================
|                                                                             |
|  Number of variables:           928                                         |
|  Number of clauses:           11878                                         |
|  Parse time:                   0.01 s                                       |
|  Eliminated clauses:           0.01 Mb                                      |
|  Simplification time:          0.04 s                                       |
|                                                                             |
=============================[ Search Statistics ]==============================
| Conflicts  |          ORIGINAL         |          LEARNT          | Progress |
|            |    Vars  Clauses Literals |    Limit  Clauses Lit/Cl |          |
================================================================================
|        100 |     616    11078    68083 |     4061      100     13 | 12.931 % |
|        250 |     616    11078    68083 |     4468      250     13 | 12.931 % |
|        475 |     616    11078    68083 |     4914      475     14 | 12.931 % |
|        812 |     616    11078    68083 |     5406      812     14 | 12.931 % |
|       1318 |     616    11078    68083 |     5947     1318     14 | 12.931 % |
|       2077 |     616    11078    68083 |     6541     2077     14 | 12.931 % |
|       3216 |     616    11078    68083 |     7195     3216     15 | 12.931 % |
|       4924 |     616    11078    68083 |     7915     4924     15 | 12.931 % |
|       7486 |     616    11078    68083 |     8707     7486     15 | 12.931 % |
|      11330 |     616    11078    68083 |     9577     6750     14 | 12.931 % |
|      17096 |     616    11078    68083 |    10535     7589     15 | 12.931 % |
|      25745 |     616    11078    68083 |    11589     5475     14 | 12.931 % |
|      38719 |     616    11078    68083 |    12748     6649     15 | 12.931 % |
|      58180 |     616    11078    68083 |    14022     6725     15 | 12.931 % |
|      87372 |     616    11078    68083 |    15425     7387     14 | 12.931 % |
|     131161 |     616    11078    68083 |    16967    11987     15 | 12.931 % |
|     196845 |     616    11078    68083 |    18664     8902     14 | 12.931 % |
|     295371 |     616    11078    68083 |    20530    13075     14 | 12.931 % |
|     443160 |     616    11078    68083 |    22584    15436     15 | 12.931 % |
|     664843 |     616    11078    68083 |    24842    20182     15 | 12.931 % |
|     997368 |     616    11078    68083 |    27326    24478     16 | 12.931 % |
|    1496156 |     616    11078    68083 |    30059    21885     15 | 12.931 % |
|    2244338 |     616    11078    68083 |    33065    22553     17 | 12.931 % |
|    3366612 |     616    11078    68083 |    36371    17441     14 | 12.931 % |
|    5050023 |     616    11078    68083 |    40008    14192     16 | 12.931 % |
|    7575139 |     616    11078    68083 |    44009    25593     17 | 12.931 % |
|   11362814 |     616    11078    68083 |    48410    29595     16 | 12.931 % |
|   17044326 |     616    11078    68083 |    53251    31881     17 | 12.931 % |
|   25566595 |     616    11078    68083 |    58577    31653     15 | 12.931 % |
|   38349998 |     616    11078    68083 |    64434    50093     16 | 12.931 % |
|   57525103 |     616    11078    68083 |    70878    24280     14 | 12.931 % |
===============================================================================
restarts              : 99579
conflicts             : 77672761       (18513 /sec)
decisions             : 97244460       (0.00 % random) (23178 /sec)
propagations          : 2543218390     (606182 /sec)
conflict literals     : 1404635556     (9.18 % deleted)
Memory used           : 117.00 MB
CPU time              : 4195.47 s

SATISFIABLE
