WARNING: for repeatability, setting FPU to use double precision
============================[ Problem Statistics ]=============================
|                                                                             |
|  Number of variables:          1408                                         |
|  Number of clauses:           18322                                         |
|  Parse time:                   0.01 s                                       |
|  Eliminated clauses:           0.01 Mb                                      |
|  Simplification time:          0.06 s                                       |
|                                                                             |
=============================[ Search Statistics ]==============================
| Conflicts  |          ORIGINAL         |          LEARNT          | Progress |
|            |    Vars  Clauses Literals |    Limit  Clauses Lit/Cl |          |
================================================================================
|        100 |     952    17138   105289 |     6283      100     11 | 11.932 % |
|        250 |     952    17138   105289 |     6912      250     14 | 11.932 % |
|        475 |     952    17138   105289 |     7603      475     15 | 11.932 % |
|        812 |     952    17138   105289 |     8363      812     14 | 11.932 % |
|       1318 |     952    17138   105289 |     9200     1318     13 | 11.932 % |
|       2077 |     952    17138   105289 |    10120     2077     14 | 11.932 % |
|       3216 |     952    17138   105289 |    11132     3216     14 | 11.932 % |
|       4924 |     952    17138   105289 |    12245     4924     14 | 11.932 % |
|       7486 |     952    17138   105289 |    13470     7486     14 | 11.932 % |
|      11330 |     952    17138   105289 |    14817    11330     14 | 11.932 % |
|      17096 |     952    17138   105289 |    16298     9541     15 | 11.932 % |
|      25745 |     952    17138   105289 |    17928     9941     15 | 11.932 % |
|      38719 |     952    17138   105289 |    19721    13614     15 | 11.932 % |
|      58180 |     952    17138   105289 |    21693    13089     14 | 11.932 % |
|      87372 |     952    17138   105289 |    23863    20362     15 | 11.932 % |
|     131161 |     952    17138   105289 |    26249    15451     14 | 11.932 % |
|     196845 |     952    17138   105289 |    28874    13253     15 | 11.932 % |
|     295371 |     952    17138   105289 |    31761    15337     14 | 11.932 % |
|     443160 |     952    17138   105289 |    34938    18493     15 | 11.932 % |
|     664843 |     952    17138   105289 |    38431    16123     14 | 11.932 % |
|     997368 |     952    17138   105289 |    42275    18881     17 | 11.932 % |
|    1496156 |     952    17138   105289 |    46502    37766     15 | 11.932 % |
|    2244338 |     952    17138   105289 |    51152    45434     16 | 11.932 % |
|    3366612 |     952    17138   105289 |    56268    41338     15 | 11.932 % |
|    5050023 |     952    17138   105289 |    61895    40320     22 | 11.932 % |
|    7575139 |     952    17138   105289 |    68084    39263     16 | 11.932 % |
|   11362814 |     952    17138   105289 |    74893    49629     18 | 11.932 % |
|   17044326 |     952    17138   105289 |    82382    47716     15 | 11.932 % |
|   25566595 |     952    17138   105289 |    90620    42240     15 | 11.932 % |
===============================================================================
restarts              : 46587
conflicts             : 33126197       (21764 /sec)
decisions             : 45276329       (0.00 % random) (29747 /sec)
propagations          : 935014572      (614320 /sec)
conflict literals     : 586845093      (7.72 % deleted)
Memory used           : 106.00 MB
CPU time              : 1522.03 s

SATISFIABLE
