WARNING: for repeatability, setting FPU to use double precision
============================[ Problem Statistics ]=============================
|                                                                             |
|  Number of variables:           768                                         |
|  Number of clauses:            9730                                         |
|  Parse time:                   0.01 s                                       |
|  Eliminated clauses:           0.01 Mb                                      |
|  Simplification time:          0.03 s                                       |
|                                                                             |
=============================[ Search Statistics ]==============================
| Conflicts  |          ORIGINAL         |          LEARNT          | Progress |
|            |    Vars  Clauses Literals |    Limit  Clauses Lit/Cl |          |
================================================================================
|        100 |     504     9058    55681 |     3321      100     16 | 13.542 % |
|        250 |     504     9058    55681 |     3653      250     15 | 13.542 % |
|        475 |     504     9058    55681 |     4018      475     16 | 13.542 % |
|        812 |     504     9058    55681 |     4420      812     15 | 13.542 % |
|       1318 |     504     9058    55681 |     4862     1318     15 | 13.542 % |
|       2077 |     504     9058    55681 |     5348     2077     15 | 13.542 % |
|       3216 |     504     9058    55681 |     5883     3216     15 | 13.542 % |
|       4924 |     504     9058    55681 |     6472     4924     15 | 13.542 % |
|       7486 |     504     9058    55681 |     7119     4168     15 | 13.542 % |
|      11330 |     504     9058    55681 |     7831     4281     14 | 13.542 % |
|      17096 |     504     9058    55681 |     8614     5959     15 | 13.542 % |
|      25745 |     504     9058    55681 |     9475     5842     14 | 13.542 % |
|      38719 |     504     9058    55681 |    10423     9145     15 | 13.542 % |
|      58180 |     504     9058    55681 |    11465     7215     15 | 13.542 % |
|      87372 |     504     9058    55681 |    12612     7116     14 | 13.542 % |
|     131161 |     504     9058    55681 |    13873    12516     14 | 13.542 % |
|     196845 |     504     9058    55681 |    15261     7731     15 | 13.542 % |
|     295371 |     504     9058    55681 |    16787    13606     14 | 13.542 % |
|     443160 |     504     9058    55681 |    18465    16749     16 | 13.542 % |
|     664843 |     504     9058    55681 |    20312    14581     14 | 13.542 % |
|     997368 |     504     9058    55681 |    22343    18856     15 | 13.542 % |
|    1496156 |     504     9058    55681 |    24578    22042     15 | 13.542 % |
|    2244338 |     504     9058    55681 |    27036    14918     15 | 13.542 % |
|    3366612 |     504     9058    55681 |    29739    17392     14 | 13.542 % |
|    5050023 |     504     9058    55681 |    32713    20105     18 | 13.542 % |
|    7575139 |     504     9058    55681 |    35984    31157     19 | 13.542 % |
|   11362814 |     504     9058    55681 |    39583    32091     18 | 13.542 % |
|   17044326 |     504     9058    55681 |    43541    25285     16 | 13.542 % |
===============================================================================
restarts              : 25979
conflicts             : 17466499       (5773019 /sec)
decisions             : 22519028       (0.00 % random) (7442978 /sec)
propagations          : 449521362      (148575581 /sec)
conflict literals     : 302634538      (7.98 % deleted)
Memory used           : 49.00 MB
CPU time              : 3.02554 s

SATISFIABLE
