WARNING: for repeatability, setting FPU to use double precision
============================[ Problem Statistics ]=============================
|                                                                             |
|  Number of variables:          1168                                         |
|  Number of clauses:           15100                                         |
|  Parse time:                   0.01 s                                       |
|  Eliminated clauses:           0.01 Mb                                      |
|  Simplification time:          0.05 s                                       |
|                                                                             |
=============================[ Search Statistics ]==============================
| Conflicts  |          ORIGINAL         |          LEARNT          | Progress |
|            |    Vars  Clauses Literals |    Limit  Clauses Lit/Cl |          |
================================================================================
|        100 |     784    14108    86686 |     5172      100     13 | 12.329 % |
|        250 |     784    14108    86686 |     5690      250     14 | 12.329 % |
|        475 |     784    14108    86686 |     6259      475     14 | 12.329 % |
|        812 |     784    14108    86686 |     6885      812     14 | 12.329 % |
|       1318 |     784    14108    86686 |     7573     1318     14 | 12.329 % |
|       2077 |     784    14108    86686 |     8331     2077     14 | 12.329 % |
|       3216 |     784    14108    86686 |     9164     3216     14 | 12.329 % |
|       4924 |     784    14108    86686 |    10080     4924     14 | 12.329 % |
|       7486 |     784    14108    86686 |    11088     7486     14 | 12.329 % |
|      11330 |     784    14108    86686 |    12197     5712     14 | 12.329 % |
|      17096 |     784    14108    86686 |    13417    11478     15 | 12.329 % |
|      25745 |     784    14108    86686 |    14758    13313     15 | 12.329 % |
|      38719 |     784    14108    86686 |    16234    11155     15 | 12.329 % |
|      58180 |     784    14108    86686 |    17858    14019     14 | 12.329 % |
|      87372 |     784    14108    86686 |    19644    15906     15 | 12.329 % |
|     131161 |     784    14108    86686 |    21608    19780     15 | 12.329 % |
|     196845 |     784    14108    86686 |    23769    19789     15 | 12.329 % |
|     295371 |     784    14108    86686 |    26146    22068     15 | 12.329 % |
|     443160 |     784    14108    86686 |    28761    24287     16 | 12.329 % |
|     664843 |     784    14108    86686 |    31637    17253     14 | 12.329 % |
|     997368 |     784    14108    86686 |    34800    14562     17 | 12.329 % |
|    1496156 |     784    14108    86686 |    38280    28034     14 | 12.329 % |
|    2244338 |     784    14108    86686 |    42109    37799     21 | 12.329 % |
|    3366612 |     784    14108    86686 |    46320    30188     15 | 12.329 % |
|    5050023 |     784    14108    86686 |    50952    29711     18 | 12.329 % |
|    7575139 |     784    14108    86686 |    56047    25155     16 | 12.329 % |
|   11362814 |     784    14108    86686 |    61651    26012     17 | 12.329 % |
|   17044326 |     784    14108    86686 |    67817    38161     16 | 12.329 % |
|   25566595 |     784    14108    86686 |    74598    30779     15 | 12.329 % |
|   38349998 |     784    14108    86686 |    82058    66169     16 | 12.329 % |
|   57525103 |     784    14108    86686 |    90264    51137     17 | 12.329 % |
|   86287761 |     784    14108    86686 |    99291    30871     14 | 12.329 % |
===============================================================================
restarts              : 141307
conflicts             : 117780601      (14528 /sec)
decisions             : 148895787      (0.00 % random) (18366 /sec)
propagations          : 4269195863     (526606 /sec)
conflict literals     : 2190867732     (9.48 % deleted)
Memory used           : 195.00 MB
CPU time              : 8107 s

SATISFIABLE
