rn rc t sat cfs dec rts r1 mem ptime stime cfl r s
728 5288 0.011998 1 20 66 1 2928 8.00 0.00 0.01 451 1 1
728 5288 0.043993 1 1255 1514 8 184063 8.00 0.00 0.01 23522 1 2
728 5288 0.025996 1 549 734 5 86209 8.00 0.00 0.01 10692 1 3
728 5288 0.020996 1 503 684 5 66589 8.00 0.00 0.00 9689 1 4
728 5288 0.013997 1 157 229 2 20576 8.00 0.00 0.01 3345 1 5
728 5288 0.014997 1 60 124 1 5394 8.00 0.00 0.01 1233 1 6
728 5288 0.012998 1 101 194 2 11804 8.00 0.00 0.01 2015 1 7
728 5288 0.021996 1 532 729 5 74435 8.00 0.00 0.01 11594 1 8
728 5288 0.033994 1 878 1136 7 129300 8.00 0.00 0.01 18156 1 9
728 5288 0.016997 1 379 510 3 50730 8.00 0.00 0.01 7802 1 10
728 5288 0.013997 1 195 301 2 18567 8.00 0.00 0.01 3764 1 11
728 5288 0.036994 1 984 1276 7 143534 8.00 0.00 0.01 20201 1 12
728 5288 0.020996 1 286 495 3 31677 8.00 0.00 0.01 5905 1 13
728 5288 0.011998 1 32 76 1 3989 8.00 0.00 0.01 842 1 14
728 5288 0.026995 1 602 779 5 92213 8.00 0.00 0.01 12584 1 15
728 5288 0.044993 1 1343 1706 9 198055 8.00 0.00 0.01 27628 1 16
728 5288 0.055991 1 1700 2030 11 246318 8.00 0.00 0.01 31088 1 17
728 5288 0.038994 1 1068 1335 7 162798 8.00 0.00 0.01 21262 1 18
728 5288 0.009998 1 162 251 2 16668 8.00 0.00 0.01 3042 1 19
728 5288 0.017997 1 262 356 3 39052 8.00 0.00 0.01 5769 1 20
1408 10512 1.35479 1 15457 18936 62 6773714 9.00 0.01 0.01 606407 2 1
1408 10512 2.98555 1 32895 37801 124 14139225 9.00 0.00 0.02 1132243 2 2
1408 10512 0.710891 1 8065 9465 32 3931630 9.00 0.01 0.02 302490 2 3
1408 10512 0.105983 1 1150 1443 7 599697 9.00 0.00 0.01 39868 2 4
1408 10512 14.0229 1 125505 135556 337 61569489 10.00 0.00 0.01 4829153 2 5
1408 10512 6.23905 1 61392 69196 190 27770391 9.00 0.00 0.01 2312917 2 6
1408 10512 4.84126 1 47885 53321 142 23400504 9.00 0.01 0.01 1794117 2 7
1408 10512 1.87372 1 19776 22726 68 9659357 9.00 0.00 0.01 759369 2 8
1408 10512 2.6626 1 27184 30648 94 13173132 9.00 0.01 0.01 1077805 2 9
1408 10512 13.9949 1 123066 133123 326 59921169 10.00 0.00 0.01 4845102 2 10
1408 10512 3.16252 1 34132 39586 125 13699588 9.00 0.01 0.01 1144788 2 11
1408 10512 5.45417 1 50370 56551 156 23658703 9.00 0.00 0.01 2085201 2 12
1408 10512 5.16921 1 52234 59061 158 23254619 9.00 0.01 0.01 1993954 2 13
1408 10512 1.09183 1 13859 16864 61 5265661 9.00 0.01 0.01 401694 2 14
1408 10512 1.40179 1 15114 17859 62 7229192 9.00 0.01 0.01 579056 2 15
1408 10512 2.09268 1 22288 25545 78 10928881 9.00 0.00 0.01 833136 2 16
1408 10512 2.32265 1 23754 27278 86 11670088 9.00 0.01 0.01 924639 2 17
1408 10512 2.87056 1 30192 35680 109 13351918 9.00 0.01 0.01 1148457 2 18
1408 10512 5.07623 1 53601 60128 164 23035645 9.00 0.01 0.01 1841113 2 19
1408 10512 1.53377 1 16609 19364 63 8179687 9.00 0.01 0.01 629892 2 20
2088 15736 0.081987 1 455 706 4 386873 9.00 0.01 0.02 17582 3 1
2088 15736 11.8642 1 65660 73221 200 55778334 13.00 0.01 0.02 2927387 3 2
2088 15736 4.43532 1 26882 31124 94 23118472 11.00 0.01 0.02 1130315 3 3
2088 15736 13.471 1 73431 81998 229 60970876 13.00 0.01 0.02 3175405 3 4
2088 15736 3.60445 1 22167 26390 78 18552622 11.00 0.01 0.02 940875 3 5
2088 15736 2.37164 1 15193 18028 62 13367604 9.00 0.01 0.02 619592 3 6
2088 15736 0.271958 1 1912 2587 13 1731725 9.00 0.01 0.02 75487 3 7
2088 15736 0.625904 1 4420 5619 23 3899488 9.00 0.01 0.02 183617 3 8
2088 15736 3.52146 1 21734 25350 78 17649705 11.00 0.01 0.02 985182 3 9
2088 15736 7.60784 1 44175 50022 127 37771676 12.00 0.01 0.02 1847418 3 10
2088 15736 3.38348 1 21251 24711 76 18548261 9.00 0.01 0.02 862272 3 11
2088 15736 2.20966 1 14424 17114 61 12462283 9.00 0.01 0.02 594210 3 12
2088 15736 3.88741 1 24127 28148 89 20830915 10.00 0.01 0.02 1009349 3 13
2088 15736 17.7353 1 98301 108019 255 81227629 13.00 0.00 0.02 3928270 3 14
2088 15736 5.50416 1 33083 38088 124 28416596 12.00 0.01 0.02 1421524 3 15
2088 15736 7.14691 1 42028 47227 127 34978392 12.00 0.01 0.02 1804871 3 16
2088 15736 16.1036 1 85480 94683 254 70267190 13.00 0.01 0.02 3703847 3 17
2088 15736 20.6909 1 109082 119117 286 89728698 13.00 0.01 0.02 4625335 3 18
2088 15736 6.13907 1 36525 42928 126 26405383 12.00 0.01 0.02 1536981 3 19
2088 15736 9.69053 1 54748 61937 171 46878439 13.00 0.00 0.02 2432134 3 20
2768 20960 2.20167 1 11658 14120 50 13119057 10.00 0.01 0.02 409965 4 1
2768 20960 8.21775 1 39611 44098 127 45582350 13.00 0.01 0.03 1360827 4 2
2768 20960 2.72259 1 13460 16148 60 16032679 10.00 0.01 0.02 484812 4 3
2768 20960 2.15767 1 11223 13458 46 12955397 10.00 0.01 0.02 394196 4 4
2768 20960 24.2033 1 107561 116152 282 120125811 14.00 0.01 0.02 3454113 4 5
2768 20960 16.3535 1 76476 83417 243 87312338 14.00 0.01 0.02 2605693 4 6
2768 20960 1.76773 1 9803 11869 43 10651391 10.00 0.01 0.03 341693 4 7
2768 20960 30.1284 1 136036 145198 379 157492316 14.00 0.01 0.03 4348582 4 8
2768 20960 1.24481 1 6627 7981 31 7903319 10.00 0.01 0.02 195154 4 9
2768 20960 0.278957 1 1168 1397 7 1742701 10.00 0.01 0.02 25932 4 10
2768 20960 9.2036 1 43213 48165 127 48482415 13.00 0.01 0.02 1534347 4 11
2768 20960 1.04984 1 5359 6525 29 6811446 10.00 0.01 0.02 163936 4 12
2768 20960 2.25066 1 11716 14163 50 13523951 10.00 0.01 0.03 424701 4 13
2768 20960 21.1108 1 95448 103018 255 110710407 14.00 0.01 0.02 3111208 4 14
2768 20960 3.69644 1 18768 21372 63 21504115 10.00 0.01 0.02 636000 4 15
2768 20960 8.95664 1 42472 47582 127 48600017 13.00 0.01 0.02 1512319 4 16
2768 20960 28.3607 1 124163 134568 332 139506084 14.00 0.01 0.02 4029637 4 17
2768 20960 6.78597 1 33213 37271 124 37565849 12.00 0.01 0.02 1106661 4 18
2768 20960 6.01908 1 29588 33198 108 33154403 12.00 0.01 0.02 1000563 4 19
2768 20960 9.26159 1 42250 47283 127 48855701 13.00 0.01 0.02 1469906 4 20
3448 26184 1.19982 1 5074 6378 28 7521153 10.00 0.01 0.03 192039 5 1
3448 26184 4.19736 1 16782 19616 63 24856703 10.00 0.01 0.03 604232 5 2
3448 26184 22.2616 1 80105 86931 252 124914925 17.00 0.01 0.03 2596720 5 3
3448 26184 2.6116 1 11391 13828 48 16705370 10.00 0.01 0.03 342671 5 4
3448 26184 20.9008 1 76555 82986 243 117974809 16.00 0.01 0.03 2564050 5 5
3448 26184 0.216967 1 702 925 6 1217320 10.00 0.01 0.03 22441 5 6
3448 26184 16.8394 1 55425 62078 173 86754783 16.00 0.01 0.03 2082892 5 7
3448 26184 25.4551 1 87806 95407 254 139321576 14.00 0.01 0.03 2713723 5 8
3448 26184 9.2156 1 35961 40575 126 53653538 13.00 0.01 0.03 1185295 5 9
3448 26184 10.2274 1 37062 41493 126 58000544 13.00 0.01 0.03 1194877 5 10
3448 26184 21.5697 1 72583 79802 225 118272420 16.00 0.01 0.03 2462368 5 11
3448 26184 20.3429 1 75200 80840 236 117899544 17.00 0.01 0.03 2156975 5 12
3448 26184 1.25881 1 5387 6853 29 7720013 10.00 0.01 0.03 206050 5 13
3448 26184 11.2573 1 44058 51686 127 61867391 16.00 0.01 0.03 1580167 5 14
3448 26184 1.27981 1 5697 7787 30 7973498 10.00 0.01 0.03 187987 5 15
3448 26184 1.23781 1 4612 5484 24 7999646 10.00 0.01 0.03 135743 5 16
3448 26184 3.33849 1 12941 15315 58 20364110 10.00 0.01 0.03 433090 5 17
3448 26184 1.9507 1 7483 9066 31 12254362 10.00 0.01 0.03 254462 5 18
3448 26184 19.411 1 63232 70464 190 100187308 17.00 0.01 0.03 2502820 5 19
3448 26184 16.9194 1 61857 67890 190 92585455 14.00 0.01 0.03 1974937 5 20
4128 31408 0.836872 1 2249 2721 14 5562395 11.00 0.01 0.04 60437 6 1
4128 31408 19.771 1 61962 71008 190 106878483 17.00 0.01 0.04 2119729 6 2
4128 31408 12.4931 1 35279 39053 126 74977497 17.00 0.01 0.04 1130409 6 3
4128 31408 11.0163 1 37930 45612 126 60915340 17.00 0.01 0.04 1344596 6 4
4128 31408 3.54146 1 14102 18592 61 20900530 11.00 0.01 0.04 536326 6 5
4128 31408 10.7044 1 35637 41418 126 62443551 16.00 0.02 0.04 1064544 6 6
4128 31408 2.55261 1 8104 9962 32 16615082 11.00 0.01 0.04 286500 6 7
4128 31408 35.1996 1 102740 109940 257 208791847 17.00 0.02 0.04 3170828 6 8
4128 31408 5.59815 1 16449 18590 63 36095233 11.00 0.01 0.04 478918 6 9
4128 31408 18.1822 1 51721 57100 158 107851094 17.00 0.02 0.04 1628021 6 10
4128 31408 8.95264 1 30452 35265 109 52355071 14.00 0.01 0.04 942922 6 11
4128 31408 3.86041 1 13461 16344 60 24391730 11.00 0.01 0.04 403495 6 12
4128 31408 3.09253 1 9434 11182 41 20253249 11.00 0.01 0.04 314978 6 13
4128 31408 8.43072 1 22914 25884 82 53424572 11.00 0.01 0.03 724267 6 14
4128 31408 19.423 1 53201 58278 161 114499397 17.00 0.01 0.04 1707324 6 15
4128 31408 8.5367 1 25308 28973 93 52945629 11.00 0.01 0.04 838983 6 16
4128 31408 6.40603 1 23398 28909 85 36653857 11.00 0.01 0.04 805278 6 17
4128 31408 43.0984 1 132067 144627 363 223767584 18.00 0.01 0.04 3835844 6 18
4128 31408 20.5899 1 66112 75447 203 111291901 17.00 0.01 0.04 2225230 6 19
4128 31408 7.39687 1 26268 31902 94 42296004 14.00 0.01 0.04 943478 6 20
4808 36632 2.12368 1 8014 11443 31 12856935 11.00 0.02 0.04 342986 7 1
4808 36632 25.4541 1 66438 76027 204 142412285 17.00 0.02 0.04 2076106 7 2
4808 36632 2.57661 1 7318 8733 31 16599960 11.00 0.02 0.04 228732 7 3
4808 36632 15.3177 1 40950 44758 127 93969908 18.00 0.02 0.04 1098186 7 4
4808 36632 26.307 1 68916 78370 215 147410365 18.00 0.01 0.04 2226197 7 5
4808 36632 12.3091 1 32216 36530 121 72224704 14.00 0.02 0.04 1222511 7 6
4808 36632 44.4752 1 111786 118676 294 261952650 20.00 0.02 0.04 2964560 7 7
4808 36632 3.77343 1 10833 13428 46 24303728 11.00 0.01 0.04 306935 7 8
4808 36632 11.4103 1 32083 36679 120 69413146 14.00 0.02 0.04 952277 7 9
4808 36632 18.5232 1 45925 50642 134 107215198 17.00 0.02 0.04 1594631 7 10
4808 36632 8.24675 1 24620 29891 92 48062392 11.00 0.01 0.04 905029 7 11
4808 36632 23.1765 1 54540 60077 169 137455638 17.00 0.02 0.04 1664120 7 12
4808 36632 8.39172 1 23660 28403 86 49646334 11.00 0.01 0.04 833922 7 13
4808 36632 10.1715 1 27446 31673 96 62547596 11.00 0.02 0.04 794087 7 14
4808 36632 17.4533 1 48776 56046 148 100404379 17.00 0.01 0.04 1551804 7 15
4808 36632 17.1184 1 42919 46482 127 101030116 17.00 0.02 0.04 1389306 7 16
4808 36632 25.0732 1 62281 68603 190 147927502 17.00 0.01 0.04 2021767 7 17
4808 36632 15.7656 1 41671 45650 127 96379544 18.00 0.02 0.04 1045138 7 18
4808 36632 17.2194 1 46222 50227 136 107028822 18.00 0.02 0.04 1132953 7 19
4808 36632 31.7022 1 84405 90373 254 195689749 18.00 0.02 0.04 2003225 7 20
5488 41856 13.5209 1 28746 32596 104 80537937 15.00 0.02 0.05 995055 8 1
5488 41856 10.1355 1 23333 26513 85 62002313 12.00 0.02 0.05 794434 8 2
5488 41856 7.03493 1 15993 18862 62 43133715 12.00 0.02 0.05 591657 8 3
5488 41856 15.2157 1 35243 38709 125 90830270 15.00 0.02 0.05 1119685 8 4
5488 41856 1.9987 1 4905 6266 26 12599395 12.00 0.02 0.05 188670 8 5
5488 41856 5.17321 1 11223 13168 47 33425782 12.00 0.02 0.05 350095 8 6
5488 41856 13.289 1 29257 34125 107 78388473 15.00 0.01 0.05 1103247 8 7
5488 41856 1.85772 1 4325 5572 22 11936146 12.00 0.02 0.05 130822 8 8
5488 41856 10.6264 1 22613 26022 80 65975302 12.00 0.02 0.05 722174 8 9
5488 41856 19.495 1 40945 45124 127 113498813 15.00 0.02 0.05 1388744 8 10
5488 41856 8.81566 1 19471 22170 66 53988882 12.00 0.02 0.05 696051 8 11
5488 41856 8.36073 1 18408 21318 63 51584135 12.00 0.02 0.05 635089 8 12
5488 41856 25.3222 1 55202 60373 172 146021915 18.00 0.02 0.05 1767597 8 13
5488 41856 9.92749 1 21685 24606 78 61464640 12.00 0.02 0.05 732898 8 14
5488 41856 31.2133 1 64952 72556 197 167210609 23.00 0.02 0.05 2357284 8 15
5488 41856 5.96509 1 12261 13931 53 38801808 12.00 0.02 0.05 345974 8 16
5488 41856 16.0946 1 34690 38551 125 96728694 15.00 0.02 0.05 1141529 8 17
5488 41856 44.7152 1 89900 98129 255 247166384 23.00 0.02 0.05 2963296 8 18
5488 41856 40.1989 1 81805 88807 253 233896714 22.00 0.02 0.05 2601823 8 19
5488 41856 3.49947 1 8690 10997 37 22073720 12.00 0.02 0.05 302086 8 20
6168 47080 26.361 1 49748 54546 153 161211172 20.00 0.02 0.06 1643673 9 1
6168 47080 2.06569 1 5370 7104 29 13150731 12.00 0.02 0.06 175772 9 2
6168 47080 29.4785 1 50261 55261 156 181371558 20.00 0.02 0.06 1605091 9 3
6168 47080 44.6672 1 82619 90115 253 262141761 25.00 0.02 0.06 2812161 9 4
6168 47080 16.0206 1 31126 35556 115 99078400 15.00 0.02 0.06 1181243 9 5
6168 47080 3.11453 1 7720 10638 31 19857788 12.00 0.02 0.06 252483 9 6
6168 47080 7.64284 1 15410 18348 62 49136220 12.00 0.02 0.06 591924 9 7
6168 47080 3.36549 1 8080 10278 32 21792207 12.00 0.02 0.06 256079 9 8
6168 47080 27.4688 1 50048 54581 155 168624710 20.00 0.02 0.06 1568068 9 9
6168 47080 15.5496 1 31548 36073 116 99157762 12.00 0.03 0.06 825718 9 10
6168 47080 52.0051 1 93406 100192 255 314380279 23.00 0.02 0.06 2789254 9 11
6168 47080 21.7167 1 46768 53467 140 126285836 15.00 0.02 0.05 1491631 9 12
6168 47080 2.51362 1 5184 6599 28 16373007 12.00 0.02 0.06 200580 9 13
6168 47080 11.1713 1 24788 29666 92 68784601 12.00 0.02 0.06 834102 9 14
6168 47080 22.1246 1 46488 53258 137 129783358 16.00 0.02 0.06 1447187 9 15
6168 47080 11.3983 1 21673 24584 78 73312000 12.00 0.02 0.06 711066 9 16
6168 47080 53.8188 1 105103 116936 270 305839768 26.00 0.02 0.06 3162634 9 17
6168 47080 15.5886 1 30852 35639 112 96316569 15.00 0.02 0.05 1095785 9 18
6168 47080 0.552915 1 1065 1510 7 3244659 12.00 0.02 0.06 38275 9 19
6168 47080 50.3953 1 94356 101470 255 296717192 23.00 0.02 0.06 3027789 9 20
6848 52304 2.15167 1 5004 6261 27 13889494 13.00 0.02 0.06 170220 10 1
6848 52304 50.0514 1 85952 92349 254 312527978 24.00 0.02 0.06 1893659 10 2
6848 52304 29.5735 1 52738 58728 158 182463847 16.00 0.02 0.06 1352061 10 3
6848 52304 4.25035 1 9329 11854 40 27243756 13.00 0.02 0.06 291776 10 4
6848 52304 37.5863 1 68390 77295 212 211369549 24.00 0.02 0.06 2023288 10 5
6848 52304 4.74828 1 9284 11259 39 31657878 13.00 0.03 0.06 262082 10 6
6848 52304 14.8387 1 27344 30780 95 96692860 13.00 0.02 0.06 728492 10 7
6848 52304 53.2919 1 91778 98110 255 331011675 24.00 0.02 0.06 2089500 10 8
6848 52304 29.9824 1 50824 55995 157 178539009 21.00 0.02 0.06 1676161 10 9
6848 52304 2.0027 1 4507 6400 23 12707560 13.00 0.02 0.06 149804 10 10
6848 52304 41.7696 1 68128 74109 211 238387787 24.00 0.02 0.06 2148478 10 11
6848 52304 3.67644 1 6491 7863 31 24179258 13.00 0.03 0.06 199136 10 12
6848 52304 9.90449 1 16944 19011 63 63888274 13.00 0.02 0.06 562959 10 13
6848 52304 43.5674 1 77045 86255 248 237911941 25.00 0.03 0.06 2336171 10 14
6848 52304 39.244 1 65141 70524 197 227426823 21.00 0.02 0.06 2040875 10 15
6848 52304 8.94164 1 18279 22615 63 56298766 13.00 0.02 0.06 650122 10 16
6848 52304 42.1876 1 74594 79776 236 262017530 24.00 0.02 0.06 1686321 10 17
6848 52304 60.8777 1 107260 119033 280 346617803 26.00 0.03 0.06 3394028 10 18
6848 52304 49.9784 1 80769 86549 253 299681764 24.00 0.02 0.06 2245269 10 19
6848 52304 39.603 1 66118 73099 203 227455392 24.00 0.02 0.06 1838013 10 20
7528 57528 14.8517 1 23610 27312 85 92716501 15.00 0.03 0.07 887838 11 1
7528 57528 12.6901 1 19804 22870 68 80082653 13.00 0.02 0.07 735481 11 2
7528 57528 17.5293 1 30131 35715 109 111086225 15.00 0.02 0.07 976155 11 3
7528 57528 36.6864 1 57600 63851 183 227081669 22.00 0.02 0.07 1530811 11 4
7528 57528 14.3828 1 24064 27998 89 89178754 15.00 0.02 0.07 825272 11 5
7528 57528 4.67529 1 9802 12946 43 29899869 13.00 0.02 0.07 359891 11 6
7528 57528 48.4846 1 68500 74915 212 276980615 22.00 0.03 0.07 2333311 11 7
7528 57528 3.54446 1 8066 11556 32 22552421 13.00 0.03 0.07 321100 11 8
7528 57528 18.9731 1 30406 34113 109 118002452 15.00 0.02 0.07 1027226 11 9
7528 57528 1.53077 1 2153 2710 14 9801453 13.00 0.02 0.07 54838 11 10
7528 57528 5.10222 1 8125 9419 32 33038500 13.00 0.03 0.07 278757 11 11
7528 57528 2.47762 1 5336 7547 29 15731708 13.00 0.03 0.07 196802 11 12
7528 57528 16.7565 1 28881 33257 104 106668911 15.00 0.03 0.07 934324 11 13
7528 57528 32.805 1 51213 55425 157 211550491 17.00 0.02 0.07 1160239 11 14
7528 57528 4.44332 1 6541 7849 31 29122200 13.00 0.02 0.07 179702 11 15
7528 57528 64.1602 1 97357 105342 255 364685115 27.00 0.03 0.07 3237224 11 16
7528 57528 15.5696 1 25565 29228 93 96890337 15.00 0.02 0.07 885768 11 17
7528 57528 27.0029 1 40599 46185 127 157796105 20.00 0.02 0.07 1494134 11 18
7528 57528 17.0134 1 28636 32587 103 109948282 13.00 0.03 0.07 764591 11 19
7528 57528 12.4791 1 19686 22240 67 79389455 13.00 0.02 0.07 615210 11 20
8208 62752 52.75 1 74842 84937 236 294387275 23.00 0.03 0.08 2335030 12 1
8208 62752 19.1411 1 28859 32376 104 127496410 14.00 0.02 0.07 728975 12 2
8208 62752 24.1503 1 37283 43225 126 148858307 16.00 0.03 0.08 1148078 12 3
8208 62752 32.1971 1 46152 50112 135 209735606 17.00 0.03 0.08 1094736 12 4
8208 62752 5.2742 1 7077 8214 31 35078125 14.00 0.03 0.08 178416 12 5
8208 62752 0.214967 1 194 308 2 725559 14.00 0.03 0.08 4698 12 6
8208 62752 79.7729 1 110974 118130 289 469141619 28.00 0.03 0.08 3110345 12 7
8208 62752 23.6604 1 37305 43006 126 147664722 16.00 0.03 0.08 1100844 12 8
8208 62752 41.2727 1 57094 62876 180 243807440 22.00 0.03 0.08 1956120 12 9
8208 62752 0.245962 1 466 840 4 920743 14.00 0.03 0.08 16108 12 10
8208 62752 1.17982 1 2366 3482 14 7200818 14.00 0.03 0.08 97783 12 11
8208 62752 14.5138 1 25911 32534 94 89706484 15.00 0.02 0.07 947091 12 12
8208 62752 3.89941 1 6333 8150 30 25466776 14.00 0.03 0.08 186433 12 13
8208 62752 7.8998 1 12472 14559 54 53607475 14.00 0.03 0.08 353486 12 14
8208 62752 57.9802 1 78971 85994 252 337620283 35.00 0.03 0.08 2726672 12 15
8208 62752 3.2695 1 6025 8409 30 21183143 14.00 0.03 0.08 210664 12 16
8208 62752 9.97848 1 17773 22192 63 64194641 14.00 0.03 0.07 600876 12 17
8208 62752 56.8914 1 75452 82983 238 319980584 30.00 0.03 0.08 2630028 12 18
8208 62752 18.4372 1 27049 30794 94 116397783 16.00 0.03 0.08 1009231 12 19
8208 62752 10.9643 1 16784 19251 63 73581488 14.00 0.03 0.08 454817 12 20
8888 67976 11.7012 1 19224 24239 63 74247271 14.00 0.03 0.08 662676 13 1
8888 67976 49.8184 1 65844 73526 201 297203364 22.00 0.03 0.08 1930074 13 2
8888 67976 27.1579 1 37304 42402 126 172410816 17.00 0.03 0.08 991679 13 3
8888 67976 6.69498 1 10151 12013 45 44891990 14.00 0.03 0.08 300239 13 4
8888 67976 0.341948 1 452 736 4 1563381 14.00 0.03 0.08 12323 13 5
8888 67976 9.95749 1 15365 18830 62 64118917 14.00 0.03 0.08 488804 13 6
8888 67976 33.8958 1 48119 55408 143 206101563 21.00 0.03 0.08 1529502 13 7
8888 67976 6.91595 1 12074 16107 53 43647366 14.00 0.03 0.08 472258 13 8
8888 67976 31.3272 1 39250 43698 127 200192458 17.00 0.03 0.08 1267250 13 9
8888 67976 4.20036 1 7916 11249 31 26737279 14.00 0.03 0.08 317695 13 10
8888 67976 1.08384 1 1945 3041 13 6544920 14.00 0.03 0.08 69208 13 11
8888 67976 30.6203 1 39244 42562 127 194615961 17.00 0.03 0.08 1155611 13 12
8888 67976 10.0405 1 12642 14718 56 66393742 14.00 0.03 0.08 394645 13 13
8888 67976 1.08883 1 1913 2815 13 6482103 14.00 0.03 0.08 72172 13 14
8888 67976 37.6843 1 50348 56240 156 238448968 18.00 0.03 0.08 1405001 13 15
8888 67976 28.1137 1 39709 44980 127 179084658 17.00 0.03 0.08 1107702 13 16
8888 67976 30.8973 1 40577 45642 127 194915931 17.00 0.02 0.08 1059124 13 17
8888 67976 0.618905 1 1092 1720 7 3376859 14.00 0.03 0.08 41296 13 18
8888 67976 39.147 1 53426 60396 163 240326827 21.00 0.03 0.08 1657128 13 19
8888 67976 61.5436 1 79187 87889 252 358201856 23.00 0.03 0.08 2257803 13 20
9568 73200 9.8575 1 12058 14213 53 64905294 14.00 0.03 0.09 368873 14 1
9568 73200 16.0646 1 20748 24137 73 103346200 14.00 0.04 0.09 690402 14 2
9568 73200 31.1453 1 38850 44011 127 192560498 17.00 0.03 0.09 1350344 14 3
9568 73200 40.0029 1 46391 51580 137 244386605 21.00 0.03 0.09 1538549 14 4
9568 73200 57.3573 1 65685 72553 200 328857219 23.00 0.03 0.09 2410106 14 5
9568 73200 13.393 1 16907 19915 63 85438882 14.00 0.03 0.09 648075 14 6
9568 73200 30.2134 1 38164 43324 126 192657647 17.00 0.03 0.09 1055584 14 7
9568 73200 74.6866 1 81699 88880 253 424084062 31.00 0.03 0.09 2772859 14 8
9568 73200 6.08108 1 7401 8742 31 40219770 14.00 0.03 0.09 221010 14 9
9568 73200 83.9642 1 93300 100874 255 478535591 32.00 0.03 0.09 2688408 14 10
9568 73200 6.99094 1 9634 11458 42 45501963 14.00 0.03 0.09 334869 14 11
9568 73200 51.6841 1 60929 67354 189 304245425 22.00 0.03 0.09 2075375 14 12
9568 73200 25.3192 1 30772 34606 112 157150426 16.00 0.03 0.09 1028621 14 13
9568 73200 31.1193 1 38585 43692 127 190787014 17.00 0.03 0.09 1398634 14 14
9568 73200 4.55531 1 5089 5889 28 30012420 14.00 0.04 0.09 123542 14 15
9568 73200 11.2003 1 13976 16667 61 72357903 14.00 0.03 0.09 507929 14 16
9568 73200 64.5232 1 69546 75726 219 393573146 23.00 0.03 0.09 1971117 14 17
9568 73200 51.1832 1 58856 64704 188 302721938 23.00 0.03 0.09 2021412 14 18
9568 73200 12.4401 1 15992 18358 62 81021209 14.00 0.03 0.09 505513 14 19
9568 73200 69.2255 1 81849 91010 253 416554823 23.00 0.03 0.09 2270610 14 20
10248 78424 0.78788 1 901 1296 7 4389162 15.00 0.04 0.10 32265 15 1
10248 78424 71.3482 1 77553 85262 250 407959704 31.00 0.04 0.10 2774794 15 2
10248 78424 47.9017 1 52031 57009 158 294134742 22.00 0.04 0.09 1628453 15 3
10248 78424 36.9454 1 41340 45600 127 229657885 17.00 0.04 0.10 1365613 15 4
10248 78424 73.6108 1 81719 89702 253 448736320 24.00 0.03 0.09 2196801 15 5
10248 78424 37.5603 1 42265 47664 127 224402991 22.00 0.03 0.10 1471081 15 6
10248 78424 39.354 1 44544 49176 127 257707342 18.00 0.04 0.10 1098941 15 7
10248 78424 4.32034 1 6356 8835 30 28135025 15.00 0.04 0.10 230341 15 8
10248 78424 60.1958 1 62780 68817 190 350584809 23.00 0.03 0.10 2152907 15 9
10248 78424 42.2186 1 45345 49978 131 260727694 22.00 0.03 0.10 1398194 15 10
10248 78424 3.16452 1 4224 5624 22 21135967 15.00 0.03 0.10 135974 15 11
10248 78424 17.4014 1 18678 20878 63 118539084 15.00 0.04 0.10 425316 15 12
10248 78424 27.4368 1 31544 35500 116 183733671 17.00 0.04 0.10 816999 15 13
10248 78424 14.8247 1 18329 20845 63 100624311 15.00 0.03 0.10 476240 15 14
10248 78424 21.9017 1 20403 22516 70 150020128 15.00 0.04 0.10 422207 15 15
10248 78424 25.0452 1 32399 39219 122 155451524 17.00 0.03 0.09 1227660 15 16
10248 78424 81.5276 1 88431 94088 254 509504944 25.00 0.03 0.10 2055647 15 17
10248 78424 65.1531 1 67240 74992 205 370441286 23.00 0.04 0.10 2343255 15 18
10248 78424 27.0949 1 28616 32390 103 172494445 17.00 0.03 0.10 911453 15 19
10248 78424 15.3827 1 20539 25464 71 97578568 16.00 0.04 0.10 741691 15 20
10928 83648 11.9862 1 13688 16484 61 75834781 16.00 0.03 0.10 489592 16 1
10928 83648 61.5376 1 69686 79279 219 351220906 23.00 0.04 0.10 2249828 16 2
10928 83648 54.7677 1 57428 62113 181 334286181 23.00 0.04 0.10 1801616 16 3
10928 83648 73.6778 1 77388 87250 250 410871702 24.00 0.04 0.11 2403462 16 4
10928 83648 12.6061 1 13597 16255 60 81190775 16.00 0.04 0.10 528818 16 5
10928 83648 5.83211 1 7878 10933 31 37146277 16.00 0.03 0.10 300937 16 6
10928 83648 7.30789 1 9557 11920 41 47206138 16.00 0.04 0.10 320289 16 7
10928 83648 38.9281 1 44008 51109 127 235315588 18.00 0.04 0.10 1309894 16 8
10928 83648 44.4442 1 42557 46924 127 274938357 18.00 0.04 0.10 1278200 16 9
10928 83648 20.2679 1 20759 23185 73 133772273 16.00 0.04 0.10 578353 16 10
10928 83648 6.39103 1 6702 8465 31 42201325 16.00 0.03 0.10 198172 16 11
10928 83648 13.411 1 16653 20651 63 86182731 16.00 0.04 0.10 589675 16 12
10928 83648 36.9694 1 42190 48961 127 222673623 22.00 0.04 0.10 1559856 16 13
10928 83648 21.6227 1 23107 27096 84 136313731 16.00 0.04 0.10 841014 16 14
10928 83648 18.3822 1 22841 28202 81 113386606 17.00 0.04 0.10 791147 16 15
10928 83648 28.9916 1 34981 42214 125 176550688 17.00 0.04 0.10 1187175 16 16
10928 83648 60.9157 1 63199 68668 190 381679022 24.00 0.03 0.10 1474488 16 17
10928 83648 38.6211 1 40064 44505 127 237868286 22.00 0.04 0.10 1410677 16 18
10928 83648 10.2214 1 10829 12650 46 67099911 16.00 0.04 0.10 366810 16 19
10928 83648 48.2847 1 51918 58326 158 297929767 22.00 0.04 0.10 1385938 16 20
11608 88872 38.9441 1 38587 43436 127 236297212 22.00 0.04 0.11 1374116 17 1
11608 88872 19.773 1 19746 22780 68 126233990 16.00 0.04 0.11 711977 17 2
11608 88872 89.8163 1 84660 92224 254 547046880 24.00 0.04 0.11 1988677 17 3
11608 88872 59.212 1 57737 62089 184 374117049 24.00 0.04 0.11 1352984 17 4
11608 88872 100.224 1 91724 98152 255 571065175 39.00 0.04 0.11 2719730 17 5
11608 88872 90.4562 1 84293 90534 254 522962015 32.00 0.04 0.11 2565248 17 6
11608 88872 55.6795 1 54736 59013 171 340183040 23.00 0.04 0.11 1582960 17 7
11608 88872 47.7657 1 45870 51089 134 291570291 22.00 0.03 0.11 1547736 17 8
11608 88872 0.421935 1 277 473 3 1810358 16.00 0.04 0.11 9752 17 9
11608 88872 42.2376 1 39615 44023 127 259518892 18.00 0.04 0.11 1255097 17 10
11608 88872 78.5831 1 76196 85189 243 468692130 24.00 0.04 0.11 2360133 17 11
11608 88872 9.38957 1 8873 10629 38 61400112 16.00 0.03 0.11 267137 17 12
11608 88872 54.3367 1 53059 57550 160 346741732 23.00 0.04 0.11 1343459 17 13
11608 88872 15.9696 1 14922 17266 62 104289670 16.00 0.04 0.11 471541 17 14
11608 88872 81.1917 1 75390 81214 237 492837662 24.00 0.04 0.11 1945691 17 15
11608 88872 47.6638 1 44704 49495 127 285390129 22.00 0.04 0.11 1534318 17 16
11608 88872 27.9807 1 27643 31291 97 176538826 17.00 0.04 0.11 909883 17 17
11608 88872 13.5429 1 13714 16215 61 87735007 16.00 0.04 0.11 476874 17 18
11608 88872 21.6817 1 21542 24950 77 138486591 17.00 0.04 0.11 723549 17 19
11608 88872 19.3271 1 19812 22697 68 122201416 16.00 0.04 0.11 647912 17 20
12288 94096 59.013 1 54202 60776 166 359433906 23.00 0.04 0.12 1426453 18 1
12288 94096 10.3664 1 12100 15910 53 66124570 17.00 0.04 0.12 467616 18 2
12288 94096 1.59476 1 997 1211 7 9747430 17.00 0.04 0.12 16237 18 3
12288 94096 14.3978 1 13107 15569 59 91056138 17.00 0.04 0.12 472770 18 4
12288 94096 73.9928 1 66004 72925 203 445885179 28.00 0.04 0.12 1841053 18 5
12288 94096 11.3203 1 12893 16576 57 72141239 17.00 0.04 0.12 439727 18 6
12288 94096 23.6194 1 23631 27870 85 147197492 17.00 0.04 0.12 733402 18 7
12288 94096 50.4613 1 44212 48957 127 297283973 23.00 0.04 0.11 1646795 18 8
12288 94096 68.1126 1 63644 72468 190 373959431 24.00 0.04 0.12 2149137 18 9
12288 94096 30.6893 1 28831 33782 104 192705495 18.00 0.04 0.12 901774 18 10
12288 94096 28.7846 1 29733 35881 109 176785545 17.00 0.04 0.12 1014118 18 11
12288 94096 21.6697 1 20230 22798 70 136281969 17.00 0.04 0.12 667207 18 12
12288 94096 42.0626 1 41338 47907 127 251790800 22.00 0.04 0.12 1328219 18 13
12288 94096 109.689 1 94913 106424 255 592741012 33.00 0.04 0.12 2878454 18 14
12288 94096 96.4363 1 80202 87133 253 537417031 32.00 0.04 0.12 2655929 18 15
12288 94096 91.3501 1 83644 93824 254 506480307 32.00 0.04 0.12 2517826 18 16
12288 94096 34.7807 1 30337 34627 109 214264159 18.00 0.04 0.12 1079580 18 17
12288 94096 39.9669 1 37812 42850 126 253266912 18.00 0.04 0.12 1014040 18 18
12288 94096 37.0294 1 33409 38339 124 219352115 18.00 0.04 0.12 1151189 18 19
12288 94096 78.777 1 73296 82393 228 457060758 25.00 0.04 0.12 2127269 18 20
12968 99320 59.9889 1 48300 53177 145 350752544 24.00 0.04 0.13 1616310 19 1
12968 99320 102.982 1 79401 86140 252 594535898 26.00 0.04 0.13 1826502 19 2
12968 99320 13.02 1 11931 14926 52 82164902 17.00 0.04 0.12 382011 19 3
12968 99320 40.5338 1 36209 41763 126 246380231 18.00 0.04 0.13 1070221 19 4
12968 99320 91.2471 1 72984 79704 228 506462399 32.00 0.04 0.13 2464143 19 5
12968 99320 51.3742 1 41788 46549 127 304125409 23.00 0.04 0.12 1417043 19 6
12968 99320 17.1264 1 16237 19857 63 109426155 17.00 0.04 0.13 498573 19 7
12968 99320 12.1382 1 12668 16541 56 75657724 17.00 0.05 0.12 418827 19 8
12968 99320 7.15591 1 6251 7965 30 45120063 17.00 0.04 0.13 186226 19 9
12968 99320 9.93749 1 7375 8569 31 64403057 17.00 0.05 0.12 198166 19 10
12968 99320 65.598 1 53304 58661 161 381183002 23.00 0.05 0.13 1777856 19 11
12968 99320 19.909 1 15971 18493 62 125789390 17.00 0.04 0.12 465588 19 12
12968 99320 6.555 1 6631 8897 31 42092009 17.00 0.04 0.13 213661 19 13
12968 99320 57.5672 1 50745 57488 157 339855029 23.00 0.04 0.12 1484936 19 14
12968 99320 108.875 1 82584 89779 253 620218550 26.00 0.05 0.13 1840746 19 15
12968 99320 17.5433 1 14949 17826 62 109905098 17.00 0.04 0.13 500312 19 16
12968 99320 123.097 1 101137 112318 255 660059892 44.00 0.04 0.13 2860836 19 17
12968 99320 33.9548 1 29203 34047 107 212326561 18.00 0.04 0.12 812674 19 18
12968 99320 56.5574 1 44723 49381 127 338341007 23.00 0.04 0.13 1502600 19 19
12968 99320 15.6566 1 12909 15347 57 98201216 17.00 0.04 0.12 441126 19 20
13648 104544 56.4094 1 47083 55402 141 313550326 23.00 0.04 0.13 1713368 20 1
13648 104544 12.5651 1 12594 16989 55 75024881 17.00 0.05 0.13 482719 20 2
13648 104544 48.2737 1 38440 43176 126 273373010 23.00 0.05 0.13 1379027 20 3
13648 104544 43.0025 1 37371 44267 126 245387158 18.00 0.05 0.13 1239574 20 4
13648 104544 2.51362 1 2017 2611 14 15141060 17.00 0.05 0.14 51758 20 5
13648 104544 19.777 1 16333 18691 63 121589295 17.00 0.05 0.13 521811 20 6
13648 104544 25.6801 1 19353 22089 65 158140890 17.00 0.04 0.13 604522 20 7
13648 104544 5.34819 1 5098 6748 28 33586967 17.00 0.04 0.13 147299 20 8
13648 104544 79.9408 1 58689 65094 188 433031579 24.00 0.05 0.13 2070162 20 9
13648 104544 104.471 1 81486 91021 253 573486265 32.00 0.04 0.14 2474713 20 10
13648 104544 16.6165 1 12351 14324 53 104161898 17.00 0.04 0.13 377527 20 11
13648 104544 43.9383 1 35426 39346 126 269220202 18.00 0.04 0.13 887561 20 12
13648 104544 2.14967 1 2348 3832 14 12585761 17.00 0.04 0.13 97829 20 13
13648 104544 4.26135 1 3615 4541 18 26046618 17.00 0.04 0.13 133321 20 14
13648 104544 10.8284 1 8919 10774 38 66708755 17.00 0.05 0.13 314835 20 15
13648 104544 36.0755 1 28419 32726 101 211437801 18.00 0.04 0.13 1047375 20 16
13648 104544 36.6754 1 30201 34082 109 224680283 18.00 0.04 0.13 791540 20 17
13648 104544 2.38964 1 1971 3001 13 14687408 17.00 0.04 0.13 50453 20 18
13648 104544 25.3222 1 21098 24578 76 157463531 17.00 0.05 0.13 565567 20 19
13648 104544 41.3897 1 30440 34196 109 244814979 18.00 0.05 0.13 1002576 20 20
