rn rc t sat cfs dec rts r1 mem ptime stime cfl r s
216 1280 0.014997 1 737 810 6 34064 8.00 0.00 0.00 5972 1 1
216 1280 0.007998 1 473 513 4 21931 8.00 0.00 0.00 3513 1 2
216 1280 0.008998 1 354 389 3 14417 8.00 0.00 0.00 3378 1 3
216 1280 0.006998 1 327 361 3 13302 8.00 0.00 0.00 2666 1 4
216 1280 0.010998 1 441 510 4 18982 8.00 0.00 0.00 3484 1 5
216 1280 0.004999 1 52 63 1 1506 8.00 0.00 0.00 516 1 6
216 1280 0.005999 1 87 103 1 3389 8.00 0.00 0.00 1079 1 7
216 1280 0.005999 1 177 211 2 6763 8.00 0.00 0.00 1780 1 8
216 1280 0.011998 1 542 595 5 23489 8.00 0.00 0.00 4563 1 9
216 1280 0.008998 1 293 327 3 12501 8.00 0.00 0.00 2416 1 10
216 1280 0.007998 1 229 265 3 8916 8.00 0.00 0.00 1909 1 11
216 1280 0.012998 1 539 601 5 25050 8.00 0.00 0.00 3948 1 12
216 1280 0.005999 1 251 286 3 9303 8.00 0.00 0.00 2521 1 13
216 1280 0.011998 1 342 369 3 15246 8.00 0.00 0.00 2905 1 14
216 1280 0.005999 1 317 359 3 13240 8.00 0.00 0.00 2616 1 15
216 1280 0.009998 1 410 461 4 17243 8.00 0.00 0.00 3194 1 16
216 1280 0.010998 1 461 511 4 19665 8.00 0.00 0.00 4043 1 17
216 1280 0.008998 1 447 495 4 20031 8.00 0.00 0.00 3390 1 18
216 1280 0.005999 1 135 167 2 4567 8.00 0.00 0.00 1324 1 19
216 1280 0.011998 1 798 880 6 35672 8.00 0.00 0.00 5795 1 20
384 2496 0.462929 1 20265 21755 70 1630876 8.00 0.00 0.00 280378 2 1
384 2496 0.076988 1 2837 3319 15 244388 8.00 0.00 0.01 50869 2 2
384 2496 0.045993 1 2050 2399 14 147011 8.00 0.00 0.00 33261 2 3
384 2496 0.378942 1 17650 19088 63 1341500 8.00 0.00 0.01 253690 2 4
384 2496 0.59191 1 27117 28916 94 2050446 8.00 0.00 0.01 374831 2 5
384 2496 0.088986 1 4228 4802 22 299007 8.00 0.00 0.00 64930 2 6
384 2496 0.098984 1 4200 4863 22 317832 8.00 0.00 0.01 71284 2 7
384 2496 0.530919 1 15522 16542 62 1991090 8.00 0.00 0.01 271287 2 8
384 2496 0.334949 1 11988 13146 52 1233791 8.00 0.00 0.01 190774 2 9
384 2496 1.07484 1 40913 43206 127 3872148 8.00 0.00 0.00 616920 2 10
384 2496 0.546916 1 23690 25361 86 1901713 8.00 0.00 0.01 320719 2 11
384 2496 0.264959 1 12482 13622 54 928901 8.00 0.00 0.00 182470 2 12
384 2496 0.121981 1 5616 6327 29 425178 8.00 0.00 0.01 83417 2 13
384 2496 0.024996 1 748 872 6 73496 8.00 0.00 0.00 13624 2 14
384 2496 0.460929 1 14016 15004 61 1726444 8.00 0.00 0.01 246028 2 15
384 2496 0.307953 1 14400 15815 61 1071616 8.00 0.00 0.00 215799 2 16
384 2496 0.203968 1 8615 9430 36 714665 8.00 0.00 0.01 124265 2 17
384 2496 0.046992 1 1523 1749 10 161704 8.00 0.00 0.01 28143 2 18
384 2496 0.287956 1 13289 14704 60 968755 8.00 0.00 0.01 189459 2 19
384 2496 0.165974 1 6658 7452 31 595609 8.00 0.00 0.00 102860 2 20
552 3712 0.545917 1 10006 10819 44 1987082 8.00 0.00 0.01 173508 3 1
552 3712 6.13107 1 132601 140306 364 22797410 8.00 0.00 0.01 2098912 3 2
552 3712 1.85172 1 41251 44105 127 7002714 8.00 0.00 0.01 679635 3 3
552 3712 0.725889 1 13126 14158 59 2657619 8.00 0.00 0.01 231853 3 4
552 3712 0.976851 1 17208 18418 63 3571904 8.00 0.00 0.01 303343 3 5
552 3712 4.23336 1 90447 96002 255 15827704 8.00 0.00 0.01 1458744 3 6
552 3712 4.28635 1 93556 99245 255 16019654 8.00 0.00 0.01 1492597 3 7
552 3712 1.11083 1 24098 26220 89 4158475 8.00 0.00 0.01 406793 3 8
552 3712 0.760884 1 17274 18815 63 2931611 8.00 0.00 0.01 296398 3 9
552 3712 0.756884 1 17433 19077 63 2896356 8.00 0.00 0.01 292563 3 10
552 3712 0.362944 1 8365 9344 34 1388849 8.00 0.00 0.01 145513 3 11
552 3712 0.607907 1 13644 15122 61 2301139 8.00 0.00 0.01 239190 3 12
552 3712 0.043993 1 899 1112 7 137479 8.00 0.00 0.01 18133 3 13
552 3712 0.167974 1 3977 4662 21 618896 8.00 0.00 0.01 70055 3 14
552 3712 0.293955 1 6645 7419 31 1121756 8.00 0.00 0.01 114446 3 15
552 3712 0.725889 1 16234 17715 63 2787199 8.00 0.00 0.01 270051 3 16
552 3712 0.532918 1 12151 13415 53 2037547 8.00 0.00 0.01 209021 3 17
552 3712 1.09083 1 24518 26463 92 4150409 8.00 0.00 0.01 401834 3 18
552 3712 3.83042 1 66888 71091 205 13430247 8.00 0.00 0.01 1161031 3 19
552 3712 5.63014 1 122730 129599 325 20899961 8.00 0.00 0.01 1955793 3 20
720 4928 2.77458 1 44159 47108 127 10938103 8.00 0.00 0.01 699524 4 1
720 4928 1.69974 1 22520 24158 79 6045066 8.00 0.00 0.01 397233 4 2
720 4928 2.73158 1 35878 38372 126 9805160 8.00 0.00 0.01 627066 4 3
720 4928 0.232964 1 3953 4510 21 906431 8.00 0.00 0.01 69256 4 4
720 4928 0.236963 1 3895 4504 21 891906 8.00 0.00 0.01 68512 4 5
720 4928 2.95255 1 38053 40875 126 10448495 8.00 0.00 0.01 662126 4 6
720 4928 0.796878 1 13076 14379 59 3249093 8.00 0.00 0.01 207599 4 7
720 4928 3.75843 1 63557 68272 190 14280575 8.00 0.00 0.01 1057541 4 8
720 4928 0.279957 1 4405 4986 22 1064219 8.00 0.00 0.01 79044 4 9
720 4928 0.931858 1 15401 17121 62 3678375 8.00 0.00 0.01 259101 4 10
720 4928 1.40379 1 24240 26498 91 5467153 8.00 0.00 0.01 418725 4 11
720 4928 9.82051 1 150080 158831 397 36552152 8.00 0.00 0.01 2373322 4 12
720 4928 2.27465 1 40320 43860 127 8722160 8.00 0.00 0.01 688414 4 13
720 4928 10.8973 1 134405 142957 373 37000138 8.00 0.00 0.01 2310013 4 14
720 4928 4.5663 1 72230 78141 222 17082488 8.00 0.00 0.01 1210895 4 15
720 4928 3.52146 1 45697 48908 134 12332641 8.00 0.00 0.01 794644 4 16
720 4928 0.076988 1 1193 1467 7 271317 8.00 0.00 0.01 21578 4 17
720 4928 0.696894 1 11556 12807 49 2762300 8.00 0.00 0.01 186042 4 18
720 4928 2.49462 1 44470 48307 127 9452878 8.00 0.00 0.01 744394 4 19
720 4928 11.0733 1 140636 149923 381 37913113 8.00 0.00 0.01 2430721 4 20
888 6144 0.723889 1 8696 9667 37 2820711 9.00 0.00 0.01 146952 5 1
888 6144 6.66599 1 77715 83121 250 25862734 9.00 0.00 0.01 1214173 5 2
888 6144 2.58961 1 30364 33116 109 10253718 9.00 0.00 0.01 484898 5 3
888 6144 0.185971 1 2015 2482 14 679886 9.00 0.00 0.01 30115 5 4
888 6144 0.187971 1 2121 2538 14 697702 9.00 0.00 0.01 32153 5 5
888 6144 3.44848 1 39354 41860 127 13388374 9.00 0.00 0.01 612357 5 6
888 6144 13.9159 1 152620 161380 410 52360489 9.00 0.00 0.01 2320541 5 7
888 6144 3.19451 1 37529 40326 126 12697055 9.00 0.00 0.01 588792 5 8
888 6144 10.9613 1 127457 136239 348 41020915 9.00 0.00 0.01 2010405 5 9
888 6144 1.81772 1 21666 23631 78 7129748 9.00 0.00 0.01 350411 5 10
888 6144 6.90995 1 79322 85036 252 26537610 9.00 0.00 0.01 1293567 5 11
888 6144 1.54976 1 17507 19009 63 6116129 9.00 0.00 0.01 277698 5 12
888 6144 5.55516 1 68558 73789 213 21420938 9.00 0.00 0.01 1113508 5 13
888 6144 0.539917 1 6379 7272 30 2063800 9.00 0.00 0.01 100533 5 14
888 6144 0.72289 1 8867 9929 38 2804023 9.00 0.00 0.01 152529 5 15
888 6144 13.4929 1 148056 156464 388 51461822 9.00 0.00 0.01 2257336 5 16
888 6144 2.02069 1 23782 25992 87 7948659 9.00 0.01 0.01 374975 5 17
888 6144 5.35419 1 59326 63740 189 20794555 9.00 0.00 0.01 941699 5 18
888 6144 6.72498 1 76956 83077 247 25650977 9.00 0.01 0.01 1228921 5 19
888 6144 0.104984 1 1294 1583 8 374952 9.00 0.00 0.01 21248 5 20
1056 7360 13.8269 1 120732 127284 318 52904391 9.00 0.01 0.01 1807324 6 1
1056 7360 5.9301 1 53076 57116 160 22835180 9.00 0.00 0.02 840463 6 2
1056 7360 1.89571 1 17546 18990 63 7385627 9.00 0.01 0.01 271269 6 3
1056 7360 1.12983 1 10712 12052 46 4439360 9.00 0.00 0.01 176251 6 4
1056 7360 1.35379 1 12426 13924 54 5198678 9.00 0.01 0.01 192913 6 5
1056 7360 1.44378 1 11278 12468 47 5640275 9.00 0.01 0.01 178637 6 6
1056 7360 0.058991 1 541 827 5 165584 9.00 0.00 0.01 10043 6 7
1056 7360 9.62954 1 88825 95550 254 36476689 9.00 0.01 0.01 1388416 6 8
1056 7360 2.77858 1 24618 26692 92 10870400 9.00 0.00 0.01 370517 6 9
1056 7360 1.48877 1 13777 15331 61 5817883 9.00 0.00 0.01 223817 6 10
1056 7360 5.49616 1 54057 58216 165 21199440 9.00 0.01 0.01 894061 6 11
1056 7360 0.479927 1 5054 5813 28 1844537 9.00 0.01 0.01 90108 6 12
1056 7360 1.82172 1 17413 19113 63 7094268 9.00 0.01 0.01 296520 6 13
1056 7360 2.92156 1 22955 24709 83 11125362 9.00 0.00 0.01 359772 6 14
1056 7360 2.46663 1 25589 28601 93 9220873 9.00 0.00 0.01 444341 6 15
1056 7360 2.04769 1 15149 16354 62 8087163 9.00 0.00 0.01 212522 6 16
1056 7360 16.1325 1 140452 149066 381 61446551 9.00 0.00 0.01 2063799 6 17
1056 7360 4.31534 1 39461 42548 127 16808106 9.00 0.01 0.01 622449 6 18
1056 7360 3.2925 1 29562 32083 108 12878165 9.00 0.01 0.01 457177 6 19
1056 7360 4.67029 1 42308 44985 127 18117938 9.00 0.00 0.01 667628 6 20
1224 8576 8.80566 1 66527 70601 205 34397558 9.00 0.01 0.01 1015551 7 1
1224 8576 10.8254 1 81664 87125 253 42233874 9.00 0.01 0.01 1243875 7 2
1224 8576 5.53216 1 41124 43848 127 21698178 9.00 0.00 0.01 609790 7 3
1224 8576 3.3045 1 25548 27826 93 13067982 9.00 0.00 0.01 394507 7 4
1224 8576 5.52816 1 42162 45327 127 21501831 9.00 0.00 0.01 679444 7 5
1224 8576 9.82251 1 75525 80923 238 37513237 9.00 0.00 0.01 1198925 7 6
1224 8576 1.20182 1 8979 10009 38 4651212 9.00 0.01 0.02 144582 7 7
1224 8576 11.7052 1 93672 99933 255 44153155 9.00 0.00 0.01 1491343 7 8
1224 8576 0.58791 1 4307 5030 22 2249545 9.00 0.01 0.02 62977 7 9
1224 8576 1.08683 1 8341 9297 34 4231550 9.00 0.01 0.01 135830 7 10
1224 8576 16.1645 1 120803 127619 318 62057235 9.00 0.01 0.02 1806193 7 11
1224 8576 4.66729 1 36004 38758 126 18202156 9.00 0.01 0.02 556259 7 12
1224 8576 0.308953 1 2539 3094 15 1139252 9.00 0.01 0.02 41312 7 13
1224 8576 7.15191 1 52435 56208 158 27565152 9.00 0.00 0.01 775302 7 14
1224 8576 2.82757 1 21939 23765 78 11038562 9.00 0.01 0.02 329053 7 15
1224 8576 0.081987 1 556 760 5 231629 9.00 0.01 0.02 10179 7 16
1224 8576 10.1935 1 77097 82023 248 39449656 9.00 0.00 0.01 1207076 7 17
1224 8576 3.43948 1 26503 28819 94 13314677 9.00 0.01 0.02 437285 7 18
1224 8576 0.581911 1 4583 5301 24 2156012 9.00 0.01 0.02 73466 7 19
1224 8576 1.93271 1 14804 16538 62 7341959 9.00 0.00 0.01 241931 7 20
1392 9792 9.15061 1 60366 65081 189 34350598 9.00 0.01 0.02 977281 8 1
1392 9792 5.36818 1 35055 37869 125 20901762 9.00 0.01 0.02 567087 8 2
1392 9792 35.7626 1 233532 248628 526 127234299 9.00 0.01 0.02 3893360 8 3
1392 9792 3.10253 1 19372 20943 65 12125372 9.00 0.01 0.02 286117 8 4
1392 9792 1.15882 1 6548 7529 31 4516207 9.00 0.01 0.02 91501 8 5
1392 9792 4.08438 1 27154 29533 94 16021359 9.00 0.00 0.02 414233 8 6
1392 9792 1.08184 1 7480 8419 31 4227524 9.00 0.01 0.02 121750 8 7
1392 9792 11.5612 1 81412 88138 253 43334428 9.00 0.00 0.02 1327510 8 8
1392 9792 10.9573 1 72490 77499 224 41801897 9.00 0.00 0.02 1126323 8 9
1392 9792 13.9699 1 89902 95173 255 53926457 9.00 0.00 0.02 1355049 8 10
1392 9792 6.09107 1 43751 47018 127 23447800 9.00 0.01 0.02 726504 8 11
1392 9792 6.76797 1 44690 47866 127 25999877 9.00 0.00 0.02 693748 8 12
1392 9792 16.7235 1 111983 118815 296 62977764 9.00 0.01 0.02 1722474 8 13
1392 9792 0.266959 1 1788 2263 12 971424 9.00 0.00 0.02 31982 8 14
1392 9792 5.9181 1 36126 38885 126 23098208 9.00 0.00 0.02 537172 8 15
1392 9792 0.221966 1 1430 1859 10 803621 9.00 0.01 0.02 26235 8 16
1392 9792 5.86511 1 39514 42542 127 22560893 9.00 0.01 0.02 642651 8 17
1392 9792 40.9818 1 257284 271369 605 153174575 9.00 0.00 0.02 3719783 8 18
1392 9792 10.4604 1 69698 74558 219 40211994 9.00 0.01 0.02 1113888 8 19
1392 9792 8.66568 1 54588 58104 169 34125698 9.00 0.00 0.02 811453 8 20
1560 11008 1.58276 1 9177 10176 38 6124909 9.00 0.01 0.02 153296 9 1
1560 11008 1.37979 1 7441 8466 31 5300673 9.00 0.01 0.02 123621 9 2
1560 11008 22.1486 1 117608 123135 317 85533468 9.00 0.01 0.02 1644931 9 3
1560 11008 5.39818 1 30748 33241 112 20829462 9.00 0.01 0.02 472958 9 4
1560 11008 22.8295 1 128315 135946 349 87168936 9.00 0.00 0.02 1915739 9 5
1560 11008 14.0249 1 76039 80638 242 54523125 9.00 0.00 0.02 1068271 9 6
1560 11008 3.9494 1 23154 25058 84 15326790 9.00 0.01 0.02 379865 9 7
1560 11008 0.401938 1 2235 2733 14 1505907 9.00 0.01 0.02 37314 9 8
1560 11008 5.9321 1 35518 39720 126 21812161 9.00 0.01 0.02 604907 9 9
1560 11008 3.00454 1 14629 15934 62 11763902 9.00 0.01 0.02 198792 9 10
1560 11008 36.2595 1 208836 219387 511 137106924 9.00 0.01 0.02 3109294 9 11
1560 11008 29.8385 1 168300 177340 456 112886787 9.00 0.01 0.02 2528482 9 12
1560 11008 4.17936 1 25413 27784 93 16049606 9.00 0.01 0.02 439863 9 13
1560 11008 0.550916 1 4371 5607 22 1973955 9.00 0.00 0.02 82513 9 14
1560 11008 1.46578 1 8275 9203 34 5643732 9.00 0.01 0.02 139836 9 15
1560 11008 0.618905 1 3323 3878 17 2364721 9.00 0.01 0.02 53998 9 16
1560 11008 10.8194 1 60299 64063 189 41671082 9.00 0.01 0.02 921669 9 17
1560 11008 4.92925 1 29203 31880 107 18962034 9.00 0.01 0.02 468342 9 18
1560 11008 0.39094 1 1823 2139 13 1478713 9.00 0.01 0.02 27723 9 19
1560 11008 25.7981 1 147460 157283 383 97705506 9.00 0.01 0.02 2231579 9 20
1728 12224 0.661899 1 3831 4500 21 2525195 10.00 0.01 0.02 68805 10 1
1728 12224 2.09768 1 10264 11367 45 8148927 10.00 0.01 0.02 159935 10 2
1728 12224 7.37588 1 37301 40224 126 28430407 10.00 0.01 0.02 587286 10 3
1728 12224 5.38818 1 27769 30135 98 20987388 10.00 0.01 0.02 432181 10 4
1728 12224 1.38879 1 7667 8622 31 5362579 10.00 0.01 0.02 132168 10 5
1728 12224 2.11968 1 10904 12284 46 8290242 10.00 0.01 0.02 171744 10 6
1728 12224 17.0614 1 80963 85716 253 65223361 10.00 0.01 0.02 1197981 10 7
1728 12224 12.5191 1 68239 74152 212 46680892 10.00 0.01 0.02 1143169 10 8
1728 12224 2.96555 1 13378 14751 60 11317518 10.00 0.01 0.02 184532 10 9
1728 12224 5.78512 1 29222 31560 107 22231805 10.00 0.01 0.02 455406 10 10
1728 12224 1.87472 1 9815 11117 43 7121158 10.00 0.01 0.02 159895 10 11
1728 12224 41.8796 1 207797 218181 511 158904078 10.00 0.01 0.02 3051487 10 12
1728 12224 9.58554 1 46833 49584 140 37746241 10.00 0.01 0.02 684297 10 13
1728 12224 20.8848 1 102143 107237 255 79986022 10.00 0.00 0.02 1505870 10 14
1728 12224 3.51546 1 16525 18030 63 13576968 10.00 0.01 0.02 260469 10 15
1728 12224 1.39779 1 6531 7418 31 5487535 10.00 0.01 0.02 98338 10 16
1728 12224 1.88171 1 9426 10623 41 7271928 10.00 0.01 0.02 154710 10 17
1728 12224 6.52401 1 33078 35631 124 25391478 10.00 0.01 0.02 514640 10 18
1728 12224 4.66029 1 23797 25955 87 18048687 10.00 0.01 0.02 375893 10 19
1728 12224 1.01085 1 5939 6959 30 3987159 10.00 0.01 0.02 96048 10 20
1896 13440 1.19182 1 5924 6783 30 4656244 9.00 0.01 0.02 101080 11 1
1896 13440 0.610907 1 2686 3170 15 2307559 9.00 0.01 0.02 42279 11 2
1896 13440 7.07692 1 32427 34869 122 27555850 9.00 0.01 0.02 492785 11 3
1896 13440 11.9112 1 49143 52444 149 45274293 9.00 0.01 0.02 748986 11 4
1896 13440 0.580911 1 2544 3076 15 2180320 9.00 0.01 0.02 40260 11 5
1896 13440 27.7398 1 132517 141841 364 103332999 9.00 0.01 0.02 2098959 11 6
1896 13440 11.8132 1 51606 54793 158 45859728 9.00 0.01 0.02 754861 11 7
1896 13440 1.35879 1 6438 7404 31 5263467 9.00 0.01 0.02 106097 11 8
1896 13440 4.78027 1 21607 23784 77 18312245 9.00 0.00 0.02 360248 11 9
1896 13440 3.3125 1 15564 17276 62 12882879 9.00 0.01 0.02 248585 11 10
1896 13440 0.582911 1 3975 5084 21 2135150 9.00 0.01 0.02 84729 11 11
1896 13440 1.71574 1 8492 9500 35 6652899 9.00 0.01 0.02 140066 11 12
1896 13440 22.5886 1 102031 107517 255 86983585 9.00 0.01 0.02 1546596 11 13
1896 13440 3.9644 1 19046 21074 63 14908875 9.00 0.01 0.02 324696 11 14
1896 13440 2.22366 1 8989 10173 38 8745746 9.00 0.00 0.02 138805 11 15
1896 13440 13.8209 1 61624 66188 190 52925428 9.00 0.01 0.02 950498 11 16
1896 13440 0.376942 1 1756 2252 12 1392697 9.00 0.01 0.02 28765 11 17
1896 13440 9.75152 1 48458 54102 145 34635657 9.00 0.01 0.02 900609 11 18
1896 13440 18.5522 1 79622 84194 252 70847477 9.00 0.01 0.02 1222504 11 19
1896 13440 5.2822 1 23296 25265 85 20340638 9.00 0.01 0.02 367258 11 20
2064 14656 14.3338 1 56683 60799 178 54365002 9.00 0.01 0.03 851861 12 1
2064 14656 11.3823 1 47995 51452 142 44050287 9.00 0.01 0.02 744971 12 2
2064 14656 8.11876 1 33735 36329 125 31532295 9.00 0.01 0.03 516380 12 3
2064 14656 3.31549 1 15882 18616 62 11654025 10.00 0.01 0.02 296798 12 4
2064 14656 19.42 1 79133 84127 252 74610619 9.00 0.01 0.03 1236161 12 5
2064 14656 0.117982 1 394 537 3 343925 9.00 0.01 0.03 6899 12 6
2064 14656 26.9239 1 107864 113930 284 103081273 9.00 0.01 0.03 1558306 12 7
2064 14656 12.7811 1 49674 53272 152 48539721 9.00 0.01 0.03 746999 12 8
2064 14656 6.08507 1 22758 24625 81 23769236 9.00 0.01 0.03 327565 12 9
2064 14656 4.16037 1 17579 19085 63 16235242 9.00 0.01 0.03 277387 12 10
2064 14656 11.2613 1 45129 48237 130 43247964 9.00 0.01 0.03 694873 12 11
2064 14656 10.3284 1 43759 46925 127 39718188 9.00 0.01 0.03 681278 12 12
2064 14656 24.3173 1 95066 101690 255 91271499 9.00 0.01 0.03 1497101 12 13
2064 14656 31.9181 1 125809 132219 340 122534202 9.00 0.01 0.03 1811284 12 14
2064 14656 9.45756 1 39340 41943 127 36984258 9.00 0.01 0.03 586248 12 15
2064 14656 7.80481 1 31249 34416 115 29423324 9.00 0.01 0.03 480868 12 16
2064 14656 0.107983 1 459 678 4 288302 9.00 0.01 0.03 7454 12 17
2064 14656 21.7567 1 86235 91531 254 81758685 9.00 0.00 0.03 1300724 12 18
2064 14656 8.31374 1 33475 36063 124 32301543 9.00 0.01 0.03 501505 12 19
2064 14656 15.6026 1 64927 68953 197 59708448 9.00 0.01 0.02 1010147 12 20
2232 15872 29.4635 1 108798 114397 285 112232874 10.00 0.01 0.03 1577204 13 1
2232 15872 23.8774 1 84241 90448 254 86952197 10.00 0.01 0.03 1408663 13 2
2232 15872 1.50577 1 7194 8208 31 5785287 10.00 0.01 0.03 127611 13 3
2232 15872 3.13952 1 12812 14724 56 11756112 10.00 0.01 0.03 235024 13 4
2232 15872 5.9051 1 21341 23241 77 22784307 10.00 0.01 0.03 320353 13 5
2232 15872 11.5512 1 50357 55934 156 41825683 10.00 0.01 0.03 913322 13 6
2232 15872 0.090986 1 351 508 3 193932 10.00 0.01 0.03 5065 13 7
2232 15872 8.89465 1 35698 39573 126 32735989 10.00 0.01 0.03 617769 13 8
2232 15872 44.5022 1 158073 167042 428 164743711 11.00 0.01 0.03 2302829 13 9
2232 15872 4.13037 1 15291 16779 62 16023710 10.00 0.01 0.03 244305 13 10
2232 15872 3.19351 1 11600 12817 49 12095997 10.00 0.01 0.03 190962 13 11
2232 15872 1.02284 1 4098 4921 22 3856269 10.00 0.01 0.03 64622 13 12
2232 15872 5.96709 1 22542 25047 80 22161192 10.00 0.01 0.03 373216 13 13
2232 15872 2.95355 1 11474 13120 49 10979356 10.00 0.01 0.03 191930 13 14
2232 15872 0.759884 1 3977 5264 21 2689221 10.00 0.01 0.03 80534 13 15
2232 15872 17.3814 1 65388 72284 198 61352180 10.00 0.00 0.03 1129118 13 16
2232 15872 20.4949 1 77515 82383 250 79224547 10.00 0.01 0.03 1184395 13 17
2232 15872 31.5622 1 114252 120707 305 119629038 10.00 0.01 0.03 1644481 13 18
2232 15872 11.8952 1 46221 49398 136 45883624 10.00 0.01 0.03 696019 13 19
2232 15872 5.61815 1 21100 22878 76 21849453 10.00 0.01 0.03 317094 13 20
2400 17088 39.711 1 133407 140254 367 151752413 11.00 0.01 0.03 1937149 14 1
2400 17088 12.2911 1 45867 50033 134 45619355 10.00 0.01 0.03 786541 14 2
2400 17088 3.52746 1 13405 15524 60 12971414 10.00 0.01 0.03 234297 14 3
2400 17088 0.181972 1 709 1110 6 579029 10.00 0.01 0.03 9901 14 4
2400 17088 12.5361 1 42893 46553 127 46663465 10.00 0.01 0.03 646058 14 5
2400 17088 18.4822 1 66024 72141 203 68057981 10.00 0.01 0.03 1115579 14 6
2400 17088 17.0884 1 54704 58034 170 66157716 10.00 0.01 0.03 791314 14 7
2400 17088 23.6024 1 81392 86422 253 91005962 10.00 0.01 0.03 1234987 14 8
2400 17088 10.5634 1 36234 39205 126 41145027 10.00 0.01 0.03 560014 14 9
2400 17088 17.5113 1 60113 63807 189 67851532 10.00 0.01 0.03 901731 14 10
2400 17088 2.38664 1 8981 10679 38 8920656 10.00 0.01 0.03 145533 14 11
2400 17088 5.81312 1 21899 23951 78 22499898 10.00 0.01 0.03 359373 14 12
2400 17088 3.51546 1 13566 16011 60 12433508 10.00 0.01 0.03 228296 14 13
2400 17088 16.1815 1 55572 59035 173 62667814 10.00 0.01 0.03 854632 14 14
2400 17088 14.7888 1 53092 57410 161 55275840 10.00 0.01 0.03 835446 14 15
2400 17088 20.8788 1 70145 74078 220 81174735 10.00 0.01 0.03 993328 14 16
2400 17088 18.6122 1 65743 69965 201 72366629 10.00 0.01 0.03 1003853 14 17
2400 17088 6.98994 1 23568 25516 85 27069944 10.00 0.01 0.03 353833 14 18
2400 17088 19.654 1 70536 75208 220 76488166 10.00 0.01 0.03 1000210 14 19
2400 17088 17.9493 1 64051 68402 190 69291835 10.00 0.01 0.03 966576 14 20
2568 18304 5.49216 1 18732 20351 63 21691991 10.00 0.01 0.03 305280 15 1
2568 18304 6.98994 1 19373 20947 65 27466675 10.00 0.01 0.03 276600 15 2
2568 18304 26.376 1 82860 87561 253 102037626 10.00 0.01 0.03 1218784 15 3
2568 18304 23.9414 1 72814 77158 227 93573208 10.00 0.01 0.03 1015923 15 4
2568 18304 6.39503 1 22791 25604 81 23744006 10.00 0.01 0.03 385362 15 5
2568 18304 11.5452 1 29922 31524 109 45657778 10.00 0.01 0.03 386273 15 6
2568 18304 8.93364 1 30002 32491 109 34953106 10.00 0.01 0.03 480129 15 7
2568 18304 35.2416 1 114566 120887 307 134073343 11.00 0.01 0.03 1748458 15 8
2568 18304 11.5642 1 35348 37850 126 45101465 10.00 0.01 0.03 516737 15 9
2568 18304 2.67259 1 10589 12725 46 9855090 10.00 0.01 0.03 191726 15 10
2568 18304 15.5086 1 49761 53698 153 58782096 10.00 0.01 0.03 771629 15 11
2568 18304 24.5593 1 76544 82001 243 92756628 11.00 0.01 0.03 1212079 15 12
2568 18304 4.32634 1 13928 15596 61 16731770 10.00 0.01 0.03 214659 15 13
2568 18304 50.3503 1 171671 183955 472 181667813 12.00 0.01 0.03 2878631 15 14
2568 18304 8.26574 1 26476 28736 94 32245903 10.00 0.01 0.03 410252 15 15
2568 18304 5.44217 1 17340 18924 63 21337597 10.00 0.01 0.03 270873 15 16
2568 18304 45.838 1 138814 146661 381 174307442 11.00 0.01 0.03 1935445 15 17
2568 18304 11.3273 1 38149 42281 126 41504017 10.00 0.01 0.03 637727 15 18
2568 18304 1.72274 1 5739 6583 30 6760946 10.00 0.01 0.03 93124 15 19
2568 18304 1.55376 1 6121 7484 30 5766669 10.00 0.01 0.03 106710 15 20
2736 19520 21.0358 1 61018 66093 190 77415781 11.00 0.01 0.04 993079 16 1
2736 19520 46.8009 1 138042 144019 381 182999247 11.00 0.01 0.03 1912276 16 2
2736 19520 16.4115 1 48518 51286 146 64120854 10.00 0.01 0.03 713692 16 3
2736 19520 53.1889 1 154725 162621 413 203717200 12.00 0.01 0.03 2147053 16 4
2736 19520 13.8179 1 41193 44521 127 52288078 10.00 0.01 0.04 627664 16 5
2736 19520 21.3538 1 64091 67765 190 82624905 11.00 0.01 0.03 965410 16 6
2736 19520 6.10907 1 19287 21876 64 22229297 10.00 0.01 0.04 350427 16 7
2736 19520 15.5116 1 47392 50660 142 60002583 10.00 0.01 0.03 722933 16 8
2736 19520 9.2346 1 26542 28943 94 35963872 10.00 0.01 0.04 406804 16 9
2736 19520 6.18606 1 19916 21780 69 23902908 10.00 0.01 0.03 317197 16 10
2736 19520 14.6088 1 42725 46386 127 54695314 10.00 0.01 0.04 655871 16 11
2736 19520 9.16861 1 29063 31287 107 35996748 10.00 0.01 0.03 458744 16 12
2736 19520 2.36164 1 6590 7512 31 9262100 10.00 0.01 0.03 101652 16 13
2736 19520 23.0985 1 65989 70279 203 90358909 11.00 0.01 0.03 934500 16 14
2736 19520 2.53861 1 9122 11167 38 9113376 10.00 0.01 0.03 165190 16 15
2736 19520 10.7514 1 29977 32152 109 41173720 10.00 0.01 0.03 460789 16 16
2736 19520 16.3925 1 49039 52108 149 63785911 10.00 0.01 0.03 750732 16 17
2736 19520 2.03469 1 6417 7289 30 7909292 10.00 0.01 0.03 103791 16 18
2736 19520 11.0963 1 28972 31180 106 41889702 11.00 0.01 0.03 431818 16 19
2736 19520 2.19966 1 7101 8060 31 8641734 10.00 0.01 0.03 113964 16 20
2904 20736 30.9293 1 90690 97191 255 114450561 11.00 0.01 0.04 1524781 17 1
2904 20736 20.6649 1 60110 63772 189 80307873 11.00 0.02 0.04 916047 17 2
2904 20736 21.3867 1 62265 66112 190 82247504 11.00 0.01 0.04 946006 17 3
2904 20736 26.293 1 75556 80335 239 101882566 11.00 0.01 0.04 1182509 17 4
2904 20736 41.2527 1 112518 118196 299 160735802 12.00 0.01 0.04 1558731 17 5
2904 20736 7.76082 1 24598 27117 92 29868295 10.00 0.01 0.04 407030 17 6
2904 20736 16.4425 1 47600 50812 142 63961090 11.00 0.01 0.04 723436 17 7
2904 20736 8.18876 1 23610 25518 85 31926470 10.00 0.01 0.04 361219 17 8
2904 20736 31.9261 1 87000 91631 254 122289431 12.00 0.01 0.04 1297164 17 9
2904 20736 15.0267 1 42711 45419 127 58037997 11.00 0.01 0.04 643120 17 10
2904 20736 15.8166 1 46133 49377 135 61143270 11.00 0.01 0.04 727614 17 11
2904 20736 0.747886 1 2340 3015 14 2779491 10.00 0.01 0.04 39220 17 12
2904 20736 7.47686 1 21904 24650 78 28462732 10.00 0.01 0.04 360745 17 13
2904 20736 19.777 1 47009 49803 141 77224998 10.00 0.01 0.04 618758 17 14
2904 20736 36.0175 1 100181 105452 255 139112426 11.00 0.01 0.04 1465993 17 15
2904 20736 3.59145 1 10815 12077 46 14180234 10.00 0.01 0.04 173639 17 16
2904 20736 23.2135 1 67354 71394 206 89414563 11.00 0.01 0.04 1004399 17 17
2904 20736 0.78288 1 2665 3245 15 2969958 10.00 0.01 0.04 45259 17 18
2904 20736 18.7202 1 50790 53936 157 72393039 11.00 0.01 0.04 746193 17 19
2904 20736 4.80327 1 14324 15863 61 18808772 10.00 0.01 0.04 232322 17 20
3072 21952 13.5279 1 38229 41136 126 51975378 11.00 0.01 0.04 617234 18 1
3072 21952 38.7671 1 102774 108729 258 150634334 12.00 0.01 0.04 1459551 18 2
3072 21952 9.8495 1 29572 32448 108 37936578 11.00 0.01 0.04 487011 18 3
3072 21952 14.1988 1 37502 39987 126 55472094 11.00 0.01 0.04 557096 18 4
3072 21952 22.2626 1 58695 62579 188 87882196 11.00 0.01 0.04 833916 18 5
3072 21952 3.2705 1 9279 10414 39 12683085 10.00 0.01 0.04 150135 18 6
3072 21952 13.7139 1 37689 40521 126 53492575 11.00 0.01 0.04 597550 18 7
3072 21952 25.0562 1 66215 70300 204 96217960 12.00 0.01 0.04 1013809 18 8
3072 21952 27.0869 1 70723 75381 221 105318180 11.00 0.01 0.04 1080457 18 9
3072 21952 16.9034 1 46166 49410 135 66077210 11.00 0.01 0.04 691595 18 10
3072 21952 10.6134 1 26560 28771 94 40469625 11.00 0.01 0.04 409803 18 11
3072 21952 4.97924 1 13531 15113 60 19502822 10.00 0.01 0.04 220498 18 12
3072 21952 8.90964 1 23690 25541 86 35128211 10.00 0.01 0.04 356030 18 13
3072 21952 32.92 1 83424 88668 254 126017286 12.00 0.01 0.04 1285486 18 14
3072 21952 2.41163 1 7271 8185 31 9426574 10.00 0.01 0.04 121399 18 15
3072 21952 0.807877 1 1841 2371 13 3080548 10.00 0.01 0.04 29131 18 16
3072 21952 21.7997 1 57877 61906 185 84746300 11.00 0.01 0.04 874477 18 17
3072 21952 7.40287 1 19782 21508 68 29266179 10.00 0.01 0.04 289981 18 18
3072 21952 4.42033 1 12483 13906 54 17353096 10.00 0.01 0.04 202513 18 19
3072 21952 13.266 1 38320 41345 126 50893050 11.00 0.01 0.04 625145 18 20
3240 23168 23.0655 1 49837 52998 154 89258942 12.00 0.01 0.04 713566 19 1
3240 23168 44.2363 1 113993 120422 303 170174839 12.00 0.01 0.04 1656228 19 2
3240 23168 40.5488 1 98518 103977 255 158083065 12.00 0.01 0.04 1413301 19 3
3240 23168 12.7371 1 32350 35038 122 48655808 11.00 0.01 0.04 517357 19 4
3240 23168 13.6359 1 33490 35940 124 51951140 11.00 0.01 0.04 519913 19 5
3240 23168 7.18491 1 20038 21961 70 27935495 11.00 0.01 0.04 329859 19 6
3240 23168 30.7903 1 72354 76608 224 118789436 12.00 0.01 0.04 1015527 19 7
3240 23168 29.6455 1 76347 83047 243 108910050 12.00 0.01 0.04 1312208 19 8
3240 23168 36.9884 1 90947 96172 255 142740862 12.00 0.01 0.04 1307528 19 9
3240 23168 52.408 1 136893 148955 380 184341464 14.00 0.01 0.04 2385171 19 10
3240 23168 46.6489 1 126896 135123 346 177471073 12.00 0.01 0.04 2053202 19 11
3240 23168 16.3555 1 42498 45628 127 63866873 11.00 0.01 0.04 663647 19 12
3240 23168 39.677 1 109402 119559 286 140493939 13.00 0.01 0.04 1893259 19 13
3240 23168 15.4007 1 41990 46885 127 54457522 11.00 0.01 0.04 753933 19 14
3240 23168 35.3286 1 86792 91710 254 136279098 12.00 0.01 0.04 1298368 19 15
3240 23168 12.7261 1 32690 35422 123 49492869 11.00 0.01 0.04 515341 19 16
3240 23168 16.5235 1 43273 46516 127 63988586 11.00 0.01 0.04 664621 19 17
3240 23168 7.50686 1 17689 19139 63 28980217 11.00 0.01 0.04 271975 19 18
3240 23168 3.11952 1 7075 8126 31 12330332 11.00 0.01 0.04 104801 19 19
3240 23168 16.6385 1 41557 44756 127 63392675 11.00 0.01 0.04 675644 19 20
3408 24384 11.2153 1 32956 39278 124 37247926 13.00 0.01 0.04 720361 20 1
3408 24384 22.6536 1 68041 80245 211 72434563 15.00 0.01 0.04 1589756 20 2
3408 24384 17.3364 1 42381 45619 127 67463431 11.00 0.02 0.04 668417 20 3
3408 24384 7.34188 1 18628 20262 63 28807106 11.00 0.01 0.04 284507 20 4
3408 24384 15.1077 1 36906 39627 126 58803359 11.00 0.01 0.04 561062 20 5
3408 24384 18.0043 1 53111 61658 161 59828275 13.00 0.01 0.04 1126803 20 6
3408 24384 58.878 1 135106 141893 378 225172658 12.00 0.01 0.04 1927636 20 7
3408 24384 1.36679 1 2706 3132 15 5289161 11.00 0.01 0.04 37122 20 8
3408 24384 57.1963 1 133404 140501 367 221304529 12.00 0.01 0.04 1877297 20 9
3408 24384 12.6981 1 30489 32719 110 49896796 11.00 0.02 0.04 483606 20 10
3408 24384 17.3764 1 42941 45678 127 68313977 11.00 0.01 0.04 683330 20 11
3408 24384 4.28635 1 10874 12248 46 16914818 11.00 0.01 0.04 183069 20 12
3408 24384 0.331949 1 673 920 6 1130171 11.00 0.01 0.04 9221 20 13
3408 24384 7.34388 1 24782 31085 92 23977674 13.00 0.01 0.04 607383 20 14
3408 24384 28.1137 1 67167 72079 205 109250852 12.00 0.01 0.04 993820 20 15
3408 24384 3.73443 1 9054 10112 38 14727869 11.00 0.01 0.04 143773 20 16
3408 24384 19.3521 1 43005 46494 127 73714507 11.00 0.02 0.04 631370 20 17
3408 24384 2.67959 1 7036 8118 31 10584629 11.00 0.01 0.04 120734 20 18
3408 24384 1.91571 1 10147 13206 45 6737658 11.00 0.01 0.04 237420 20 19
3408 24384 5.85111 1 15683 17861 62 22861248 11.00 0.01 0.04 268261 20 20
