WARNING: for repeatability, setting FPU to use double precision
============================[ Problem Statistics ]=============================
|                                                                             |
|  Number of variables:          1088                                         |
|  Number of clauses:           14026                                         |
|  Parse time:                   0.01 s                                       |
|  Eliminated clauses:           0.01 Mb                                      |
|  Simplification time:          0.05 s                                       |
|                                                                             |
=============================[ Search Statistics ]==============================
| Conflicts  |          ORIGINAL         |          LEARNT          | Progress |
|            |    Vars  Clauses Literals |    Limit  Clauses Lit/Cl |          |
================================================================================
|        100 |     728    13098    80485 |     4802      100     15 | 12.500 % |
|        250 |     728    13098    80485 |     5282      250     14 | 12.500 % |
|        475 |     728    13098    80485 |     5811      475     13 | 12.500 % |
|        812 |     728    13098    80485 |     6392      812     14 | 12.500 % |
|       1318 |     728    13098    80485 |     7031     1318     14 | 12.500 % |
|       2077 |     728    13098    80485 |     7734     2077     14 | 12.500 % |
|       3216 |     728    13098    80485 |     8508     3216     14 | 12.500 % |
|       4924 |     728    13098    80485 |     9358     4924     15 | 12.500 % |
|       7486 |     728    13098    80485 |    10294     7486     14 | 12.500 % |
|      11330 |     728    13098    80485 |    11324     6070     15 | 12.500 % |
|      17096 |     728    13098    80485 |    12456     6046     15 | 12.500 % |
|      25745 |     728    13098    80485 |    13702     8389     14 | 12.500 % |
|      38719 |     728    13098    80485 |    15072     7337     15 | 12.500 % |
|      58180 |     728    13098    80485 |    16579    11578     14 | 12.500 % |
|      87372 |     728    13098    80485 |    18237    15422     15 | 12.500 % |
|     131161 |     728    13098    80485 |    20061    12961     14 | 12.500 % |
|     196845 |     728    13098    80485 |    22067    17675     15 | 12.500 % |
|     295371 |     728    13098    80485 |    24274    15852     14 | 12.500 % |
|     443160 |     728    13098    80485 |    26702    16609     16 | 12.500 % |
|     664843 |     728    13098    80485 |    29372    21087     15 | 12.500 % |
|     997368 |     728    13098    80485 |    32309    16318     16 | 12.500 % |
|    1496156 |     728    13098    80485 |    35540    29469     14 | 12.500 % |
|    2244338 |     728    13098    80485 |    39094    21829     18 | 12.500 % |
|    3366612 |     728    13098    80485 |    43003    30399     15 | 12.500 % |
|    5050023 |     728    13098    80485 |    47304    28070     16 | 12.500 % |
|    7575139 |     728    13098    80485 |    52034    27987     16 | 12.500 % |
|   11362814 |     728    13098    80485 |    57238    26546     17 | 12.500 % |
|   17044326 |     728    13098    80485 |    62962    54475     16 | 12.500 % |
|   25566595 |     728    13098    80485 |    69258    21271     14 | 12.500 % |
|   38349998 |     728    13098    80485 |    76184    67684     18 | 12.500 % |
|   57525103 |     728    13098    80485 |    83802    34711     16 | 12.500 % |
|   86287761 |     728    13098    80485 |    92182    80800     17 | 12.500 % |
|  129431749 |     728    13098    80485 |   101401    29389     17 | 12.500 % |
===============================================================================
restarts              : 175534
conflicts             : 143229624      (13998 /sec)
decisions             : 178822623      (0.00 % random) (17477 /sec)
propagations          : 5401673697     (527927 /sec)
conflict literals     : 2679730925     (9.65 % deleted)
Memory used           : 195.00 MB
CPU time              : 10231.9 s

SATISFIABLE
