WARNING: for repeatability, setting FPU to use double precision
============================[ Problem Statistics ]=============================
|                                                                             |
|  Number of variables:          1248                                         |
|  Number of clauses:           16174                                         |
|  Parse time:                   0.01 s                                       |
|  Eliminated clauses:           0.01 Mb                                      |
|  Simplification time:          0.05 s                                       |
|                                                                             |
=============================[ Search Statistics ]==============================
| Conflicts  |          ORIGINAL         |          LEARNT          | Progress |
|            |    Vars  Clauses Literals |    Limit  Clauses Lit/Cl |          |
================================================================================
|        100 |     840    15118    92887 |     5543      100     14 | 12.180 % |
|        250 |     840    15118    92887 |     6097      250     14 | 12.180 % |
|        475 |     840    15118    92887 |     6707      475     14 | 12.180 % |
|        812 |     840    15118    92887 |     7378      812     14 | 12.180 % |
|       1318 |     840    15118    92887 |     8115     1318     14 | 12.180 % |
|       2077 |     840    15118    92887 |     8927     2077     14 | 12.180 % |
|       3216 |     840    15118    92887 |     9820     3216     14 | 12.180 % |
|       4924 |     840    15118    92887 |    10802     4924     14 | 12.180 % |
|       7486 |     840    15118    92887 |    11882     7486     15 | 12.180 % |
|      11330 |     840    15118    92887 |    13070    11330     15 | 12.180 % |
|      17096 |     840    15118    92887 |    14377    10476     15 | 12.180 % |
|      25745 |     840    15118    92887 |    15815    11810     15 | 12.180 % |
|      38719 |     840    15118    92887 |    17397     8720     15 | 12.180 % |
|      58180 |     840    15118    92887 |    19136    10446     14 | 12.180 % |
|      87372 |     840    15118    92887 |    21050    10445     15 | 12.180 % |
|     131161 |     840    15118    92887 |    23155    11455     14 | 12.180 % |
|     196845 |     840    15118    92887 |    25471    18553     15 | 12.180 % |
|     295371 |     840    15118    92887 |    28018    23506     15 | 12.180 % |
|     443160 |     840    15118    92887 |    30820    24366     17 | 12.180 % |
|     664843 |     840    15118    92887 |    33902    25635     15 | 12.180 % |
|     997368 |     840    15118    92887 |    37292    28274     15 | 12.180 % |
|    1496156 |     840    15118    92887 |    41021    20606     14 | 12.180 % |
|    2244338 |     840    15118    92887 |    45123    40381     17 | 12.180 % |
|    3366612 |     840    15118    92887 |    49636    40348     15 | 12.180 % |
|    5050023 |     840    15118    92887 |    54599    49495     17 | 12.180 % |
|    7575139 |     840    15118    92887 |    60059    36329     16 | 12.180 % |
|   11362814 |     840    15118    92887 |    66065    55498     19 | 12.180 % |
|   17044326 |     840    15118    92887 |    72672    52726     16 | 12.180 % |
|   25566595 |     840    15118    92887 |    79939    70775     16 | 12.180 % |
|   38349998 |     840    15118    92887 |    87933    68441     22 | 12.180 % |
|   57525103 |     840    15118    92887 |    96726    35616     21 | 12.180 % |
===============================================================================
restarts              : 79994
conflicts             : 61429235       (19724 /sec)
decisions             : 80582512       (0.00 % random) (25874 /sec)
propagations          : 1855810630     (595885 /sec)
conflict literals     : 1106778644     (8.31 % deleted)
Memory used           : 139.00 MB
CPU time              : 3114.38 s

SATISFIABLE
