WARNING: for repeatability, setting FPU to use double precision
============================[ Problem Statistics ]=============================
|                                                                             |
|  Number of variables:           768                                         |
|  Number of clauses:            9730                                         |
|  Parse time:                   0.01 s                                       |
|  Eliminated clauses:           0.01 Mb                                      |
|  Simplification time:          0.03 s                                       |
|                                                                             |
=============================[ Search Statistics ]==============================
| Conflicts  |          ORIGINAL         |          LEARNT          | Progress |
|            |    Vars  Clauses Literals |    Limit  Clauses Lit/Cl |          |
================================================================================
|        100 |     504     9058    55681 |     3321      100     12 | 13.542 % |
|        250 |     504     9058    55681 |     3653      250     14 | 13.542 % |
|        475 |     504     9058    55681 |     4018      475     14 | 13.542 % |
|        812 |     504     9058    55681 |     4420      812     14 | 13.542 % |
|       1318 |     504     9058    55681 |     4862     1318     14 | 13.542 % |
|       2077 |     504     9058    55681 |     5348     2077     14 | 13.542 % |
|       3216 |     504     9058    55681 |     5883     3216     14 | 13.542 % |
|       4924 |     504     9058    55681 |     6472     4924     14 | 13.542 % |
|       7486 |     504     9058    55681 |     7119     4140     14 | 13.542 % |
|      11330 |     504     9058    55681 |     7831     4343     14 | 13.542 % |
|      17096 |     504     9058    55681 |     8614     6097     14 | 13.542 % |
|      25745 |     504     9058    55681 |     9475     5989     14 | 13.542 % |
|      38719 |     504     9058    55681 |    10423     9236     15 | 13.542 % |
|      58180 |     504     9058    55681 |    11465     7411     14 | 13.542 % |
|      87372 |     504     9058    55681 |    12612     7538     15 | 13.542 % |
|     131161 |     504     9058    55681 |    13873     6544     14 | 13.542 % |
|     196845 |     504     9058    55681 |    15261     8944     15 | 13.542 % |
|     295371 |     504     9058    55681 |    16787    14822     14 | 13.542 % |
|     443160 |     504     9058    55681 |    18465     9763     14 | 13.542 % |
|     664843 |     504     9058    55681 |    20312    16835     15 | 13.542 % |
|     997368 |     504     9058    55681 |    22343    11018     14 | 13.542 % |
|    1496156 |     504     9058    55681 |    24578    13886     14 | 13.542 % |
|    2244338 |     504     9058    55681 |    27036    18524     17 | 13.542 % |
|    3366612 |     504     9058    55681 |    29739    20809     15 | 13.542 % |
|    5050023 |     504     9058    55681 |    32713    20057     18 | 13.542 % |
|    7575139 |     504     9058    55681 |    35984    19734     16 | 13.542 % |
|   11362814 |     504     9058    55681 |    39583    22944     17 | 13.542 % |
===============================================================================
restarts              : 16939
conflicts             : 11720753       (29322 /sec)
decisions             : 15071216       (0.00 % random) (37703 /sec)
propagations          : 316594226      (792016 /sec)
conflict literals     : 203301004      (8.15 % deleted)
Memory used           : 43.00 MB
CPU time              : 399.732 s

SATISFIABLE
