WARNING: for repeatability, setting FPU to use double precision
============================[ Problem Statistics ]=============================
|                                                                             |
|  Number of variables:          1248                                         |
|  Number of clauses:           16174                                         |
|  Parse time:                   0.01 s                                       |
|  Eliminated clauses:           0.01 Mb                                      |
|  Simplification time:          0.05 s                                       |
|                                                                             |
=============================[ Search Statistics ]==============================
| Conflicts  |          ORIGINAL         |          LEARNT          | Progress |
|            |    Vars  Clauses Literals |    Limit  Clauses Lit/Cl |          |
================================================================================
|        100 |     840    15118    92887 |     5543      100     14 | 12.180 % |
|        250 |     840    15118    92887 |     6097      250     14 | 12.180 % |
|        475 |     840    15118    92887 |     6707      475     13 | 12.180 % |
|        812 |     840    15118    92887 |     7378      812     14 | 12.180 % |
|       1318 |     840    15118    92887 |     8115     1318     14 | 12.180 % |
|       2077 |     840    15118    92887 |     8927     2077     14 | 12.180 % |
|       3216 |     840    15118    92887 |     9820     3216     14 | 12.180 % |
|       4924 |     840    15118    92887 |    10802     4924     14 | 12.180 % |
|       7486 |     840    15118    92887 |    11882     7486     14 | 12.180 % |
|      11330 |     840    15118    92887 |    13070    11330     14 | 12.180 % |
|      17096 |     840    15118    92887 |    14377    10474     15 | 12.180 % |
|      25745 |     840    15118    92887 |    15815    11806     15 | 12.180 % |
|      38719 |     840    15118    92887 |    17397     8706     14 | 12.180 % |
|      58180 |     840    15118    92887 |    19136    10506     14 | 12.180 % |
|      87372 |     840    15118    92887 |    21050    10544     14 | 12.180 % |
|     131161 |     840    15118    92887 |    23155    11760     14 | 12.180 % |
|     196845 |     840    15118    92887 |    25471    18785     15 | 12.180 % |
|     295371 |     840    15118    92887 |    28018    14041     14 | 12.180 % |
|     443160 |     840    15118    92887 |    30820    18616     15 | 12.180 % |
|     664843 |     840    15118    92887 |    33902    28997     15 | 12.180 % |
|     997368 |     840    15118    92887 |    37292    24178     16 | 12.180 % |
|    1496156 |     840    15118    92887 |    41021    27587     14 | 12.180 % |
|    2244338 |     840    15118    92887 |    45123    38857     18 | 12.180 % |
|    3366612 |     840    15118    92887 |    49636    42198     15 | 12.180 % |
|    5050023 |     840    15118    92887 |    54599    37466     25 | 12.180 % |
|    7575139 |     840    15118    92887 |    60059    32174     15 | 12.180 % |
|   11362814 |     840    15118    92887 |    66065    31461     17 | 12.180 % |
|   17044326 |     840    15118    92887 |    72672    34714     14 | 12.180 % |
|   25566595 |     840    15118    92887 |    79939    47542     16 | 12.180 % |
|   38349998 |     840    15118    92887 |    87933    23474     15 | 12.180 % |
|   57525103 |     840    15118    92887 |    96726    63140     20 | 12.180 % |
|   86287761 |     840    15118    92887 |   106399    94781     17 | 12.180 % |
|  129431749 |     840    15118    92887 |   117039    39031     16 | 12.180 % |
|  194147731 |     840    15118    92887 |   128743   103737     17 | 12.180 % |
===============================================================================
restarts              : 259710
conflicts             : 208632236      (12264 /sec)
decisions             : 263578597      (0.00 % random) (15494 /sec)
propagations          : 8061668537     (473876 /sec)
conflict literals     : 3945138671     (9.53 % deleted)
Memory used           : 257.00 MB
CPU time              : 17012.2 s

SATISFIABLE
