WARNING: for repeatability, setting FPU to use double precision
============================[ Problem Statistics ]=============================
|                                                                             |
|  Number of variables:          1168                                         |
|  Number of clauses:           15100                                         |
|  Parse time:                   0.01 s                                       |
|  Eliminated clauses:           0.01 Mb                                      |
|  Simplification time:          0.05 s                                       |
|                                                                             |
=============================[ Search Statistics ]==============================
| Conflicts  |          ORIGINAL         |          LEARNT          | Progress |
|            |    Vars  Clauses Literals |    Limit  Clauses Lit/Cl |          |
================================================================================
|        100 |     784    14108    86686 |     5172      100     10 | 12.329 % |
|        250 |     784    14108    86686 |     5690      250     10 | 12.329 % |
|        475 |     784    14108    86686 |     6259      475     13 | 12.329 % |
|        812 |     784    14108    86686 |     6885      812     14 | 12.329 % |
|       1318 |     784    14108    86686 |     7573     1318     15 | 12.329 % |
|       2077 |     784    14108    86686 |     8331     2077     14 | 12.329 % |
|       3216 |     784    14108    86686 |     9164     3216     14 | 12.329 % |
|       4924 |     784    14108    86686 |    10080     4924     14 | 12.329 % |
|       7486 |     784    14108    86686 |    11088     7486     15 | 12.329 % |
|      11330 |     784    14108    86686 |    12197     5678     15 | 12.329 % |
|      17096 |     784    14108    86686 |    13417    11444     15 | 12.329 % |
|      25745 |     784    14108    86686 |    14758    13293     15 | 12.329 % |
|      38719 |     784    14108    86686 |    16234    11228     15 | 12.329 % |
|      58180 |     784    14108    86686 |    17858    14093     14 | 12.329 % |
|      87372 |     784    14108    86686 |    19644    15912     15 | 12.329 % |
|     131161 |     784    14108    86686 |    21608    10031     14 | 12.329 % |
|     196845 |     784    14108    86686 |    23769    21077     15 | 12.329 % |
|     295371 |     784    14108    86686 |    26146    23311     15 | 12.329 % |
|     443160 |     784    14108    86686 |    28761    23800     15 | 12.329 % |
|     664843 |     784    14108    86686 |    31637    17165     15 | 12.329 % |
|     997368 |     784    14108    86686 |    34800    29921     16 | 12.329 % |
|    1496156 |     784    14108    86686 |    38280    22384     14 | 12.329 % |
|    2244338 |     784    14108    86686 |    42109    16827     16 | 12.329 % |
|    3366612 |     784    14108    86686 |    46320    31452     14 | 12.329 % |
|    5050023 |     784    14108    86686 |    50952    20364     17 | 12.329 % |
|    7575139 |     784    14108    86686 |    56047    24015     14 | 12.329 % |
|   11362814 |     784    14108    86686 |    61651    36632     16 | 12.329 % |
===============================================================================
restarts              : 17234
conflicts             : 11836855       (28494 /sec)
decisions             : 16077969       (0.00 % random) (38704 /sec)
propagations          : 305994817      (736611 /sec)
conflict literals     : 202383656      (7.21 % deleted)
Memory used           : 54.00 MB
CPU time              : 415.409 s

SATISFIABLE
