WARNING: for repeatability, setting FPU to use double precision
============================[ Problem Statistics ]=============================
|                                                                             |
|  Number of variables:           848                                         |
|  Number of clauses:           10804                                         |
|  Parse time:                   0.01 s                                       |
|  Eliminated clauses:           0.01 Mb                                      |
|  Simplification time:          0.03 s                                       |
|                                                                             |
=============================[ Search Statistics ]==============================
| Conflicts  |          ORIGINAL         |          LEARNT          | Progress |
|            |    Vars  Clauses Literals |    Limit  Clauses Lit/Cl |          |
================================================================================
|        100 |     560    10068    61882 |     3691      100     14 | 13.208 % |
|        250 |     560    10068    61882 |     4060      250     13 | 13.208 % |
|        475 |     560    10068    61882 |     4466      475     14 | 13.208 % |
|        812 |     560    10068    61882 |     4913      812     15 | 13.208 % |
|       1318 |     560    10068    61882 |     5404     1318     15 | 13.208 % |
|       2077 |     560    10068    61882 |     5945     2077     14 | 13.208 % |
|       3216 |     560    10068    61882 |     6539     3216     14 | 13.208 % |
|       4924 |     560    10068    61882 |     7193     4924     15 | 13.208 % |
|       7486 |     560    10068    61882 |     7913     3784     14 | 13.208 % |
|      11330 |     560    10068    61882 |     8704     7628     14 | 13.208 % |
|      17096 |     560    10068    61882 |     9575     4534     14 | 13.208 % |
|      25745 |     560    10068    61882 |    10532     8297     14 | 13.208 % |
|      38719 |     560    10068    61882 |    11585    10518     15 | 13.208 % |
|      58180 |     560    10068    61882 |    12744     6432     13 | 13.208 % |
|      87372 |     560    10068    61882 |    14018     9670     15 | 13.208 % |
|     131161 |     560    10068    61882 |    15420    10824     14 | 13.208 % |
|     196845 |     560    10068    61882 |    16962    14065     15 | 13.208 % |
|     295371 |     560    10068    61882 |    18659     9729     14 | 13.208 % |
|     443160 |     560    10068    61882 |    20524    15852     15 | 13.208 % |
|     664843 |     560    10068    61882 |    22577    19729     15 | 13.208 % |
|     997368 |     560    10068    61882 |    24835    21730     16 | 13.208 % |
|    1496156 |     560    10068    61882 |    27318    19048     14 | 13.208 % |
|    2244338 |     560    10068    61882 |    30050    19700     17 | 13.208 % |
|    3366612 |     560    10068    61882 |    33055    25135     15 | 13.208 % |
|    5050023 |     560    10068    61882 |    36361    19216     17 | 13.208 % |
|    7575139 |     560    10068    61882 |    39997    33162     21 | 13.208 % |
|   11362814 |     560    10068    61882 |    43997    36918     18 | 13.208 % |
|   17044326 |     560    10068    61882 |    48396    20813     14 | 13.208 % |
|   25566595 |     560    10068    61882 |    53236    31698     16 | 13.208 % |
|   38349998 |     560    10068    61882 |    58560    38175     17 | 13.208 % |
|   57525103 |     560    10068    61882 |    64416    29361     18 | 13.208 % |
|   86287761 |     560    10068    61882 |    70857    36253     15 | 13.208 % |
===============================================================================
restarts              : 124089
conflicts             : 94456953       (18163 /sec)
decisions             : 117268037      (0.00 % random) (22549 /sec)
propagations          : 3167493867     (609078 /sec)
conflict literals     : 1707709107     (9.19 % deleted)
Memory used           : 114.00 MB
CPU time              : 5200.47 s

SATISFIABLE
