WARNING: for repeatability, setting FPU to use double precision
============================[ Problem Statistics ]=============================
|                                                                             |
|  Number of variables:          1008                                         |
|  Number of clauses:           12952                                         |
|  Parse time:                   0.01 s                                       |
|  Eliminated clauses:           0.01 Mb                                      |
|  Simplification time:          0.04 s                                       |
|                                                                             |
=============================[ Search Statistics ]==============================
| Conflicts  |          ORIGINAL         |          LEARNT          | Progress |
|            |    Vars  Clauses Literals |    Limit  Clauses Lit/Cl |          |
================================================================================
|        100 |     672    12088    74284 |     4432      100     12 | 12.699 % |
|        250 |     672    12088    74284 |     4875      250     13 | 12.699 % |
|        475 |     672    12088    74284 |     5363      475     14 | 12.699 % |
|        812 |     672    12088    74284 |     5899      812     14 | 12.699 % |
|       1318 |     672    12088    74284 |     6489     1318     14 | 12.699 % |
|       2077 |     672    12088    74284 |     7138     2077     14 | 12.699 % |
|       3216 |     672    12088    74284 |     7852     3216     14 | 12.699 % |
|       4924 |     672    12088    74284 |     8637     4924     14 | 12.699 % |
|       7486 |     672    12088    74284 |     9500     7486     15 | 12.699 % |
|      11330 |     672    12088    74284 |    10451     6473     15 | 12.699 % |
|      17096 |     672    12088    74284 |    11496     6894     15 | 12.699 % |
|      25745 |     672    12088    74284 |    12645     9667     15 | 12.699 % |
|      38719 |     672    12088    74284 |    13910     9712     14 | 12.699 % |
|      58180 |     672    12088    74284 |    15301     7838     13 | 12.699 % |
|      87372 |     672    12088    74284 |    16831    13795     15 | 12.699 % |
|     131161 |     672    12088    74284 |    18514    14883     15 | 12.699 % |
|     196845 |     672    12088    74284 |    20366    14992     15 | 12.699 % |
|     295371 |     672    12088    74284 |    22402    10550     14 | 12.699 % |
|     443160 |     672    12088    74284 |    24643    22486     17 | 12.699 % |
|     664843 |     672    12088    74284 |    27107    19515     15 | 12.699 % |
|     997368 |     672    12088    74284 |    29818    21591     18 | 12.699 % |
|    1496156 |     672    12088    74284 |    32799    18694     14 | 12.699 % |
|    2244338 |     672    12088    74284 |    36079    32579     16 | 12.699 % |
|    3366612 |     672    12088    74284 |    39687    33589     15 | 12.699 % |
|    5050023 |     672    12088    74284 |    43656    24132     15 | 12.699 % |
|    7575139 |     672    12088    74284 |    48022    18688     15 | 12.699 % |
|   11362814 |     672    12088    74284 |    52824    36640     17 | 12.699 % |
===============================================================================
restarts              : 21500
conflicts             : 14379073       (30045 /sec)
decisions             : 19172090       (0.00 % random) (40060 /sec)
propagations          : 358044345      (748140 /sec)
conflict literals     : 248052674      (7.14 % deleted)
Memory used           : 53.00 MB
CPU time              : 478.579 s

SATISFIABLE
