WARNING: for repeatability, setting FPU to use double precision
============================[ Problem Statistics ]=============================
|                                                                             |
|  Number of variables:          1328                                         |
|  Number of clauses:           17248                                         |
|  Parse time:                   0.01 s                                       |
|  Eliminated clauses:           0.01 Mb                                      |
|  Simplification time:          0.06 s                                       |
|                                                                             |
=============================[ Search Statistics ]==============================
| Conflicts  |          ORIGINAL         |          LEARNT          | Progress |
|            |    Vars  Clauses Literals |    Limit  Clauses Lit/Cl |          |
================================================================================
|        100 |     896    16128    99088 |     5913      100     18 | 12.048 % |
|        250 |     896    16128    99088 |     6504      250     15 | 12.048 % |
|        475 |     896    16128    99088 |     7155      475     14 | 12.048 % |
|        812 |     896    16128    99088 |     7871      812     13 | 12.048 % |
|       1318 |     896    16128    99088 |     8658     1318     15 | 12.048 % |
|       2077 |     896    16128    99088 |     9523     2077     14 | 12.048 % |
|       3216 |     896    16128    99088 |    10476     3216     15 | 12.048 % |
|       4924 |     896    16128    99088 |    11523     4924     14 | 12.048 % |
|       7486 |     896    16128    99088 |    12676     7486     14 | 12.048 % |
|      11330 |     896    16128    99088 |    13943    11330     14 | 12.048 % |
|      17096 |     896    16128    99088 |    15338     9880     14 | 12.048 % |
|      25745 |     896    16128    99088 |    16872    10744     14 | 12.048 % |
|      38719 |     896    16128    99088 |    18559    15184     15 | 12.048 % |
|      58180 |     896    16128    99088 |    20415    15642     14 | 12.048 % |
|      87372 |     896    16128    99088 |    22456    13807     15 | 12.048 % |
|     131161 |     896    16128    99088 |    24702    12089     14 | 12.048 % |
|     196845 |     896    16128    99088 |    27172    15279     14 | 12.048 % |
|     295371 |     896    16128    99088 |    29890    17760     14 | 12.048 % |
|     443160 |     896    16128    99088 |    32879    20578     18 | 12.048 % |
|     664843 |     896    16128    99088 |    36167    31984     15 | 12.048 % |
|     997368 |     896    16128    99088 |    39783    16044     17 | 12.048 % |
|    1496156 |     896    16128    99088 |    43762    24197     14 | 12.048 % |
|    2244338 |     896    16128    99088 |    48138    40052     23 | 12.048 % |
|    3366612 |     896    16128    99088 |    52952    42954     15 | 12.048 % |
|    5050023 |     896    16128    99088 |    58247    26635     16 | 12.048 % |
|    7575139 |     896    16128    99088 |    64072    41235     21 | 12.048 % |
|   11362814 |     896    16128    99088 |    70479    46237     17 | 12.048 % |
|   17044326 |     896    16128    99088 |    77527    64044     16 | 12.048 % |
|   25566595 |     896    16128    99088 |    85279    41391     15 | 12.048 % |
|   38349998 |     896    16128    99088 |    93807    85150     17 | 12.048 % |
|   57525103 |     896    16128    99088 |   103188    85188     19 | 12.048 % |
|   86287761 |     896    16128    99088 |   113507    68330     16 | 12.048 % |
|  129431749 |     896    16128    99088 |   124858   110134     19 | 12.048 % |
|  194147731 |     896    16128    99088 |   137344    88524     17 | 12.048 % |
|  291221704 |     896    16128    99088 |   151078    72031     15 | 12.048 % |
===============================================================================
restarts              : 361913
conflicts             : 313854736      (10583 /sec)
decisions             : 393278332      (0.00 % random) (13261 /sec)
propagations          : 12921848006    (435701 /sec)
conflict literals     : 5990577474     (9.89 % deleted)
Memory used           : 341.00 MB
CPU time              : 29657.6 s

SATISFIABLE
