WARNING: for repeatability, setting FPU to use double precision
============================[ Problem Statistics ]=============================
|                                                                             |
|  Number of variables:           928                                         |
|  Number of clauses:           11878                                         |
|  Parse time:                   0.01 s                                       |
|  Eliminated clauses:           0.01 Mb                                      |
|  Simplification time:          0.04 s                                       |
|                                                                             |
=============================[ Search Statistics ]==============================
| Conflicts  |          ORIGINAL         |          LEARNT          | Progress |
|            |    Vars  Clauses Literals |    Limit  Clauses Lit/Cl |          |
================================================================================
|        100 |     616    11078    68083 |     4061      100     13 | 12.931 % |
|        250 |     616    11078    68083 |     4468      250     13 | 12.931 % |
|        475 |     616    11078    68083 |     4914      475     14 | 12.931 % |
|        812 |     616    11078    68083 |     5406      812     14 | 12.931 % |
|       1318 |     616    11078    68083 |     5947     1318     14 | 12.931 % |
|       2077 |     616    11078    68083 |     6541     2077     14 | 12.931 % |
|       3216 |     616    11078    68083 |     7195     3216     15 | 12.931 % |
|       4924 |     616    11078    68083 |     7915     4924     14 | 12.931 % |
|       7486 |     616    11078    68083 |     8707     7486     15 | 12.931 % |
|      11330 |     616    11078    68083 |     9577     6806     15 | 12.931 % |
|      17096 |     616    11078    68083 |    10535     7611     15 | 12.931 % |
|      25745 |     616    11078    68083 |    11589     5512     14 | 12.931 % |
|      38719 |     616    11078    68083 |    12748     6663     15 | 12.931 % |
|      58180 |     616    11078    68083 |    14022     6696     15 | 12.931 % |
|      87372 |     616    11078    68083 |    15425     7361     16 | 12.931 % |
|     131161 |     616    11078    68083 |    16967    12122     14 | 12.931 % |
|     196845 |     616    11078    68083 |    18664     9132     16 | 12.931 % |
|     295371 |     616    11078    68083 |    20530    13261     14 | 12.931 % |
|     443160 |     616    11078    68083 |    22584    15915     16 | 12.931 % |
|     664843 |     616    11078    68083 |    24842    20559     14 | 12.931 % |
|     997368 |     616    11078    68083 |    27326    12933     19 | 12.931 % |
|    1496156 |     616    11078    68083 |    30059    24148     14 | 12.931 % |
|    2244338 |     616    11078    68083 |    33065    14764     22 | 12.931 % |
|    3366612 |     616    11078    68083 |    36371    30602     15 | 12.931 % |
|    5050023 |     616    11078    68083 |    40008    29507     19 | 12.931 % |
|    7575139 |     616    11078    68083 |    44009    36313     18 | 12.931 % |
|   11362814 |     616    11078    68083 |    48410    43726     17 | 12.931 % |
|   17044326 |     616    11078    68083 |    53251    34849     16 | 12.931 % |
|   25566595 |     616    11078    68083 |    58577    20688     15 | 12.931 % |
|   38349998 |     616    11078    68083 |    64434    33186     16 | 12.931 % |
|   57525103 |     616    11078    68083 |    70878    40304     18 | 12.931 % |
|   86287761 |     616    11078    68083 |    77966    39422     15 | 12.931 % |
===============================================================================
restarts              : 135677
conflicts             : 114170249      (16352 /sec)
decisions             : 140958766      (0.00 % random) (20188 /sec)
propagations          : 4035466829     (577965 /sec)
conflict literals     : 2099965672     (9.63 % deleted)
Memory used           : 147.00 MB
CPU time              : 6982.2 s

SATISFIABLE
