WARNING: for repeatability, setting FPU to use double precision
============================[ Problem Statistics ]=============================
|                                                                             |
|  Number of variables:          1408                                         |
|  Number of clauses:           18322                                         |
|  Parse time:                   0.01 s                                       |
|  Eliminated clauses:           0.01 Mb                                      |
|  Simplification time:          0.06 s                                       |
|                                                                             |
=============================[ Search Statistics ]==============================
| Conflicts  |          ORIGINAL         |          LEARNT          | Progress |
|            |    Vars  Clauses Literals |    Limit  Clauses Lit/Cl |          |
================================================================================
|        100 |     952    17138   105289 |     6283      100     14 | 11.932 % |
|        250 |     952    17138   105289 |     6912      250     15 | 11.932 % |
|        475 |     952    17138   105289 |     7603      475     14 | 11.932 % |
|        812 |     952    17138   105289 |     8363      812     14 | 11.932 % |
|       1318 |     952    17138   105289 |     9200     1318     14 | 11.932 % |
|       2077 |     952    17138   105289 |    10120     2077     14 | 11.932 % |
|       3216 |     952    17138   105289 |    11132     3216     14 | 11.932 % |
|       4924 |     952    17138   105289 |    12245     4924     14 | 11.932 % |
|       7486 |     952    17138   105289 |    13470     7486     14 | 11.932 % |
|      11330 |     952    17138   105289 |    14817    11330     15 | 11.932 % |
|      17096 |     952    17138   105289 |    16298     9562     15 | 11.932 % |
|      25745 |     952    17138   105289 |    17928     9946     14 | 11.932 % |
|      38719 |     952    17138   105289 |    19721    13640     15 | 11.932 % |
|      58180 |     952    17138   105289 |    21693    13196     14 | 11.932 % |
|      87372 |     952    17138   105289 |    23863    20146     15 | 11.932 % |
|     131161 |     952    17138   105289 |    26249    15321     14 | 11.932 % |
|     196845 |     952    17138   105289 |    28874    13906     15 | 11.932 % |
|     295371 |     952    17138   105289 |    31761    17901     14 | 11.932 % |
|     443160 |     952    17138   105289 |    34938    24639     15 | 11.932 % |
|     664843 |     952    17138   105289 |    38431    20321     15 | 11.932 % |
|     997368 |     952    17138   105289 |    42275    19778     16 | 11.932 % |
|    1496156 |     952    17138   105289 |    46502    21245     13 | 11.932 % |
|    2244338 |     952    17138   105289 |    51152    32640     17 | 11.932 % |
|    3366612 |     952    17138   105289 |    56268    36730     15 | 11.932 % |
|    5050023 |     952    17138   105289 |    61895    18588     14 | 11.932 % |
|    7575139 |     952    17138   105289 |    68084    49134     16 | 11.932 % |
|   11362814 |     952    17138   105289 |    74893    65393     21 | 11.932 % |
|   17044326 |     952    17138   105289 |    82382    54773     16 | 11.932 % |
|   25566595 |     952    17138   105289 |    90620    47919     16 | 11.932 % |
|   38349998 |     952    17138   105289 |    99682    48537     17 | 11.932 % |
|   57525103 |     952    17138   105289 |   109650    52374     16 | 11.932 % |
===============================================================================
restarts              : 102199
conflicts             : 79060119       (16536 /sec)
decisions             : 103825990      (0.00 % random) (21716 /sec)
propagations          : 2612134497     (546354 /sec)
conflict literals     : 1441344530     (8.93 % deleted)
Memory used           : 173.00 MB
CPU time              : 4781.03 s

SATISFIABLE
