WARNING: for repeatability, setting FPU to use double precision
============================[ Problem Statistics ]=============================
|                                                                             |
|  Number of variables:          1328                                         |
|  Number of clauses:           17248                                         |
|  Parse time:                   0.01 s                                       |
|  Eliminated clauses:           0.01 Mb                                      |
|  Simplification time:          0.06 s                                       |
|                                                                             |
=============================[ Search Statistics ]==============================
| Conflicts  |          ORIGINAL         |          LEARNT          | Progress |
|            |    Vars  Clauses Literals |    Limit  Clauses Lit/Cl |          |
================================================================================
|        100 |     896    16128    99088 |     5913      100     12 | 12.048 % |
|        250 |     896    16128    99088 |     6504      250     11 | 12.048 % |
|        475 |     896    16128    99088 |     7155      475     12 | 12.048 % |
|        812 |     896    16128    99088 |     7871      812     13 | 12.048 % |
|       1318 |     896    16128    99088 |     8658     1318     13 | 12.048 % |
|       2077 |     896    16128    99088 |     9523     2077     13 | 12.048 % |
|       3216 |     896    16128    99088 |    10476     3216     14 | 12.048 % |
|       4924 |     896    16128    99088 |    11523     4924     14 | 12.048 % |
|       7486 |     896    16128    99088 |    12676     7486     14 | 12.048 % |
|      11330 |     896    16128    99088 |    13943    11330     15 | 12.048 % |
|      17096 |     896    16128    99088 |    15338     9875     15 | 12.048 % |
|      25745 |     896    16128    99088 |    16872    10708     15 | 12.048 % |
|      38719 |     896    16128    99088 |    18559    15164     15 | 12.048 % |
|      58180 |     896    16128    99088 |    20415    15634     15 | 12.048 % |
|      87372 |     896    16128    99088 |    22456    13753     14 | 12.048 % |
|     131161 |     896    16128    99088 |    24702    12036     13 | 12.048 % |
|     196845 |     896    16128    99088 |    27172    15146     15 | 12.048 % |
|     295371 |     896    16128    99088 |    29890    14763     13 | 12.048 % |
|     443160 |     896    16128    99088 |    32879    24740     15 | 12.048 % |
|     664843 |     896    16128    99088 |    36167    22629     15 | 12.048 % |
|     997368 |     896    16128    99088 |    39783    30624     17 | 12.048 % |
|    1496156 |     896    16128    99088 |    43762    31912     15 | 12.048 % |
|    2244338 |     896    16128    99088 |    48138    43234     23 | 12.048 % |
|    3366612 |     896    16128    99088 |    52952    31595     15 | 12.048 % |
|    5050023 |     896    16128    99088 |    58247    33312     20 | 12.048 % |
|    7575139 |     896    16128    99088 |    64072    36959     17 | 12.048 % |
|   11362814 |     896    16128    99088 |    70479    21059     15 | 12.048 % |
|   17044326 |     896    16128    99088 |    77527    66583     15 | 12.048 % |
|   25566595 |     896    16128    99088 |    85279    20162     16 | 12.048 % |
|   38349998 |     896    16128    99088 |    93807    34178     15 | 12.048 % |
|   57525103 |     896    16128    99088 |   103188    22638     18 | 12.048 % |
|   86287761 |     896    16128    99088 |   113507    27462     13 | 12.048 % |
|  129431749 |     896    16128    99088 |   124858    33703     16 | 12.048 % |
|  194147731 |     896    16128    99088 |   137344    77016     15 | 12.048 % |
===============================================================================
restarts              : 296698
conflicts             : 261535989      (11392 /sec)
decisions             : 329233839      (0.00 % random) (14341 /sec)
propagations          : 10194430650    (444066 /sec)
conflict literals     : 4941176486     (9.81 % deleted)
Memory used           : 318.00 MB
CPU time              : 22957 s

SATISFIABLE
