WARNING: for repeatability, setting FPU to use double precision
============================[ Problem Statistics ]=============================
|                                                                             |
|  Number of variables:           848                                         |
|  Number of clauses:           10804                                         |
|  Parse time:                   0.01 s                                       |
|  Eliminated clauses:           0.01 Mb                                      |
|  Simplification time:          0.04 s                                       |
|                                                                             |
=============================[ Search Statistics ]==============================
| Conflicts  |          ORIGINAL         |          LEARNT          | Progress |
|            |    Vars  Clauses Literals |    Limit  Clauses Lit/Cl |          |
================================================================================
|        100 |     560    10068    61882 |     3691      100     16 | 13.208 % |
|        250 |     560    10068    61882 |     4060      250     15 | 13.208 % |
|        475 |     560    10068    61882 |     4466      475     15 | 13.208 % |
|        812 |     560    10068    61882 |     4913      812     14 | 13.208 % |
|       1318 |     560    10068    61882 |     5404     1318     14 | 13.208 % |
|       2077 |     560    10068    61882 |     5945     2077     14 | 13.208 % |
|       3216 |     560    10068    61882 |     6539     3216     14 | 13.208 % |
|       4924 |     560    10068    61882 |     7193     4924     14 | 13.208 % |
|       7486 |     560    10068    61882 |     7913     3782     14 | 13.208 % |
|      11330 |     560    10068    61882 |     8704     7626     14 | 13.208 % |
|      17096 |     560    10068    61882 |     9575     4513     14 | 13.208 % |
|      25745 |     560    10068    61882 |    10532     8229     14 | 13.208 % |
|      38719 |     560    10068    61882 |    11585    10445     16 | 13.208 % |
|      58180 |     560    10068    61882 |    12744     6211     14 | 13.208 % |
|      87372 |     560    10068    61882 |    14018     9522     15 | 13.208 % |
|     131161 |     560    10068    61882 |    15420    10622     14 | 13.208 % |
|     196845 |     560    10068    61882 |    16962    13667     16 | 13.208 % |
|     295371 |     560    10068    61882 |    18659     9152     15 | 13.208 % |
|     443160 |     560    10068    61882 |    20524    15462     15 | 13.208 % |
|     664843 |     560    10068    61882 |    22577    19305     15 | 13.208 % |
|     997368 |     560    10068    61882 |    24835    21644     16 | 13.208 % |
|    1496156 |     560    10068    61882 |    27318    19160     14 | 13.208 % |
|    2244338 |     560    10068    61882 |    30050    13880     17 | 13.208 % |
|    3366612 |     560    10068    61882 |    33055    15936     14 | 13.208 % |
|    5050023 |     560    10068    61882 |    36361    18409     15 | 13.208 % |
|    7575139 |     560    10068    61882 |    39997    22280     16 | 13.208 % |
|   11362814 |     560    10068    61882 |    43997    26639     16 | 13.208 % |
|   17044326 |     560    10068    61882 |    48396    42065     17 | 13.208 % |
===============================================================================
restarts              : 33047
conflicts             : 24706287       (24459 /sec)
decisions             : 31387422       (0.00 % random) (31074 /sec)
propagations          : 731000161      (723691 /sec)
conflict literals     : 437169035      (8.87 % deleted)
Memory used           : 71.00 MB
CPU time              : 1010.1 s

SATISFIABLE
