WARNING: for repeatability, setting FPU to use double precision
============================[ Problem Statistics ]=============================
|                                                                             |
|  Number of variables:           928                                         |
|  Number of clauses:           11878                                         |
|  Parse time:                   0.01 s                                       |
|  Eliminated clauses:           0.01 Mb                                      |
|  Simplification time:          0.04 s                                       |
|                                                                             |
=============================[ Search Statistics ]==============================
| Conflicts  |          ORIGINAL         |          LEARNT          | Progress |
|            |    Vars  Clauses Literals |    Limit  Clauses Lit/Cl |          |
================================================================================
|        100 |     616    11078    68083 |     4061      100     12 | 12.931 % |
|        250 |     616    11078    68083 |     4468      250     12 | 12.931 % |
|        475 |     616    11078    68083 |     4914      475     13 | 12.931 % |
|        812 |     616    11078    68083 |     5406      812     14 | 12.931 % |
|       1318 |     616    11078    68083 |     5947     1318     14 | 12.931 % |
|       2077 |     616    11078    68083 |     6541     2077     14 | 12.931 % |
|       3216 |     616    11078    68083 |     7195     3216     14 | 12.931 % |
|       4924 |     616    11078    68083 |     7915     4924     14 | 12.931 % |
|       7486 |     616    11078    68083 |     8707     7486     15 | 12.931 % |
|      11330 |     616    11078    68083 |     9577     6914     14 | 12.931 % |
|      17096 |     616    11078    68083 |    10535     7669     15 | 12.931 % |
|      25745 |     616    11078    68083 |    11589     5570     13 | 12.931 % |
|      38719 |     616    11078    68083 |    12748     6788     14 | 12.931 % |
|      58180 |     616    11078    68083 |    14022     6880     14 | 12.931 % |
|      87372 |     616    11078    68083 |    15425     7631     14 | 12.931 % |
|     131161 |     616    11078    68083 |    16967    12338     14 | 12.931 % |
|     196845 |     616    11078    68083 |    18664     9239     14 | 12.931 % |
|     295371 |     616    11078    68083 |    20530    13321     14 | 12.931 % |
|     443160 |     616    11078    68083 |    22584    15590     15 | 12.931 % |
|     664843 |     616    11078    68083 |    24842    20219     15 | 12.931 % |
|     997368 |     616    11078    68083 |    27326    14117     17 | 12.931 % |
|    1496156 |     616    11078    68083 |    30059    26350     15 | 12.931 % |
|    2244338 |     616    11078    68083 |    33065    25318     15 | 12.931 % |
|    3366612 |     616    11078    68083 |    36371    17975     13 | 12.931 % |
|    5050023 |     616    11078    68083 |    40008    20445     18 | 12.931 % |
|    7575139 |     616    11078    68083 |    44009    36106     19 | 12.931 % |
|   11362814 |     616    11078    68083 |    48410    36760     17 | 12.931 % |
===============================================================================
restarts              : 24518
conflicts             : 15980579       (29689 /sec)
decisions             : 21146702       (0.00 % random) (39286 /sec)
propagations          : 408217647      (758387 /sec)
conflict literals     : 274757526      (7.49 % deleted)
Memory used           : 51.00 MB
CPU time              : 538.271 s

SATISFIABLE
