rn rc t sat cfs dec rts r1 mem ptime stime cfl r s
96 324 0.000999 1 36 39 1 1027 8.00 0.00 0.00 145 1 1
96 324 0.000999 1 3 8 1 128 8.00 0.00 0.00 15 1 2
96 324 0.001999 1 43 52 1 1117 8.00 0.00 0.00 175 1 3
96 324 0.001999 1 11 16 1 353 8.00 0.00 0.00 58 1 4
96 324 0 1 53 59 1 1378 8.00 0.00 0.00 215 1 5
96 324 0.000999 1 9 19 1 306 8.00 0.00 0.00 44 1 6
96 324 0.001999 1 46 62 1 1033 8.00 0.00 0.00 208 1 7
96 324 0.000999 1 25 29 1 811 8.00 0.00 0.00 129 1 8
96 324 0.001999 1 46 52 1 1138 8.00 0.00 0.00 207 1 9
96 324 0.001999 1 1 6 1 108 8.00 0.00 0.00 7 1 10
96 324 0.001999 1 8 14 1 234 8.00 0.00 0.00 47 1 11
96 324 0 1 38 46 1 861 8.00 0.00 0.00 189 1 12
96 324 0.000999 1 46 49 1 1021 8.00 0.00 0.00 199 1 13
96 324 0 1 22 25 1 632 8.00 0.00 0.00 102 1 14
96 324 0.001999 1 12 17 1 353 8.00 0.00 0.00 60 1 15
96 324 0.001999 1 29 37 1 781 8.00 0.00 0.00 140 1 16
96 324 0.000999 1 42 47 1 1119 8.00 0.00 0.00 176 1 17
96 324 0.000999 1 5 10 1 189 8.00 0.00 0.00 25 1 18
96 324 0.000999 1 31 36 1 709 8.00 0.00 0.00 168 1 19
96 324 0.001999 1 52 55 1 1523 8.00 0.00 0.00 211 1 20
168 616 0.002999 1 332 368 3 13486 8.00 0.00 0.00 2581 2 1
168 616 0.002999 1 216 265 3 9584 8.00 0.00 0.00 2001 2 2
168 616 0.005999 1 345 385 3 15341 8.00 0.00 0.00 2695 2 3
168 616 0.003999 1 203 261 3 8076 8.00 0.00 0.00 1691 2 4
168 616 0.002999 1 174 206 2 7594 8.00 0.00 0.00 1517 2 5
168 616 0.002999 1 103 126 2 4185 8.00 0.00 0.00 1005 2 6
168 616 0.004999 1 251 306 3 10479 8.00 0.00 0.00 1956 2 7
168 616 0.001999 1 49 76 1 1942 8.00 0.00 0.00 451 2 8
168 616 0.007998 1 430 481 4 19685 8.00 0.00 0.00 2989 2 9
168 616 0.005999 1 350 389 3 17712 8.00 0.00 0.00 2587 2 10
168 616 0.007998 1 362 432 3 15903 8.00 0.00 0.00 2866 2 11
168 616 0.001999 1 78 105 1 3282 8.00 0.00 0.00 853 2 12
168 616 0.002999 1 91 117 1 3644 8.00 0.00 0.00 796 2 13
168 616 0.005999 1 204 265 3 8104 8.00 0.00 0.00 1832 2 14
168 616 0.003999 1 233 281 3 11287 8.00 0.00 0.00 1858 2 15
168 616 0.005999 1 268 325 3 11921 8.00 0.00 0.00 2169 2 16
168 616 0.004999 1 147 180 2 5892 8.00 0.00 0.00 1337 2 17
168 616 0.000999 1 113 152 2 4726 8.00 0.00 0.00 1064 2 18
168 616 0.001999 1 25 50 1 679 8.00 0.00 0.00 207 2 19
168 616 0.002999 1 172 195 2 6823 8.00 0.00 0.00 1530 2 20
240 908 0.003999 1 119 162 2 5384 8.00 0.00 0.00 1096 3 1
240 908 0.010998 1 565 690 5 32863 8.00 0.00 0.00 4181 3 2
240 908 0.007998 1 384 449 3 23440 8.00 0.00 0.00 2894 3 3
240 908 0.007998 1 258 315 3 14102 8.00 0.00 0.00 2143 3 4
240 908 0.010998 1 475 578 4 29669 8.00 0.00 0.00 3755 3 5
240 908 0.005999 1 274 336 3 13626 8.00 0.00 0.00 2231 3 6
240 908 0.003999 1 89 125 1 3767 8.00 0.00 0.00 858 3 7
240 908 0.002999 1 93 140 1 4735 8.00 0.00 0.00 775 3 8
240 908 0.007998 1 333 424 3 17895 8.00 0.00 0.00 2713 3 9
240 908 0.001999 1 123 188 2 7676 8.00 0.00 0.00 1115 3 10
240 908 0.004999 1 209 287 3 9591 8.00 0.00 0.00 1866 3 11
240 908 0.005999 1 222 308 3 10754 8.00 0.00 0.00 2058 3 12
240 908 0.007998 1 458 545 4 28148 8.00 0.00 0.00 3425 3 13
240 908 0.007998 1 437 512 4 22576 8.00 0.00 0.00 3347 3 14
240 908 0.008998 1 428 549 4 24559 8.00 0.00 0.00 3214 3 15
240 908 0.005999 1 139 169 2 6502 8.00 0.00 0.00 1452 3 16
240 908 0.006998 1 333 381 3 22070 8.00 0.00 0.00 2796 3 17
240 908 0.012998 1 488 571 4 30942 8.00 0.00 0.00 3292 3 18
240 908 0.003999 1 155 218 2 8767 8.00 0.00 0.00 1280 3 19
240 908 0.004999 1 155 197 2 7381 8.00 0.00 0.00 1693 3 20
312 1200 0.009998 1 318 424 3 21759 8.00 0.00 0.00 2893 4 1
312 1200 0.007998 1 390 515 3 28601 8.00 0.00 0.00 3235 4 2
312 1200 0.003999 1 90 146 1 3211 8.00 0.00 0.00 997 4 3
312 1200 0.010998 1 476 639 4 26002 8.00 0.00 0.00 4367 4 4
312 1200 0.008998 1 384 488 3 27517 8.00 0.00 0.00 3356 4 5
312 1200 0.014997 1 546 713 5 45667 8.00 0.00 0.00 3659 4 6
312 1200 0.014997 1 623 778 6 43977 8.00 0.00 0.00 5116 4 7
312 1200 0.004999 1 181 250 2 8405 8.00 0.00 0.00 1677 4 8
312 1200 0.007998 1 349 497 3 19246 8.00 0.00 0.00 2994 4 9
312 1200 0.008998 1 317 415 3 17493 8.00 0.00 0.00 2993 4 10
312 1200 0.003999 1 44 82 1 1897 8.00 0.00 0.00 415 4 11
312 1200 0.005999 1 229 302 3 11984 8.00 0.00 0.00 2381 4 12
312 1200 0.006998 1 265 385 3 17679 8.00 0.00 0.00 2126 4 13
312 1200 0.004999 1 143 203 2 6127 8.00 0.00 0.00 1294 4 14
312 1200 0.005999 1 299 388 3 13103 8.00 0.00 0.00 2554 4 15
312 1200 0.005999 1 200 285 2 9026 8.00 0.00 0.00 2062 4 16
312 1200 0.006998 1 464 636 4 28854 8.00 0.00 0.00 3817 4 17
312 1200 0.005999 1 241 360 3 8880 8.00 0.00 0.00 2087 4 18
312 1200 0.003999 1 81 147 1 4444 8.00 0.00 0.00 904 4 19
312 1200 0.007998 1 354 484 3 19932 8.00 0.00 0.00 3070 4 20
384 1492 0.015997 1 655 841 6 54200 8.00 0.00 0.00 5268 5 1
384 1492 0.014997 1 664 908 6 46918 8.00 0.00 0.00 5207 5 2
384 1492 0.021996 1 720 934 6 65804 8.00 0.00 0.00 5459 5 3
384 1492 0.006998 1 222 342 3 11265 8.00 0.00 0.00 1865 5 4
384 1492 0.013997 1 687 929 6 48784 8.00 0.00 0.00 5870 5 5
384 1492 0.006998 1 238 369 3 16003 8.00 0.00 0.00 2160 5 6
384 1492 0.020996 1 891 1178 7 68990 8.00 0.00 0.00 8657 5 7
384 1492 0.015997 1 808 1080 7 57212 8.00 0.00 0.00 8221 5 8
384 1492 0.008998 1 379 590 3 21324 8.00 0.00 0.00 3098 5 9
384 1492 0.003999 1 55 110 1 2406 8.00 0.00 0.00 471 5 10
384 1492 0.016997 1 535 750 5 53072 8.00 0.00 0.00 3502 5 11
384 1492 0.004999 1 173 311 2 8363 8.00 0.00 0.00 1566 5 12
384 1492 0.010998 1 545 778 5 33495 8.00 0.00 0.00 4826 5 13
384 1492 0.019996 1 817 1075 7 70458 8.00 0.00 0.00 6074 5 14
384 1492 0.005999 1 233 399 3 12162 8.00 0.00 0.00 1888 5 15
384 1492 0.009998 1 337 512 3 25849 8.00 0.00 0.00 2507 5 16
384 1492 0.016997 1 769 1093 6 64054 8.00 0.00 0.00 5620 5 17
384 1492 0.002999 1 210 341 3 10970 8.00 0.00 0.00 2030 5 18
384 1492 0.011998 1 518 749 5 31907 8.00 0.00 0.00 4713 5 19
384 1492 0.014997 1 685 843 6 51733 8.00 0.00 0.00 5961 5 20
456 1784 0.008998 1 425 614 4 21865 8.00 0.00 0.00 4316 6 1
456 1784 0.019996 1 877 1154 7 66625 8.00 0.00 0.00 7080 6 2
456 1784 0.002999 1 59 130 1 3050 8.00 0.00 0.00 562 6 3
456 1784 0.018997 1 822 1193 7 51866 8.00 0.00 0.00 7963 6 4
456 1784 0.015997 1 690 971 6 40238 8.00 0.00 0.00 6107 6 5
456 1784 0.005999 1 128 226 2 5475 8.00 0.00 0.00 1328 6 6
456 1784 0.019996 1 870 1284 7 53358 8.00 0.00 0.00 7991 6 7
456 1784 0.011998 1 551 820 5 38561 8.00 0.00 0.00 4287 6 8
456 1784 0.021996 1 712 1060 6 67497 8.00 0.00 0.00 5719 6 9
456 1784 0.011998 1 424 700 4 34019 8.00 0.00 0.00 3902 6 10
456 1784 0.015997 1 669 915 6 59049 8.00 0.00 0.00 5903 6 11
456 1784 0.018997 1 863 1218 7 65490 8.00 0.00 0.00 8069 6 12
456 1784 0.019996 1 1006 1356 7 71178 8.00 0.00 0.00 8959 6 13
456 1784 0.011998 1 431 700 4 27568 8.00 0.00 0.00 3410 6 14
456 1784 0.026995 1 972 1343 7 86376 8.00 0.00 0.00 7308 6 15
456 1784 0.011998 1 548 807 5 35259 8.00 0.00 0.00 4584 6 16
456 1784 0.012998 1 598 837 5 39756 8.00 0.00 0.00 5595 6 17
456 1784 0.009998 1 592 817 5 33516 8.00 0.00 0.00 6577 6 18
456 1784 0.024996 1 948 1275 7 81260 8.00 0.00 0.00 7266 6 19
456 1784 0.014997 1 644 896 6 57047 8.00 0.00 0.00 5066 6 20
528 2076 0.011998 1 375 738 3 19134 8.00 0.00 0.00 3767 7 1
528 2076 0.041993 1 1882 2745 13 165366 8.00 0.00 0.00 19221 7 2
528 2076 0.009998 1 253 542 3 12782 8.00 0.00 0.00 2176 7 3
528 2076 0.017997 1 1254 1834 8 72321 8.00 0.00 0.00 13764 7 4
528 2076 0.010998 1 492 790 4 31869 8.00 0.00 0.00 5771 7 5
528 2076 0.009998 1 526 818 5 31911 8.00 0.00 0.00 5989 7 6
528 2076 0.019996 1 882 1313 7 70394 8.00 0.00 0.00 7795 7 7
528 2076 0.018997 1 933 1294 7 69659 8.00 0.00 0.00 8271 7 8
528 2076 0.014997 1 729 1040 6 56912 8.00 0.00 0.00 5666 7 9
528 2076 0.024996 1 803 1179 6 87423 8.00 0.00 0.00 6825 7 10
528 2076 0.008998 1 446 685 4 25662 8.00 0.00 0.00 5357 7 11
528 2076 0.013997 1 607 952 6 34895 8.00 0.00 0.00 5882 7 12
528 2076 0.021996 1 1038 1467 7 73687 8.00 0.00 0.00 9559 7 13
528 2076 0.004999 1 37 100 1 1256 8.00 0.00 0.00 206 7 14
528 2076 0.017997 1 696 1112 6 53468 8.00 0.00 0.00 5379 7 15
528 2076 0.013997 1 555 949 5 37141 8.00 0.00 0.00 5077 7 16
528 2076 0.018997 1 961 1463 7 50490 8.00 0.00 0.00 8866 7 17
528 2076 0.018997 1 925 1503 7 64564 8.00 0.00 0.00 9046 7 18
528 2076 0.029995 1 1519 2013 10 125143 8.00 0.00 0.00 16764 7 19
528 2076 0.034994 1 1441 2053 10 135836 8.00 0.00 0.00 12455 7 20
600 2368 0.022996 1 1036 1575 7 83494 8.00 0.00 0.00 10474 8 1
600 2368 0.026995 1 1052 1503 7 92604 8.00 0.00 0.00 9084 8 2
600 2368 0.028995 1 1364 2079 9 100590 8.00 0.00 0.00 12611 8 3
600 2368 0.018997 1 1119 1705 7 70222 8.00 0.00 0.00 9522 8 4
600 2368 0.023996 1 1185 1770 7 85052 8.00 0.00 0.00 10348 8 5
600 2368 0.025996 1 1090 1735 7 83051 8.00 0.00 0.00 11236 8 6
600 2368 0.026995 1 1436 2081 10 93257 8.00 0.00 0.00 13070 8 7
600 2368 0.027995 1 1534 2263 10 97976 8.00 0.00 0.00 16607 8 8
600 2368 0.067989 1 3277 4372 16 277203 8.00 0.00 0.00 36395 8 9
600 2368 0.021996 1 967 1567 7 77865 8.00 0.00 0.00 10405 8 10
600 2368 0.026995 1 1030 1598 7 82605 8.00 0.00 0.00 9040 8 11
600 2368 0.009998 1 545 1015 5 32337 8.00 0.00 0.00 4615 8 12
600 2368 0.029995 1 1670 2558 11 108710 8.00 0.00 0.00 16614 8 13
600 2368 0.036994 1 1987 3016 13 143776 8.00 0.00 0.00 23532 8 14
600 2368 0.035994 1 1501 2189 10 119792 8.00 0.00 0.00 16755 8 15
600 2368 0.031995 1 1492 2163 10 114424 8.00 0.00 0.00 16591 8 16
600 2368 0.045993 1 1821 2523 13 181448 8.00 0.00 0.00 21616 8 17
600 2368 0.016997 1 704 1116 6 47128 8.00 0.00 0.00 5680 8 18
600 2368 0.016997 1 777 1342 6 51461 8.00 0.00 0.00 7636 8 19
600 2368 0.017997 1 944 1432 7 67858 8.00 0.00 0.00 8526 8 20
672 2660 0.053991 1 2358 3369 14 219073 8.00 0.00 0.00 24816 9 1
672 2660 0.007998 1 352 728 3 23260 8.00 0.00 0.00 2793 9 2
672 2660 0.029995 1 1629 2612 11 132806 8.00 0.00 0.00 15090 9 3
672 2660 0.010998 1 508 943 5 28516 8.00 0.00 0.00 5850 9 4
672 2660 0.043993 1 1916 2907 13 170699 8.00 0.00 0.00 20166 9 5
672 2660 0.058991 1 2571 3717 15 223140 8.00 0.00 0.00 27315 9 6
672 2660 0.053991 1 2117 3170 14 214939 8.00 0.00 0.00 19576 9 7
672 2660 0.022996 1 1072 1785 7 65689 8.00 0.00 0.00 11737 9 8
672 2660 0.029995 1 1175 2024 7 108548 8.00 0.00 0.00 10337 9 9
672 2660 0.024996 1 1193 1973 7 76598 8.00 0.00 0.00 13132 9 10
672 2660 0.037994 1 1743 2618 12 141807 8.00 0.00 0.00 20364 9 11
672 2660 0.042993 1 2027 2881 14 162668 8.00 0.00 0.00 22318 9 12
672 2660 0.033994 1 2011 2987 14 126628 8.00 0.00 0.00 22279 9 13
672 2660 0.021996 1 1068 1693 7 96701 8.00 0.00 0.00 9347 9 14
672 2660 0.047992 1 2042 3142 14 191169 8.00 0.00 0.00 21485 9 15
672 2660 0.029995 1 1062 1658 7 100846 8.00 0.00 0.00 10218 9 16
672 2660 0.040993 1 1977 2936 13 168129 8.00 0.00 0.00 20624 9 17
672 2660 0.015997 1 865 1474 7 48086 8.00 0.00 0.00 7987 9 18
672 2660 0.024996 1 1196 1868 7 98808 8.00 0.00 0.00 11950 9 19
672 2660 0.034994 1 1449 2272 10 134612 8.00 0.00 0.00 15518 9 20
744 2952 0.036994 1 1865 2807 13 136632 8.00 0.00 0.00 20139 10 1
744 2952 0.073988 1 3273 4492 16 306614 8.00 0.00 0.00 35651 10 2
744 2952 0.026995 1 1315 2207 9 103544 8.00 0.00 0.00 14048 10 3
744 2952 0.065989 1 2644 3836 15 253603 8.00 0.00 0.00 28418 10 4
744 2952 0.022996 1 1183 2113 7 70790 8.00 0.00 0.00 11163 10 5
744 2952 0.024996 1 1316 2228 9 96257 8.00 0.00 0.00 14279 10 6
744 2952 0.038994 1 1502 2371 10 139506 8.00 0.00 0.00 14911 10 7
744 2952 0.036994 1 1589 2762 10 139807 8.00 0.00 0.00 18046 10 8
744 2952 0.05999 1 2565 3781 15 234789 8.00 0.00 0.00 28872 10 9
744 2952 0.06399 1 3012 4311 15 257173 8.00 0.00 0.00 32541 10 10
744 2952 0.037994 1 1701 2588 11 154500 8.00 0.00 0.00 15252 10 11
744 2952 0.036994 1 1669 2639 11 142028 8.00 0.00 0.00 14411 10 12
744 2952 0.042993 1 1778 2725 12 152117 8.00 0.00 0.00 17915 10 13
744 2952 0.046992 1 1817 2581 13 188649 8.00 0.00 0.00 18997 10 14
744 2952 0.034994 1 1543 2551 10 129061 8.00 0.00 0.00 18562 10 15
744 2952 0.047992 1 2356 3467 14 182192 8.00 0.00 0.00 23575 10 16
744 2952 0.037994 1 1929 2875 13 144250 8.00 0.00 0.00 22960 10 17
744 2952 0.042993 1 1797 2680 12 176404 8.00 0.00 0.00 18978 10 18
744 2952 0.038994 1 1894 3006 13 148388 8.00 0.00 0.00 23132 10 19
744 2952 0.058991 1 2877 4102 15 230791 8.00 0.00 0.00 29821 10 20
816 3244 0.073988 1 3379 5175 17 306899 8.00 0.00 0.00 37151 11 1
816 3244 0.027995 1 1218 2094 8 91243 8.00 0.00 0.00 13597 11 2
816 3244 0.052991 1 2681 4002 15 216140 8.00 0.00 0.00 31281 11 3
816 3244 0.102984 1 3882 5683 21 427612 8.00 0.00 0.00 45587 11 4
816 3244 0.031995 1 1410 2433 10 109383 8.00 0.00 0.00 15898 11 5
816 3244 0.107983 1 3983 5501 21 435936 8.00 0.00 0.00 46994 11 6
816 3244 0.034994 1 1596 2507 10 124860 8.00 0.00 0.00 18833 11 7
816 3244 0.053991 1 2350 3808 14 209094 8.00 0.00 0.00 29875 11 8
816 3244 0.075988 1 2689 4127 15 320878 8.00 0.00 0.00 26958 11 9
816 3244 0.057991 1 2842 4246 15 243806 8.00 0.00 0.00 35252 11 10
816 3244 0.043993 1 1777 2921 12 147561 8.00 0.00 0.00 16414 11 11
816 3244 0.045993 1 2379 3696 14 192676 8.00 0.00 0.00 24241 11 12
816 3244 0.022996 1 1193 2199 7 86624 8.00 0.00 0.00 13430 11 13
816 3244 0.033994 1 1819 2971 13 136729 8.00 0.00 0.00 21831 11 14
816 3244 0.045993 1 2100 3257 14 203402 8.00 0.00 0.00 21924 11 15
816 3244 0.073988 1 3024 4651 15 328759 8.00 0.00 0.00 34732 11 16
816 3244 0.035994 1 1822 2941 13 145169 8.00 0.00 0.00 20333 11 17
816 3244 0.045993 1 2634 4174 15 158706 8.00 0.00 0.00 29456 11 18
816 3244 0.027995 1 1491 2321 10 101252 8.00 0.00 0.00 16422 11 19
816 3244 0.081987 1 3616 5243 19 323953 8.00 0.00 0.00 40067 11 20
888 3536 0.057991 1 2329 3774 14 227645 8.00 0.00 0.00 26352 12 1
888 3536 0.056991 1 2671 3948 15 222082 8.00 0.00 0.00 30097 12 2
888 3536 0.05999 1 2181 3728 14 254796 8.00 0.00 0.00 21144 12 3
888 3536 0.136979 1 4731 6706 25 588322 8.00 0.00 0.00 55599 12 4
888 3536 0.028995 1 1386 2526 9 112969 8.00 0.00 0.00 13544 12 5
888 3536 0.015997 1 509 1211 5 36532 8.00 0.00 0.00 5150 12 6
888 3536 0.074988 1 2642 4123 15 315718 8.00 0.00 0.00 26279 12 7
888 3536 0.056991 1 2366 3992 14 216907 8.00 0.00 0.00 23226 12 8
888 3536 0.06499 1 2311 3504 14 278723 8.00 0.00 0.00 25081 12 9
888 3536 0.074988 1 3613 5450 19 316872 8.00 0.00 0.00 43626 12 10
888 3536 0.037994 1 1988 3231 13 144656 8.00 0.00 0.00 22413 12 11
888 3536 0.067989 1 3139 4982 15 282845 8.00 0.00 0.00 35039 12 12
888 3536 0.06399 1 3374 4949 17 271703 8.00 0.00 0.00 41041 12 13
888 3536 0.012998 1 610 1168 6 38108 8.00 0.00 0.00 6614 12 14
888 3536 0.087986 1 3567 5285 18 361758 8.00 0.00 0.00 39865 12 15
888 3536 0.039993 1 1861 3098 13 159130 8.00 0.00 0.00 21384 12 16
888 3536 0.070989 1 3124 4723 15 288999 8.00 0.00 0.00 32089 12 17
888 3536 0.056991 1 2428 3742 15 229507 8.00 0.00 0.00 25993 12 18
888 3536 0.115982 1 5053 7367 28 512634 8.00 0.00 0.00 66057 12 19
888 3536 0.053991 1 2460 3942 15 215669 8.00 0.00 0.00 25336 12 20
960 3828 0.040993 1 2082 3460 14 151504 8.00 0.00 0.00 25626 13 1
960 3828 0.141978 1 6031 8283 30 613804 8.00 0.00 0.00 76915 13 2
960 3828 0.040993 1 2099 3464 14 157436 8.00 0.00 0.00 24335 13 3
960 3828 0.066989 1 3361 4938 17 279876 8.00 0.00 0.00 43248 13 4
960 3828 0.111982 1 5148 7432 28 468923 8.00 0.00 0.00 66084 13 5
960 3828 0.030995 1 1636 2652 11 113529 8.00 0.00 0.00 20094 13 6
960 3828 0.081987 1 3727 5604 20 354109 8.00 0.00 0.01 47815 13 7
960 3828 0.099984 1 4531 6471 24 408364 8.00 0.00 0.00 54127 13 8
960 3828 0.073988 1 3386 5299 17 311512 8.00 0.00 0.00 41720 13 9
960 3828 0.079987 1 3684 5265 19 330219 8.00 0.00 0.00 44701 13 10
960 3828 0.066989 1 2890 4484 15 277482 8.00 0.00 0.00 31506 13 11
960 3828 0.122981 1 5483 7769 29 527075 8.00 0.00 0.00 67043 13 12
960 3828 0.076988 1 3248 4779 16 297977 8.00 0.00 0.01 37450 13 13
960 3828 0.047992 1 2437 4024 15 179817 8.00 0.00 0.00 26235 13 14
960 3828 0.06199 1 2514 4420 15 238293 8.00 0.00 0.00 24447 13 15
960 3828 0.06099 1 2607 4178 15 247216 8.00 0.00 0.00 28650 13 16
960 3828 0.215967 1 8039 10608 32 961040 8.00 0.00 0.00 105857 13 17
960 3828 0.155976 1 5497 7783 29 673774 8.00 0.00 0.00 69588 13 18
960 3828 0.090986 1 3873 6061 21 392635 8.00 0.00 0.00 45311 13 19
960 3828 0.016997 1 887 1681 7 43481 8.00 0.00 0.00 9119 13 20
1032 4120 0.101984 1 3841 5905 21 411934 8.00 0.00 0.01 41814 14 1
1032 4120 0.104984 1 4294 6530 22 420857 8.00 0.00 0.00 51596 14 2
1032 4120 0.089986 1 4037 6543 22 358492 8.00 0.00 0.00 47166 14 3
1032 4120 0.104984 1 4369 6719 22 443139 8.00 0.00 0.00 50834 14 4
1032 4120 0.112982 1 4629 6645 25 488067 8.00 0.00 0.00 57591 14 5
1032 4120 0.094985 1 2957 4718 15 398028 8.00 0.00 0.00 30197 14 6
1032 4120 0.105983 1 3711 5556 20 439001 8.00 0.00 0.01 40939 14 7
1032 4120 0.101984 1 3716 5623 20 451172 8.00 0.00 0.00 40793 14 8
1032 4120 0.105983 1 4071 6407 22 434691 8.00 0.00 0.01 44868 14 9
1032 4120 0.134979 1 5395 8060 29 578776 8.00 0.00 0.00 66461 14 10
1032 4120 0.187971 1 6376 9052 30 837248 8.00 0.00 0.00 78389 14 11
1032 4120 0.164974 1 5849 8668 30 705850 8.00 0.00 0.00 74533 14 12
1032 4120 0.028995 1 1399 2499 9 99441 8.00 0.00 0.00 16263 14 13
1032 4120 0.096985 1 3621 5742 19 394679 8.00 0.00 0.01 40414 14 14
1032 4120 0.067989 1 2891 4627 15 271138 8.00 0.00 0.00 32294 14 15
1032 4120 0.114982 1 4005 6254 21 479356 8.00 0.00 0.01 47783 14 16
1032 4120 0.099984 1 4721 7005 25 406223 8.00 0.00 0.01 58938 14 17
1032 4120 0.165974 1 5718 8103 30 739749 8.00 0.00 0.00 69752 14 18
1032 4120 0.120981 1 5310 8234 29 513648 8.00 0.00 0.00 61185 14 19
1032 4120 0.12798 1 4574 7122 24 538694 8.00 0.00 0.00 50440 14 20
1104 4412 0.081987 1 3246 5231 16 335655 8.00 0.00 0.00 37024 15 1
1104 4412 0.090986 1 3794 5914 20 369371 8.00 0.00 0.00 45672 15 2
1104 4412 0.12598 1 4594 6813 24 541257 8.00 0.00 0.01 54619 15 3
1104 4412 0.117982 1 4051 6005 22 494679 8.00 0.00 0.00 47098 15 4
1104 4412 0.06099 1 2612 4569 15 249744 8.00 0.00 0.00 27307 15 5
1104 4412 0.05999 1 2936 5008 15 242707 8.00 0.00 0.00 32734 15 6
1104 4412 0.123981 1 5024 7823 28 528753 8.00 0.00 0.00 58022 15 7
1104 4412 0.114982 1 5089 7731 28 492124 8.00 0.00 0.00 60613 15 8
1104 4412 0.156976 1 6228 9169 30 676486 8.00 0.00 0.00 79672 15 9
1104 4412 0.051992 1 2602 4339 15 197863 8.00 0.00 0.00 28649 15 10
1104 4412 0.087986 1 3371 5457 17 369758 8.00 0.00 0.00 34153 15 11
1104 4412 0.12698 1 4475 6562 23 531604 8.00 0.00 0.00 49863 15 12
1104 4412 0.044993 1 2313 4386 14 190633 8.00 0.00 0.01 25198 15 13
1104 4412 0.091986 1 3064 5104 15 369860 8.00 0.00 0.00 30831 15 14
1104 4412 0.154976 1 5079 7957 28 685144 8.00 0.00 0.00 58904 15 15
1104 4412 0.118981 1 5404 8212 29 488303 8.00 0.00 0.00 65734 15 16
1104 4412 0.084987 1 3311 5580 17 347331 8.00 0.00 0.00 32957 15 17
1104 4412 0.174973 1 6652 9961 31 755511 8.00 0.00 0.00 87512 15 18
1104 4412 0.120981 1 4514 6681 24 508836 8.00 0.00 0.00 51037 15 19
1104 4412 0.115982 1 4274 6384 22 498956 8.00 0.00 0.00 50946 15 20
1176 4704 0.116982 1 4630 7286 25 484602 8.00 0.00 0.00 59145 16 1
1176 4704 0.161975 1 5665 8696 30 681994 8.00 0.00 0.00 70971 16 2
1176 4704 0.139978 1 4272 7171 22 611701 8.00 0.00 0.00 49849 16 3
1176 4704 0.008998 1 87 257 1 3274 8.00 0.00 0.00 545 16 4
1176 4704 0.104984 1 4145 6396 22 435643 8.00 0.00 0.00 49254 16 5
1176 4704 0.053991 1 2544 4513 15 215133 8.00 0.00 0.00 28206 16 6
1176 4704 0.13098 1 4443 6923 23 569537 8.00 0.00 0.00 51886 16 7
1176 4704 0.055991 1 2248 4350 14 220550 8.00 0.00 0.01 22711 16 8
1176 4704 0.066989 1 3315 5206 17 275311 8.00 0.00 0.00 43461 16 9
1176 4704 0.122981 1 4342 6882 22 545894 8.00 0.00 0.00 54404 16 10
1176 4704 0.142978 1 5204 8138 28 603437 8.00 0.00 0.00 64561 16 11
1176 4704 0.098984 1 4073 6302 22 409530 8.00 0.00 0.01 48524 16 12
1176 4704 0.137979 1 4388 6844 22 594206 8.00 0.00 0.00 51756 16 13
1176 4704 0.118981 1 5068 8058 28 488623 8.00 0.00 0.01 60164 16 14
1176 4704 0.041993 1 1875 3274 13 160147 8.00 0.00 0.00 21992 16 15
1176 4704 0.116982 1 4597 7374 24 491229 8.00 0.00 0.00 51735 16 16
1176 4704 0.114982 1 4631 7270 25 489914 8.00 0.00 0.00 54265 16 17
1176 4704 0.134979 1 4278 6826 22 606919 8.00 0.00 0.00 50259 16 18
1176 4704 0.100984 1 3591 5725 18 442753 8.00 0.00 0.00 41039 16 19
1176 4704 0.122981 1 4649 7394 25 511378 8.00 0.00 0.00 51564 16 20
1248 4996 0.205968 1 6944 10441 31 895973 8.00 0.00 0.01 90821 17 1
1248 4996 0.043993 1 1710 3275 12 181506 8.00 0.00 0.01 20975 17 2
1248 4996 0.146977 1 4893 8059 26 637975 8.00 0.00 0.00 55387 17 3
1248 4996 0.101984 1 4114 7170 22 440074 8.00 0.00 0.00 46471 17 4
1248 4996 0.19397 1 6632 9899 31 852773 8.00 0.00 0.00 82831 17 5
1248 4996 0.121981 1 4555 7126 24 533168 8.00 0.00 0.00 61581 17 6
1248 4996 0.158975 1 5021 7921 28 684824 8.00 0.00 0.00 59870 17 7
1248 4996 0.084987 1 4226 7049 22 328250 8.00 0.00 0.00 49448 17 8
1248 4996 0.021996 1 1059 2493 7 65177 8.00 0.00 0.00 11288 17 9
1248 4996 0.143978 1 5664 8842 30 608912 8.00 0.00 0.01 76550 17 10
1248 4996 0.046992 1 2222 4583 14 160926 8.00 0.00 0.01 25711 17 11
1248 4996 0.076988 1 3093 5633 15 318314 8.00 0.00 0.00 32810 17 12
1248 4996 0.172973 1 6290 9514 30 741021 8.00 0.00 0.00 75618 17 13
1248 4996 0.164974 1 5642 8901 30 726266 8.00 0.00 0.00 70614 17 14
1248 4996 0.020996 1 839 1749 7 56843 8.00 0.00 0.00 9670 17 15
1248 4996 0.142978 1 5831 8850 30 631793 8.00 0.00 0.00 71877 17 16
1248 4996 0.156976 1 6283 10229 30 675893 8.00 0.00 0.00 79940 17 17
1248 4996 0.172973 1 5796 8718 30 760421 8.00 0.00 0.00 68839 17 18
1248 4996 0.160975 1 5894 9163 30 695290 8.00 0.00 0.00 70618 17 19
1248 4996 0.148977 1 5604 8327 29 660249 8.00 0.00 0.00 75162 17 20
1320 5288 0.046992 1 2228 4040 14 167324 8.00 0.00 0.01 30276 18 1
1320 5288 0.251961 1 8216 11788 33 1123116 8.00 0.00 0.00 110022 18 2
1320 5288 0.112982 1 5011 8020 27 478027 8.00 0.00 0.00 59869 18 3
1320 5288 0.145977 1 5726 8899 30 598541 8.00 0.00 0.01 75101 18 4
1320 5288 0.111982 1 5031 8137 28 463789 8.00 0.00 0.00 58812 18 5
1320 5288 0.118981 1 4392 7358 22 488587 8.00 0.00 0.01 51914 18 6
1320 5288 0.187971 1 6056 9462 30 822418 8.00 0.00 0.00 70253 18 7
1320 5288 0.163975 1 6485 9654 31 711536 8.00 0.01 0.00 81488 18 8
1320 5288 0.035994 1 1259 2333 8 131393 8.00 0.00 0.00 14088 18 9
1320 5288 0.137979 1 5025 7960 28 583793 8.00 0.00 0.00 58758 18 10
1320 5288 0.148977 1 5785 9353 30 651331 8.00 0.00 0.00 70415 18 11
1320 5288 0.138978 1 4569 7361 24 595936 8.00 0.00 0.00 55453 18 12
1320 5288 0.144977 1 4957 7668 27 622194 8.00 0.00 0.00 59603 18 13
1320 5288 0.19497 1 7258 10938 31 828557 8.00 0.00 0.00 82495 18 14
1320 5288 0.042993 1 2223 4185 14 153949 8.00 0.00 0.01 24983 18 15
1320 5288 0.166974 1 6028 9695 30 729250 8.00 0.00 0.01 72299 18 16
1320 5288 0.133979 1 5561 9139 29 582190 8.00 0.00 0.00 66536 18 17
1320 5288 0.238963 1 8400 12297 34 1050500 8.00 0.00 0.01 106503 18 18
1320 5288 0.216967 1 7715 11562 31 927201 8.00 0.01 0.00 94421 18 19
1320 5288 0.19197 1 6768 9885 31 819992 8.00 0.00 0.01 87406 18 20
1392 5580 0.113982 1 4121 7302 22 470581 8.00 0.01 0.01 44050 19 1
1392 5580 0.209968 1 6870 10935 31 889993 8.00 0.00 0.00 84828 19 2
1392 5580 0.175973 1 6027 9509 30 761287 8.00 0.00 0.00 69187 19 3
1392 5580 0.028995 1 1211 2613 8 91269 8.00 0.00 0.01 11136 19 4
1392 5580 0.202969 1 7287 11649 31 869336 8.00 0.00 0.01 92771 19 5
1392 5580 0.113982 1 5288 8442 29 460367 8.00 0.00 0.01 70142 19 6
1392 5580 0.238963 1 7189 11198 31 1026914 8.00 0.00 0.01 88909 19 7
1392 5580 0.188971 1 5781 9121 30 837131 8.00 0.00 0.00 67776 19 8
1392 5580 0.124981 1 4737 7862 25 530440 8.00 0.01 0.00 57320 19 9
1392 5580 0.289955 1 8919 13122 38 1228646 8.00 0.00 0.00 111190 19 10
1392 5580 0.157975 1 5060 8277 28 660574 8.00 0.00 0.00 56035 19 11
1392 5580 0.140978 1 5813 9330 30 584006 8.00 0.00 0.01 71817 19 12
1392 5580 0.086986 1 3874 7247 21 337255 8.00 0.01 0.01 44888 19 13
1392 5580 0.284956 1 9504 13775 41 1231773 8.00 0.00 0.01 127094 19 14
1392 5580 0.186971 1 6563 10433 31 816209 8.00 0.00 0.01 86780 19 15
1392 5580 0.106983 1 4842 8396 26 441643 8.00 0.00 0.00 55486 19 16
1392 5580 0.215967 1 7918 11634 31 905977 8.00 0.00 0.01 100238 19 17
1392 5580 0.175973 1 6420 9920 31 766431 8.00 0.00 0.00 78982 19 18
1392 5580 0.19197 1 6734 10674 31 811768 8.00 0.00 0.01 78054 19 19
1392 5580 0.32695 1 9041 12894 38 1471609 8.00 0.00 0.01 122292 19 20
1464 5872 0.182972 1 5823 9207 30 772023 9.00 0.00 0.00 68237 20 1
1464 5872 0.138978 1 4942 8454 27 576363 9.00 0.00 0.01 60746 20 2
1464 5872 0.093985 1 4109 7722 22 367692 9.00 0.01 0.00 48027 20 3
1464 5872 0.368943 1 10924 15573 46 1615950 9.00 0.00 0.01 149239 20 4
1464 5872 0.040993 1 1623 3441 11 127112 9.00 0.00 0.01 18268 20 5
1464 5872 0.12698 1 4893 8462 26 539179 9.00 0.00 0.00 55219 20 6
1464 5872 0.207968 1 7280 11273 31 864898 9.00 0.01 0.01 87132 20 7
1464 5872 0.282956 1 8449 13232 35 1223189 9.00 0.00 0.01 111034 20 8
1464 5872 0.25696 1 8472 12387 35 1070437 9.00 0.00 0.01 107657 20 9
1464 5872 0.148977 1 5693 9238 30 616560 9.00 0.00 0.01 73577 20 10
1464 5872 0.036994 1 1764 3665 12 129757 9.00 0.00 0.01 19868 20 11
1464 5872 0.215967 1 8354 12564 34 922904 9.00 0.00 0.00 106971 20 12
1464 5872 0.152976 1 5752 9882 30 664149 9.00 0.00 0.00 73189 20 13
1464 5872 0.146977 1 5288 8957 29 617563 9.00 0.00 0.00 62568 20 14
1464 5872 0.161975 1 5401 9054 29 713087 9.00 0.00 0.00 69595 20 15
1464 5872 0.132979 1 5773 9383 30 541888 9.00 0.00 0.00 72374 20 16
1464 5872 0.242963 1 7665 11771 31 1035756 9.00 0.00 0.01 94792 20 17
1464 5872 0.210967 1 6388 10534 30 928928 9.00 0.00 0.01 81710 20 18
1464 5872 0.276957 1 9404 14035 40 1186367 9.00 0.00 0.01 121808 20 19
1464 5872 0.234964 1 7368 11153 31 994828 9.00 0.00 0.01 85505 20 20
