WARNING: for repeatability, setting FPU to use double precision
============================[ Problem Statistics ]=============================
|                                                                             |
|  Number of variables:          1168                                         |
|  Number of clauses:           15100                                         |
|  Parse time:                   0.01 s                                       |
|  Eliminated clauses:           0.01 Mb                                      |
|  Simplification time:          0.05 s                                       |
|                                                                             |
=============================[ Search Statistics ]==============================
| Conflicts  |          ORIGINAL         |          LEARNT          | Progress |
|            |    Vars  Clauses Literals |    Limit  Clauses Lit/Cl |          |
================================================================================
|        100 |     784    14108    86686 |     5172      100     14 | 12.329 % |
|        250 |     784    14108    86686 |     5690      250     15 | 12.329 % |
|        475 |     784    14108    86686 |     6259      475     15 | 12.329 % |
|        812 |     784    14108    86686 |     6885      812     15 | 12.329 % |
|       1318 |     784    14108    86686 |     7573     1318     16 | 12.329 % |
|       2077 |     784    14108    86686 |     8331     2077     15 | 12.329 % |
|       3216 |     784    14108    86686 |     9164     3216     15 | 12.329 % |
|       4924 |     784    14108    86686 |    10080     4924     15 | 12.329 % |
|       7486 |     784    14108    86686 |    11088     7486     15 | 12.329 % |
|      11330 |     784    14108    86686 |    12197     5712     15 | 12.329 % |
|      17096 |     784    14108    86686 |    13417    11478     15 | 12.329 % |
|      25745 |     784    14108    86686 |    14758    13323     15 | 12.329 % |
|      38719 |     784    14108    86686 |    16234    11353     15 | 12.329 % |
|      58180 |     784    14108    86686 |    17858    14352     14 | 12.329 % |
|      87372 |     784    14108    86686 |    19644    16249     15 | 12.329 % |
|     131161 |     784    14108    86686 |    21608    10025     14 | 12.329 % |
|     196845 |     784    14108    86686 |    23769    20779     14 | 12.329 % |
|     295371 |     784    14108    86686 |    26146    22911     15 | 12.329 % |
|     443160 |     784    14108    86686 |    28761    23822     15 | 12.329 % |
|     664843 |     784    14108    86686 |    31637    16919     15 | 12.329 % |
|     997368 |     784    14108    86686 |    34800    24321     16 | 12.329 % |
|    1496156 |     784    14108    86686 |    38280    21239     14 | 12.329 % |
|    2244338 |     784    14108    86686 |    42109    33159     16 | 12.329 % |
|    3366612 |     784    14108    86686 |    46320    24250     13 | 12.329 % |
|    5050023 |     784    14108    86686 |    50952    36331     19 | 12.329 % |
|    7575139 |     784    14108    86686 |    56047    31219     18 | 12.329 % |
|   11362814 |     784    14108    86686 |    61651    51145     18 | 12.329 % |
|   17044326 |     784    14108    86686 |    67817    47384     15 | 12.329 % |
|   25566595 |     784    14108    86686 |    74598    36649     15 | 12.329 % |
|   38349998 |     784    14108    86686 |    82058    64209     17 | 12.329 % |
|   57525103 |     784    14108    86686 |    90264    66847     16 | 12.329 % |
===============================================================================
restarts              : 105628
conflicts             : 81225938       (16962 /sec)
decisions             : 104211463      (0.00 % random) (21762 /sec)
propagations          : 2745558886     (573354 /sec)
conflict literals     : 1496444552     (8.90 % deleted)
Memory used           : 155.00 MB
CPU time              : 4788.6 s

SATISFIABLE
