WARNING: for repeatability, setting FPU to use double precision
============================[ Problem Statistics ]=============================
|                                                                             |
|  Number of variables:          1168                                         |
|  Number of clauses:           15100                                         |
|  Parse time:                   0.01 s                                       |
|  Eliminated clauses:           0.01 Mb                                      |
|  Simplification time:          0.05 s                                       |
|                                                                             |
=============================[ Search Statistics ]==============================
| Conflicts  |          ORIGINAL         |          LEARNT          | Progress |
|            |    Vars  Clauses Literals |    Limit  Clauses Lit/Cl |          |
================================================================================
|        100 |     784    14108    86686 |     5172      100     14 | 12.329 % |
|        250 |     784    14108    86686 |     5690      250     13 | 12.329 % |
|        475 |     784    14108    86686 |     6259      475     13 | 12.329 % |
|        812 |     784    14108    86686 |     6885      812     13 | 12.329 % |
|       1318 |     784    14108    86686 |     7573     1318     13 | 12.329 % |
|       2077 |     784    14108    86686 |     8331     2077     14 | 12.329 % |
|       3216 |     784    14108    86686 |     9164     3216     14 | 12.329 % |
|       4924 |     784    14108    86686 |    10080     4924     14 | 12.329 % |
|       7486 |     784    14108    86686 |    11088     7486     15 | 12.329 % |
|      11330 |     784    14108    86686 |    12197     5682     14 | 12.329 % |
|      17096 |     784    14108    86686 |    13417    11448     15 | 12.329 % |
|      25745 |     784    14108    86686 |    14758    13301     15 | 12.329 % |
|      38719 |     784    14108    86686 |    16234    11315     14 | 12.329 % |
|      58180 |     784    14108    86686 |    17858    14270     14 | 12.329 % |
|      87372 |     784    14108    86686 |    19644    16247     14 | 12.329 % |
|     131161 |     784    14108    86686 |    21608    10084     13 | 12.329 % |
|     196845 |     784    14108    86686 |    23769    20994     15 | 12.329 % |
|     295371 |     784    14108    86686 |    26146    22467     15 | 12.329 % |
|     443160 |     784    14108    86686 |    28761    23623     16 | 12.329 % |
|     664843 |     784    14108    86686 |    31637    20349     15 | 12.329 % |
|     997368 |     784    14108    86686 |    34800    22680     16 | 12.329 % |
|    1496156 |     784    14108    86686 |    38280    32216     15 | 12.329 % |
|    2244338 |     784    14108    86686 |    42109    23955     15 | 12.329 % |
|    3366612 |     784    14108    86686 |    46320    22881     14 | 12.329 % |
|    5050023 |     784    14108    86686 |    50952    18383     16 | 12.329 % |
|    7575139 |     784    14108    86686 |    56047    50475     18 | 12.329 % |
|   11362814 |     784    14108    86686 |    61651    37422     16 | 12.329 % |
|   17044326 |     784    14108    86686 |    67817    46450     18 | 12.329 % |
|   25566595 |     784    14108    86686 |    74598    40570     15 | 12.329 % |
|   38349998 |     784    14108    86686 |    82058    52921     17 | 12.329 % |
|   57525103 |     784    14108    86686 |    90264    35164     18 | 12.329 % |
|   86287761 |     784    14108    86686 |    99291    72775     16 | 12.329 % |
===============================================================================
restarts              : 136549
conflicts             : 114605288      (15454 /sec)
decisions             : 144853353      (0.00 % random) (19533 /sec)
propagations          : 4043543464     (545250 /sec)
conflict literals     : 2122472968     (9.46 % deleted)
Memory used           : 198.00 MB
CPU time              : 7415.95 s

SATISFIABLE
