WARNING: for repeatability, setting FPU to use double precision
============================[ Problem Statistics ]=============================
|                                                                             |
|  Number of variables:          1008                                         |
|  Number of clauses:           12952                                         |
|  Parse time:                   0.01 s                                       |
|  Eliminated clauses:           0.01 Mb                                      |
|  Simplification time:          0.04 s                                       |
|                                                                             |
=============================[ Search Statistics ]==============================
| Conflicts  |          ORIGINAL         |          LEARNT          | Progress |
|            |    Vars  Clauses Literals |    Limit  Clauses Lit/Cl |          |
================================================================================
|        100 |     672    12088    74284 |     4432      100     13 | 12.699 % |
|        250 |     672    12088    74284 |     4875      250     12 | 12.699 % |
|        475 |     672    12088    74284 |     5363      475     13 | 12.699 % |
|        812 |     672    12088    74284 |     5899      812     13 | 12.699 % |
|       1318 |     672    12088    74284 |     6489     1318     14 | 12.699 % |
|       2077 |     672    12088    74284 |     7138     2077     14 | 12.699 % |
|       3216 |     672    12088    74284 |     7852     3216     14 | 12.699 % |
|       4924 |     672    12088    74284 |     8637     4924     14 | 12.699 % |
|       7486 |     672    12088    74284 |     9500     7486     15 | 12.699 % |
|      11330 |     672    12088    74284 |    10451     6513     16 | 12.699 % |
|      17096 |     672    12088    74284 |    11496     6809     15 | 12.699 % |
|      25745 |     672    12088    74284 |    12645     9578     15 | 12.699 % |
|      38719 |     672    12088    74284 |    13910     9545     14 | 12.699 % |
|      58180 |     672    12088    74284 |    15301     7769     14 | 12.699 % |
|      87372 |     672    12088    74284 |    16831    13760     15 | 12.699 % |
|     131161 |     672    12088    74284 |    18514    14829     15 | 12.699 % |
|     196845 |     672    12088    74284 |    20366    14931     18 | 12.699 % |
|     295371 |     672    12088    74284 |    22402    10345     14 | 12.699 % |
|     443160 |     672    12088    74284 |    24643    22549     16 | 12.699 % |
|     664843 |     672    12088    74284 |    27107    19751     14 | 12.699 % |
|     997368 |     672    12088    74284 |    29818    19477     16 | 12.699 % |
|    1496156 |     672    12088    74284 |    32799    26544     15 | 12.699 % |
|    2244338 |     672    12088    74284 |    36079    25136     16 | 12.699 % |
|    3366612 |     672    12088    74284 |    39687    28514     15 | 12.699 % |
|    5050023 |     672    12088    74284 |    43656    16917     15 | 12.699 % |
|    7575139 |     672    12088    74284 |    48022    32161     18 | 12.699 % |
|   11362814 |     672    12088    74284 |    52824    39291     18 | 12.699 % |
===============================================================================
restarts              : 25085
conflicts             : 17016239       (26147 /sec)
decisions             : 22417330       (0.00 % random) (34446 /sec)
propagations          : 473142714      (727025 /sec)
conflict literals     : 297798613      (8.07 % deleted)
Memory used           : 60.00 MB
CPU time              : 650.793 s

SATISFIABLE
