WARNING: for repeatability, setting FPU to use double precision
============================[ Problem Statistics ]=============================
|                                                                             |
|  Number of variables:           608                                         |
|  Number of clauses:            7582                                         |
|  Parse time:                   0.01 s                                       |
|  Eliminated clauses:           0.01 Mb                                      |
|  Simplification time:          0.02 s                                       |
|                                                                             |
=============================[ Search Statistics ]==============================
| Conflicts  |          ORIGINAL         |          LEARNT          | Progress |
|            |    Vars  Clauses Literals |    Limit  Clauses Lit/Cl |          |
================================================================================
|        100 |     392     7038    43279 |     2580      100     14 | 14.474 % |
|        250 |     392     7038    43279 |     2838      250     14 | 14.474 % |
|        475 |     392     7038    43279 |     3122      475     15 | 14.474 % |
|        812 |     392     7038    43279 |     3434      812     15 | 14.474 % |
|       1318 |     392     7038    43279 |     3778     1318     15 | 14.474 % |
|       2077 |     392     7038    43279 |     4156     2077     15 | 14.474 % |
|       3216 |     392     7038    43279 |     4571     3216     15 | 14.474 % |
|       4924 |     392     7038    43279 |     5028     2555     14 | 14.474 % |
|       7486 |     392     7038    43279 |     5531     5117     15 | 14.474 % |
|      11330 |     392     7038    43279 |     6084     3289     14 | 14.474 % |
|      17096 |     392     7038    43279 |     6693     5926     15 | 14.474 % |
|      25745 |     392     7038    43279 |     7362     4298     14 | 14.474 % |
|      38719 |     392     7038    43279 |     8099     5973     15 | 14.474 % |
|      58180 |     392     7038    43279 |     8908     4867     14 | 14.474 % |
|      87372 |     392     7038    43279 |     9799     6858     15 | 14.474 % |
|     131161 |     392     7038    43279 |    10779     5903     14 | 14.474 % |
|     196845 |     392     7038    43279 |    11857     6007     14 | 14.474 % |
|     295371 |     392     7038    43279 |    13043     8422     15 | 14.474 % |
|     443160 |     392     7038    43279 |    14347    10868     15 | 14.474 % |
|     664843 |     392     7038    43279 |    15782     7744     14 | 14.474 % |
|     997368 |     392     7038    43279 |    17360    13459     15 | 14.474 % |
|    1496156 |     392     7038    43279 |    19097    12960     14 | 14.474 % |
|    2244338 |     392     7038    43279 |    21006    10463     17 | 14.474 % |
|    3366612 |     392     7038    43279 |    23107    11349     13 | 14.474 % |
|    5050023 |     392     7038    43279 |    25418    20026     17 | 14.474 % |
|    7575139 |     392     7038    43279 |    27960    25374     16 | 14.474 % |
|   11362814 |     392     7038    43279 |    30756    22575     18 | 14.474 % |
|   17044326 |     392     7038    43279 |    33831    29960     16 | 14.474 % |
|   25566595 |     392     7038    43279 |    37214    15729     15 | 14.474 % |
===============================================================================
restarts              : 35626
conflicts             : 26070522       (27301 /sec)
decisions             : 32402825       (0.00 % random) (33932 /sec)
propagations          : 741690291      (776703 /sec)
conflict literals     : 448687785      (8.88 % deleted)
Memory used           : 46.00 MB
CPU time              : 954.922 s

SATISFIABLE
