WARNING: for repeatability, setting FPU to use double precision
============================[ Problem Statistics ]=============================
|                                                                             |
|  Number of variables:           608                                         |
|  Number of clauses:            7582                                         |
|  Parse time:                   0.00 s                                       |
|  Eliminated clauses:           0.01 Mb                                      |
|  Simplification time:          0.03 s                                       |
|                                                                             |
=============================[ Search Statistics ]==============================
| Conflicts  |          ORIGINAL         |          LEARNT          | Progress |
|            |    Vars  Clauses Literals |    Limit  Clauses Lit/Cl |          |
================================================================================
|        100 |     392     7038    43279 |     2580      100     15 | 14.474 % |
|        250 |     392     7038    43279 |     2838      250     14 | 14.474 % |
|        475 |     392     7038    43279 |     3122      475     14 | 14.474 % |
|        812 |     392     7038    43279 |     3434      812     14 | 14.474 % |
|       1318 |     392     7038    43279 |     3778     1318     14 | 14.474 % |
|       2077 |     392     7038    43279 |     4156     2077     14 | 14.474 % |
|       3216 |     392     7038    43279 |     4571     3216     14 | 14.474 % |
|       4924 |     392     7038    43279 |     5028     2569     14 | 14.474 % |
|       7486 |     392     7038    43279 |     5531     5131     15 | 14.474 % |
|      11330 |     392     7038    43279 |     6084     3310     13 | 14.474 % |
|      17096 |     392     7038    43279 |     6693     5944     14 | 14.474 % |
|      25745 |     392     7038    43279 |     7362     4320     14 | 14.474 % |
|      38719 |     392     7038    43279 |     8099     5933     15 | 14.474 % |
|      58180 |     392     7038    43279 |     8908     4782     14 | 14.474 % |
|      87372 |     392     7038    43279 |     9799     6671     16 | 14.474 % |
|     131161 |     392     7038    43279 |    10779     5722     14 | 14.474 % |
|     196845 |     392     7038    43279 |    11857     5617     14 | 14.474 % |
|     295371 |     392     7038    43279 |    13043     8134     14 | 14.474 % |
|     443160 |     392     7038    43279 |    14347    10641     15 | 14.474 % |
|     664843 |     392     7038    43279 |    15782     7548     15 | 14.474 % |
|     997368 |     392     7038    43279 |    17360    13311     18 | 14.474 % |
|    1496156 |     392     7038    43279 |    19097    12910     14 | 14.474 % |
|    2244338 |     392     7038    43279 |    21006    10150     15 | 14.474 % |
|    3366612 |     392     7038    43279 |    23107    10875     14 | 14.474 % |
|    5050023 |     392     7038    43279 |    25418    19295     16 | 14.474 % |
|    7575139 |     392     7038    43279 |    27960    24583     16 | 14.474 % |
|   11362814 |     392     7038    43279 |    30756    24874     16 | 14.474 % |
|   17044326 |     392     7038    43279 |    33831    26866     16 | 14.474 % |
|   25566595 |     392     7038    43279 |    37214    33360     16 | 14.474 % |
===============================================================================
restarts              : 45881
conflicts             : 32738648       (27449 /sec)
decisions             : 41014223       (0.00 % random) (34387 /sec)
propagations          : 915640945      (767697 /sec)
conflict literals     : 563959701      (9.30 % deleted)
Memory used           : 52.00 MB
CPU time              : 1192.71 s

SATISFIABLE
