WARNING: for repeatability, setting FPU to use double precision
============================[ Problem Statistics ]=============================
|                                                                             |
|  Number of variables:           848                                         |
|  Number of clauses:           10804                                         |
|  Parse time:                   0.01 s                                       |
|  Eliminated clauses:           0.01 Mb                                      |
|  Simplification time:          0.03 s                                       |
|                                                                             |
=============================[ Search Statistics ]==============================
| Conflicts  |          ORIGINAL         |          LEARNT          | Progress |
|            |    Vars  Clauses Literals |    Limit  Clauses Lit/Cl |          |
================================================================================
|        100 |     560    10068    61882 |     3691      100     15 | 13.208 % |
|        250 |     560    10068    61882 |     4060      250     15 | 13.208 % |
|        475 |     560    10068    61882 |     4466      475     16 | 13.208 % |
|        812 |     560    10068    61882 |     4913      812     15 | 13.208 % |
|       1318 |     560    10068    61882 |     5404     1318     15 | 13.208 % |
|       2077 |     560    10068    61882 |     5945     2077     15 | 13.208 % |
|       3216 |     560    10068    61882 |     6539     3216     15 | 13.208 % |
|       4924 |     560    10068    61882 |     7193     4924     15 | 13.208 % |
|       7486 |     560    10068    61882 |     7913     3797     15 | 13.208 % |
|      11330 |     560    10068    61882 |     8704     7641     15 | 13.208 % |
|      17096 |     560    10068    61882 |     9575     4503     14 | 13.208 % |
|      25745 |     560    10068    61882 |    10532     8272     14 | 13.208 % |
|      38719 |     560    10068    61882 |    11585    10467     14 | 13.208 % |
|      58180 |     560    10068    61882 |    12744     6349     13 | 13.208 % |
|      87372 |     560    10068    61882 |    14018     9615     15 | 13.208 % |
|     131161 |     560    10068    61882 |    15420    10814     14 | 13.208 % |
|     196845 |     560    10068    61882 |    16962    14004     15 | 13.208 % |
|     295371 |     560    10068    61882 |    18659     9327     15 | 13.208 % |
|     443160 |     560    10068    61882 |    20524    15341     16 | 13.208 % |
|     664843 |     560    10068    61882 |    22577    19267     15 | 13.208 % |
|     997368 |     560    10068    61882 |    24835    21356     16 | 13.208 % |
|    1496156 |     560    10068    61882 |    27318    19299     15 | 13.208 % |
|    2244338 |     560    10068    61882 |    30050    15782     15 | 13.208 % |
|    3366612 |     560    10068    61882 |    33055    18750     14 | 13.208 % |
|    5050023 |     560    10068    61882 |    36361    23934     16 | 13.208 % |
|    7575139 |     560    10068    61882 |    39997    28586     20 | 13.208 % |
|   11362814 |     560    10068    61882 |    43997    39467     18 | 13.208 % |
|   17044326 |     560    10068    61882 |    48396    33461     16 | 13.208 % |
|   25566595 |     560    10068    61882 |    53236    39539     16 | 13.208 % |
|   38349998 |     560    10068    61882 |    58560    39227     19 | 13.208 % |
|   57525103 |     560    10068    61882 |    64416    41294     18 | 13.208 % |
|   86287761 |     560    10068    61882 |    70857    61909     15 | 13.208 % |
===============================================================================
restarts              : 122040
conflicts             : 92714586       (344716429 /sec)
decisions             : 115064876      (0.00 % random) (427815675 /sec)
propagations          : 3092374231     (11497567402 /sec)
conflict literals     : 1683435050     (9.08 % deleted)
Memory used           : 121.00 MB
CPU time              : 0.268959 s

SATISFIABLE
