WARNING: for repeatability, setting FPU to use double precision
============================[ Problem Statistics ]=============================
|                                                                             |
|  Number of variables:          1408                                         |
|  Number of clauses:           18322                                         |
|  Parse time:                   0.01 s                                       |
|  Eliminated clauses:           0.01 Mb                                      |
|  Simplification time:          0.06 s                                       |
|                                                                             |
=============================[ Search Statistics ]==============================
| Conflicts  |          ORIGINAL         |          LEARNT          | Progress |
|            |    Vars  Clauses Literals |    Limit  Clauses Lit/Cl |          |
================================================================================
|        100 |     952    17138   105289 |     6283      100     12 | 11.932 % |
|        250 |     952    17138   105289 |     6912      250     12 | 11.932 % |
|        475 |     952    17138   105289 |     7603      475     13 | 11.932 % |
|        812 |     952    17138   105289 |     8363      812     13 | 11.932 % |
|       1318 |     952    17138   105289 |     9200     1318     14 | 11.932 % |
|       2077 |     952    17138   105289 |    10120     2077     13 | 11.932 % |
|       3216 |     952    17138   105289 |    11132     3216     14 | 11.932 % |
|       4924 |     952    17138   105289 |    12245     4924     14 | 11.932 % |
|       7486 |     952    17138   105289 |    13470     7486     15 | 11.932 % |
|      11330 |     952    17138   105289 |    14817    11330     15 | 11.932 % |
|      17096 |     952    17138   105289 |    16298     9573     15 | 11.932 % |
|      25745 |     952    17138   105289 |    17928     9949     14 | 11.932 % |
|      38719 |     952    17138   105289 |    19721    13805     15 | 11.932 % |
|      58180 |     952    17138   105289 |    21693    13256     14 | 11.932 % |
|      87372 |     952    17138   105289 |    23863    20521     16 | 11.932 % |
|     131161 |     952    17138   105289 |    26249    15839     14 | 11.932 % |
|     196845 |     952    17138   105289 |    28874    14369     14 | 11.932 % |
|     295371 |     952    17138   105289 |    31761    17228     14 | 11.932 % |
|     443160 |     952    17138   105289 |    34938    24295     15 | 11.932 % |
|     664843 |     952    17138   105289 |    38431    18764     15 | 11.932 % |
|     997368 |     952    17138   105289 |    42275    19597     16 | 11.932 % |
|    1496156 |     952    17138   105289 |    46502    30304     15 | 11.932 % |
|    2244338 |     952    17138   105289 |    51152    41583     17 | 11.932 % |
|    3366612 |     952    17138   105289 |    56268    40679     15 | 11.932 % |
|    5050023 |     952    17138   105289 |    61895    45859     20 | 11.932 % |
|    7575139 |     952    17138   105289 |    68084    45393     23 | 11.932 % |
|   11362814 |     952    17138   105289 |    74893    29707     15 | 11.932 % |
===============================================================================
restarts              : 24247
conflicts             : 15870423       (29094 /sec)
decisions             : 22231281       (0.00 % random) (40755 /sec)
propagations          : 388510146      (712235 /sec)
conflict literals     : 274451365      (7.03 % deleted)
Memory used           : 71.00 MB
CPU time              : 545.48 s

SATISFIABLE
