WARNING: for repeatability, setting FPU to use double precision
============================[ Problem Statistics ]=============================
|                                                                             |
|  Number of variables:           768                                         |
|  Number of clauses:            9730                                         |
|  Parse time:                   0.00 s                                       |
|  Eliminated clauses:           0.01 Mb                                      |
|  Simplification time:          0.03 s                                       |
|                                                                             |
=============================[ Search Statistics ]==============================
| Conflicts  |          ORIGINAL         |          LEARNT          | Progress |
|            |    Vars  Clauses Literals |    Limit  Clauses Lit/Cl |          |
================================================================================
|        100 |     504     9058    55681 |     3321      100     13 | 13.542 % |
|        250 |     504     9058    55681 |     3653      250     13 | 13.542 % |
|        475 |     504     9058    55681 |     4018      475     13 | 13.542 % |
|        812 |     504     9058    55681 |     4420      812     14 | 13.542 % |
|       1318 |     504     9058    55681 |     4862     1318     14 | 13.542 % |
|       2077 |     504     9058    55681 |     5348     2077     14 | 13.542 % |
|       3216 |     504     9058    55681 |     5883     3216     14 | 13.542 % |
|       4924 |     504     9058    55681 |     6472     4924     14 | 13.542 % |
|       7486 |     504     9058    55681 |     7119     4156     14 | 13.542 % |
|      11330 |     504     9058    55681 |     7831     4368     14 | 13.542 % |
|      17096 |     504     9058    55681 |     8614     6053     15 | 13.542 % |
|      25745 |     504     9058    55681 |     9475     5944     14 | 13.542 % |
|      38719 |     504     9058    55681 |    10423     9139     15 | 13.542 % |
|      58180 |     504     9058    55681 |    11465     7352     14 | 13.542 % |
|      87372 |     504     9058    55681 |    12612     7356     14 | 13.542 % |
|     131161 |     504     9058    55681 |    13873    12642     15 | 13.542 % |
|     196845 |     504     9058    55681 |    15261     7967     14 | 13.542 % |
|     295371 |     504     9058    55681 |    16787    13784     15 | 13.542 % |
|     443160 |     504     9058    55681 |    18465     8905     15 | 13.542 % |
|     664843 |     504     9058    55681 |    20312    15893     15 | 13.542 % |
|     997368 |     504     9058    55681 |    22343    20303     18 | 13.542 % |
|    1496156 |     504     9058    55681 |    24578    12122     13 | 13.542 % |
|    2244338 |     504     9058    55681 |    27036    16639     17 | 13.542 % |
|    3366612 |     504     9058    55681 |    29739    18276     14 | 13.542 % |
|    5050023 |     504     9058    55681 |    32713    19963     16 | 13.542 % |
|    7575139 |     504     9058    55681 |    35984    23670     16 | 13.542 % |
|   11362814 |     504     9058    55681 |    39583    26459     16 | 13.542 % |
|   17044326 |     504     9058    55681 |    43541    28876     16 | 13.542 % |
|   25566595 |     504     9058    55681 |    47895    30282     15 | 13.542 % |
|   38349998 |     504     9058    55681 |    52685    41829     16 | 13.542 % |
|   57525103 |     504     9058    55681 |    57954    16396     17 | 13.542 % |
===============================================================================
restarts              : 99865
conflicts             : 77821191       (19609 /sec)
decisions             : 95862385       (0.00 % random) (24155 /sec)
propagations          : 2571186988     (647881 /sec)
conflict literals     : 1398823037     (9.51 % deleted)
Memory used           : 101.00 MB
CPU time              : 3968.61 s

SATISFIABLE
