WARNING: for repeatability, setting FPU to use double precision
============================[ Problem Statistics ]=============================
|                                                                             |
|  Number of variables:          1328                                         |
|  Number of clauses:           17248                                         |
|  Parse time:                   0.01 s                                       |
|  Eliminated clauses:           0.01 Mb                                      |
|  Simplification time:          0.06 s                                       |
|                                                                             |
=============================[ Search Statistics ]==============================
| Conflicts  |          ORIGINAL         |          LEARNT          | Progress |
|            |    Vars  Clauses Literals |    Limit  Clauses Lit/Cl |          |
================================================================================
|        100 |     896    16128    99088 |     5913      100     15 | 12.048 % |
|        250 |     896    16128    99088 |     6504      250     13 | 12.048 % |
|        475 |     896    16128    99088 |     7155      475     13 | 12.048 % |
|        812 |     896    16128    99088 |     7871      812     13 | 12.048 % |
|       1318 |     896    16128    99088 |     8658     1318     13 | 12.048 % |
|       2077 |     896    16128    99088 |     9523     2077     14 | 12.048 % |
|       3216 |     896    16128    99088 |    10476     3216     14 | 12.048 % |
|       4924 |     896    16128    99088 |    11523     4924     15 | 12.048 % |
|       7486 |     896    16128    99088 |    12676     7486     15 | 12.048 % |
|      11330 |     896    16128    99088 |    13943    11330     15 | 12.048 % |
|      17096 |     896    16128    99088 |    15338    10022     15 | 12.048 % |
|      25745 |     896    16128    99088 |    16872    10892     15 | 12.048 % |
|      38719 |     896    16128    99088 |    18559    15305     15 | 12.048 % |
|      58180 |     896    16128    99088 |    20415    15832     14 | 12.048 % |
|      87372 |     896    16128    99088 |    22456    13812     15 | 12.048 % |
|     131161 |     896    16128    99088 |    24702    12159     14 | 12.048 % |
|     196845 |     896    16128    99088 |    27172    15311     15 | 12.048 % |
|     295371 |     896    16128    99088 |    29890    15626     14 | 12.048 % |
|     443160 |     896    16128    99088 |    32879    20466     15 | 12.048 % |
|     664843 |     896    16128    99088 |    36167    17563     14 | 12.048 % |
|     997368 |     896    16128    99088 |    39783    32747     17 | 12.048 % |
|    1496156 |     896    16128    99088 |    43762    38914     15 | 12.048 % |
|    2244338 |     896    16128    99088 |    48138    35093     23 | 12.048 % |
|    3366612 |     896    16128    99088 |    52952    31506     14 | 12.048 % |
|    5050023 |     896    16128    99088 |    58247    37838     18 | 12.048 % |
|    7575139 |     896    16128    99088 |    64072    48997     18 | 12.048 % |
|   11362814 |     896    16128    99088 |    70479    33974     18 | 12.048 % |
|   17044326 |     896    16128    99088 |    77527    18869     15 | 12.048 % |
|   25566595 |     896    16128    99088 |    85279    53886     16 | 12.048 % |
|   38349998 |     896    16128    99088 |    93807    80005     18 | 12.048 % |
|   57525103 |     896    16128    99088 |   103188    64683     16 | 12.048 % |
|   86287761 |     896    16128    99088 |   113507    90966     16 | 12.048 % |
|  129431749 |     896    16128    99088 |   124858   107603     18 | 12.048 % |
===============================================================================
restarts              : 163838
conflicts             : 135649953      (13582 /sec)
decisions             : 173274370      (0.00 % random) (17349 /sec)
propagations          : 5008052189     (501429 /sec)
conflict literals     : 2539347624     (9.55 % deleted)
Memory used           : 243.00 MB
CPU time              : 9987.56 s

SATISFIABLE
