WARNING: for repeatability, setting FPU to use double precision
============================[ Problem Statistics ]=============================
|                                                                             |
|  Number of variables:           688                                         |
|  Number of clauses:            8656                                         |
|  Parse time:                   0.01 s                                       |
|  Eliminated clauses:           0.01 Mb                                      |
|  Simplification time:          0.03 s                                       |
|                                                                             |
=============================[ Search Statistics ]==============================
| Conflicts  |          ORIGINAL         |          LEARNT          | Progress |
|            |    Vars  Clauses Literals |    Limit  Clauses Lit/Cl |          |
================================================================================
|        100 |     448     8048    49480 |     2950      100     18 | 13.954 % |
|        250 |     448     8048    49480 |     3246      250     15 | 13.954 % |
|        475 |     448     8048    49480 |     3570      475     15 | 13.954 % |
|        812 |     448     8048    49480 |     3927      812     15 | 13.954 % |
|       1318 |     448     8048    49480 |     4320     1318     15 | 13.954 % |
|       2077 |     448     8048    49480 |     4752     2077     15 | 13.954 % |
|       3216 |     448     8048    49480 |     5227     3216     15 | 13.954 % |
|       4924 |     448     8048    49480 |     5750     4924     15 | 13.954 % |
|       7486 |     448     8048    49480 |     6325     4476     15 | 13.954 % |
|      11330 |     448     8048    49480 |     6958     5075     14 | 13.954 % |
|      17096 |     448     8048    49480 |     7653     3699     15 | 13.954 % |
|      25745 |     448     8048    49480 |     8419     4436     14 | 13.954 % |
|      38719 |     448     8048    49480 |     9261     4526     14 | 13.954 % |
|      58180 |     448     8048    49480 |    10187     5177     14 | 13.954 % |
|      87372 |     448     8048    49480 |    11206     8475     15 | 13.954 % |
|     131161 |     448     8048    49480 |    12326     6814     14 | 13.954 % |
|     196845 |     448     8048    49480 |    13559     9887     17 | 13.954 % |
|     295371 |     448     8048    49480 |    14915    12057     15 | 13.954 % |
|     443160 |     448     8048    49480 |    16406     8715     14 | 13.954 % |
|     664843 |     448     8048    49480 |    18047    14867     17 | 13.954 % |
|     997368 |     448     8048    49480 |    19852    10352     15 | 13.954 % |
|    1496156 |     448     8048    49480 |    21837    18433     15 | 13.954 % |
|    2244338 |     448     8048    49480 |    24021    17906     16 | 13.954 % |
|    3366612 |     448     8048    49480 |    26423    15079     14 | 13.954 % |
|    5050023 |     448     8048    49480 |    29065    13927     16 | 13.954 % |
|    7575139 |     448     8048    49480 |    31972    17289     16 | 13.954 % |
|   11362814 |     448     8048    49480 |    35169    24129     16 | 13.954 % |
|   17044326 |     448     8048    49480 |    38686    18403     16 | 13.954 % |
|   25566595 |     448     8048    49480 |    42555    23831     17 | 13.954 % |
|   38349998 |     448     8048    49480 |    46810    41167     16 | 13.954 % |
===============================================================================
restarts              : 70653
conflicts             : 55421610       (21890 /sec)
decisions             : 68138274       (0.00 % random) (26912 /sec)
propagations          : 1769216193     (698779 /sec)
conflict literals     : 978613174      (9.75 % deleted)
Memory used           : 78.00 MB
CPU time              : 2531.87 s

SATISFIABLE
