rn rc t sat cfs dec rts r1 mem ptime stime cfl r s
540 3510 0.011998 1 220 366 3 17092 8.00 0.00 0.01 3314 1 1
540 3510 0.011998 1 192 284 2 19787 8.00 0.00 0.01 3717 1 2
540 3510 0.009998 1 241 342 3 26168 8.00 0.00 0.00 5227 1 3
540 3510 0.011998 1 243 441 3 20248 8.00 0.00 0.01 4587 1 4
540 3510 0.011998 1 316 449 3 37330 8.00 0.00 0.00 6511 1 5
540 3510 0.014997 1 381 601 3 40732 8.00 0.00 0.00 8822 1 6
540 3510 0.010998 1 195 286 2 21955 8.00 0.00 0.00 4290 1 7
540 3510 0.012998 1 286 398 3 34072 8.00 0.00 0.00 5748 1 8
540 3510 0.018997 1 586 797 5 71767 8.00 0.00 0.01 11942 1 9
540 3510 0.016997 1 451 666 4 53767 8.00 0.00 0.01 9388 1 10
540 3510 0.008998 1 104 163 2 8804 8.00 0.00 0.00 1678 1 11
540 3510 0.018997 1 542 704 5 68453 8.00 0.00 0.00 11922 1 12
540 3510 0.011998 1 219 366 3 22140 8.00 0.00 0.01 4462 1 13
540 3510 0.015997 1 423 554 4 55415 8.00 0.00 0.00 9612 1 14
540 3510 0.019996 1 536 723 5 67423 8.00 0.00 0.00 9967 1 15
540 3510 0.012998 1 292 440 3 31454 8.00 0.00 0.01 5387 1 16
540 3510 0.011998 1 195 353 2 20676 8.00 0.00 0.00 3566 1 17
540 3510 0.007998 1 85 148 1 6919 8.00 0.00 0.00 1678 1 18
540 3510 0.020996 1 679 961 6 65226 8.00 0.00 0.00 14710 1 19
540 3510 0.009998 1 45 124 1 3973 8.00 0.00 0.01 833 1 20
1032 6956 0.065989 1 1478 2127 10 311508 8.00 0.00 0.01 53001 2 1
1032 6956 1.3338 1 26612 30769 94 6130333 8.00 0.00 0.01 621987 2 2
1032 6956 0.085986 1 2019 2881 14 407140 8.00 0.00 0.01 69015 2 3
1032 6956 0.381941 1 7835 9907 31 1713503 8.00 0.00 0.01 221491 2 4
1032 6956 0.727889 1 13383 16732 60 3581867 8.00 0.00 0.01 321693 2 5
1032 6956 0.670898 1 13672 16171 61 3031067 8.00 0.00 0.01 350479 2 6
1032 6956 1.48377 1 29797 33585 109 6965906 8.00 0.00 0.01 690432 2 7
1032 6956 0.032994 1 493 716 4 114730 8.00 0.01 0.01 16620 2 8
1032 6956 0.480926 1 10880 13861 46 2182256 8.00 0.00 0.01 280218 2 9
1032 6956 0.757884 1 15442 17964 62 3537447 8.00 0.00 0.01 385565 2 10
1032 6956 0.082987 1 2017 2935 14 388415 8.00 0.00 0.01 64887 2 11
1032 6956 0.314952 1 6837 8659 31 1428613 8.00 0.00 0.01 190988 2 12
1032 6956 0.180972 1 4210 5598 22 807691 8.00 0.00 0.01 127408 2 13
1032 6956 0.149977 1 3412 4378 18 688751 8.00 0.00 0.01 113714 2 14
1032 6956 0.618905 1 12355 15611 53 2862503 8.00 0.00 0.01 314987 2 15
1032 6956 0.437933 1 9669 12012 42 1935713 8.00 0.01 0.01 240118 2 16
1032 6956 1.52777 1 29550 33248 108 6952670 8.00 0.00 0.01 707141 2 17
1032 6956 0.051992 1 1040 1464 7 217319 8.00 0.00 0.01 35814 2 18
1032 6956 0.882865 1 19570 23421 66 3876953 8.00 0.00 0.01 476308 2 19
1032 6956 0.300954 1 6472 7954 31 1405719 8.00 0.00 0.01 168717 2 20
1524 10402 0.238963 1 2182 2528 14 1599966 9.00 0.01 0.01 90390 3 1
1524 10402 3.33949 1 26602 28051 94 21416682 9.00 0.01 0.01 1025639 3 2
1524 10402 1.13483 1 9497 10331 41 7472694 9.00 0.00 0.01 378889 3 3
1524 10402 0.313952 1 2922 3340 15 2098408 9.00 0.00 0.01 119285 3 4
1524 10402 7.04793 1 58114 62096 186 44523710 9.00 0.00 0.01 1922253 3 5
1524 10402 1.16082 1 9680 10473 42 7652204 9.00 0.00 0.01 410605 3 6
1524 10402 9.08362 1 70262 73278 220 56924003 9.00 0.01 0.01 2390925 3 7
1524 10402 11.9972 1 96524 100377 255 74526355 9.00 0.00 0.01 3008602 3 8
1524 10402 1.55876 1 12658 13619 56 10272951 9.00 0.00 0.01 503379 3 9
1524 10402 2.97055 1 23837 25214 87 18954832 9.00 0.01 0.01 891295 3 10
1524 10402 2.75758 1 21898 23271 78 17365568 9.00 0.00 0.01 841856 3 11
1524 10402 3.73743 1 29207 30801 107 23659212 9.00 0.00 0.01 1121904 3 12
1524 10402 1.26081 1 10675 11492 46 8454757 9.00 0.00 0.01 441890 3 13
1524 10402 1.9907 1 16098 17240 63 12919008 9.00 0.00 0.01 627611 3 14
1524 10402 0.282956 1 2488 2810 15 1935838 9.00 0.00 0.01 98072 3 15
1524 10402 3.51247 1 27952 29576 100 22171767 9.00 0.00 0.01 1100960 3 16
1524 10402 3.80042 1 30076 31726 109 23984968 9.00 0.01 0.01 1207848 3 17
1524 10402 4.73028 1 36837 38811 126 29966483 9.00 0.01 0.01 1410541 3 18
1524 10402 1.19982 1 10038 10885 45 7797951 9.00 0.01 0.01 406301 3 19
1524 10402 3.53146 1 28017 29718 100 22519450 9.00 0.00 0.01 1099373 3 20
2016 13848 6.34004 1 40470 45214 127 36303086 9.00 0.01 0.01 1250043 4 1
2016 13848 2.27765 1 16064 18744 63 13747613 9.00 0.01 0.02 476268 4 2
2016 13848 1.03884 1 7449 8737 31 6726708 9.00 0.01 0.01 236842 4 3
2016 13848 8.23375 1 57400 63726 181 50716897 9.00 0.01 0.01 1600310 4 4
2016 13848 4.66429 1 33440 37908 124 29482696 9.00 0.01 0.02 973985 4 5
2016 13848 8.02778 1 53714 59397 164 50815789 9.00 0.00 0.02 1369079 4 6
2016 13848 1.71374 1 12463 14063 54 11478605 9.00 0.01 0.02 330408 4 7
2016 13848 6.43202 1 39588 44580 127 38174923 9.00 0.01 0.02 962770 4 8
2016 13848 3.49347 1 24834 27885 92 23089714 9.00 0.00 0.02 622476 4 9
2016 13848 7.05293 1 48512 53552 145 44441903 10.00 0.01 0.01 1362518 4 10
2016 13848 0.966853 1 6934 7951 31 6778846 9.00 0.01 0.02 170363 4 11
2016 13848 2.55161 1 18933 21231 63 16686319 9.00 0.01 0.01 502464 4 12
2016 13848 6.26705 1 41378 45475 127 37541490 9.00 0.01 0.01 1013545 4 13
2016 13848 8.37673 1 57333 63160 180 50180983 9.00 0.01 0.01 1387735 4 14
2016 13848 2.84857 1 20395 23293 70 18437251 9.00 0.01 0.01 633119 4 15
2016 13848 0.291955 1 2363 2817 14 2024899 9.00 0.01 0.01 71602 4 16
2016 13848 1.80573 1 12916 14948 57 11113626 9.00 0.01 0.02 378188 4 17
2016 13848 7.2229 1 44813 49478 127 41229693 9.00 0.01 0.01 1153261 4 18
2016 13848 14.6218 1 93032 101369 255 89241205 10.00 0.01 0.02 2291378 4 19
2016 13848 11.9812 1 79129 86459 252 73317292 10.00 0.01 0.02 1943195 4 20
2508 17294 4.45232 1 24098 26705 89 30879673 9.00 0.01 0.02 476565 5 1
2508 17294 18.3212 1 94028 104824 255 103730602 11.00 0.01 0.02 2494798 5 2
2508 17294 11.3043 1 63138 70278 190 74161323 10.00 0.01 0.02 1357658 5 3
2508 17294 12.5531 1 69976 76509 220 81980524 11.00 0.01 0.02 1492682 5 4
2508 17294 6.10007 1 32033 35722 119 39740064 9.00 0.01 0.02 659388 5 5
2508 17294 0.277957 1 1452 1718 10 1955581 9.00 0.01 0.02 33449 5 6
2508 17294 9.8555 1 50376 57066 156 56221298 10.00 0.01 0.02 1397045 5 7
2508 17294 0.238963 1 1079 1276 7 1686374 9.00 0.01 0.02 25878 5 8
2508 17294 5.49516 1 29444 34317 108 33601588 10.00 0.01 0.02 789826 5 9
2508 17294 2.54061 1 13405 15024 60 17830846 9.00 0.01 0.02 259252 5 10
2508 17294 4.35834 1 25251 27810 93 28951918 9.00 0.00 0.02 571997 5 11
2508 17294 3.99639 1 22427 26145 78 24213249 9.00 0.01 0.02 654988 5 12
2508 17294 3.13952 1 17406 20703 63 18997506 10.00 0.01 0.02 512604 5 13
2508 17294 17.5853 1 88142 98165 254 97165820 11.00 0.00 0.02 2255285 5 14
2508 17294 8.03478 1 42678 48073 127 46587146 10.00 0.01 0.02 1137732 5 15
2508 17294 11.9442 1 66844 74451 205 76704628 10.00 0.01 0.02 1560157 5 16
2508 17294 12.913 1 67771 76792 209 69966861 10.00 0.01 0.02 1918753 5 17
2508 17294 9.89749 1 51528 56380 158 69954224 9.00 0.01 0.02 897205 5 18
2508 17294 8.06277 1 42292 47513 127 48188897 10.00 0.01 0.02 1213973 5 19
2508 17294 0.78888 1 4699 5372 25 5608924 9.00 0.01 0.02 111276 5 20
3000 20740 1.85172 1 10072 12550 45 12112661 10.00 0.01 0.02 349994 6 1
3000 20740 19.481 1 84621 95083 254 112776175 13.00 0.01 0.02 2159827 6 2
3000 20740 14.7208 1 61314 68062 190 93288711 12.00 0.01 0.02 1593344 6 3
3000 20740 5.81312 1 25784 29224 94 36533393 12.00 0.01 0.02 777464 6 4
3000 20740 1.19282 1 6005 7426 30 7976930 10.00 0.01 0.02 201272 6 5
3000 20740 3.73043 1 17350 20091 63 24554835 10.00 0.01 0.02 478592 6 6
3000 20740 3.80842 1 17759 20537 63 24911416 10.00 0.01 0.02 534122 6 7
3000 20740 9.51555 1 42482 49009 127 55168286 12.00 0.01 0.02 1342889 6 8
3000 20740 1.01285 1 5089 6324 28 7170349 10.00 0.01 0.02 136026 6 9
3000 20740 10.5264 1 47903 52648 142 72468529 10.00 0.01 0.02 860469 6 10
3000 20740 3.3055 1 14566 16152 62 23251329 10.00 0.01 0.02 288503 6 11
3000 20740 6.89095 1 29926 33469 109 45615366 10.00 0.01 0.02 727013 6 12
3000 20740 16.7035 1 71496 77947 221 115210413 11.00 0.01 0.02 1336405 6 13
3000 20740 25.8111 1 111813 123781 293 153972713 13.00 0.01 0.02 2725062 6 14
3000 20740 0.088986 1 348 497 3 395905 10.00 0.01 0.02 15985 6 15
3000 20740 5.79812 1 26302 30616 94 36648213 12.00 0.01 0.02 764584 6 16
3000 20740 2.01169 1 7848 8778 31 15275676 10.00 0.01 0.02 153205 6 17
3000 20740 30.8523 1 126784 139425 345 174486330 14.00 0.01 0.02 3549632 6 18
3000 20740 0.224965 1 992 1297 7 1481418 10.00 0.01 0.02 28557 6 19
3000 20740 12.7681 1 58460 67042 187 71635699 13.00 0.01 0.02 1948095 6 20
3492 24186 7.59984 1 28558 32115 102 49293718 12.00 0.01 0.03 786182 7 1
3492 24186 2.24366 1 7902 8801 31 16869381 10.00 0.01 0.03 136718 7 2
3492 24186 3.01154 1 13415 16633 60 20306669 10.00 0.01 0.02 458387 7 3
3492 24186 27.2039 1 97047 108499 255 160223608 14.00 0.01 0.03 2862467 7 4
3492 24186 36.2675 1 117408 126420 317 219853322 14.00 0.01 0.03 2708354 7 5
3492 24186 5.2912 1 20262 23690 70 35363186 10.00 0.01 0.03 562342 7 6
3492 24186 9.35858 1 34202 38795 125 62339895 12.00 0.01 0.03 797844 7 7
3492 24186 28.2817 1 99129 109269 255 164820480 14.00 0.01 0.03 2761462 7 8
3492 24186 5.45917 1 21343 24677 77 37352954 10.00 0.01 0.03 520588 7 9
3492 24186 7.61184 1 30008 34667 109 49082674 12.00 0.01 0.03 802875 7 10
3492 24186 5.77412 1 21965 24435 78 39793069 10.00 0.01 0.03 443569 7 11
3492 24186 7.8918 1 29859 34071 109 52070975 12.00 0.02 0.03 827472 7 12
3492 24186 3.22351 1 12827 14763 56 22793671 10.00 0.01 0.03 412586 7 13
3492 24186 6.67399 1 22567 25223 80 47908890 10.00 0.01 0.03 420492 7 14
3492 24186 1.36579 1 4241 4693 22 10392886 10.00 0.01 0.02 62492 7 15
3492 24186 14.0729 1 52488 57486 158 99073502 11.00 0.01 0.03 903712 7 16
3492 24186 26.249 1 91100 102042 255 149634137 14.00 0.01 0.03 2656911 7 17
3492 24186 7.78782 1 30953 36266 113 48440582 13.00 0.01 0.03 956199 7 18
3492 24186 4.15237 1 17544 20167 63 29616938 10.00 0.01 0.03 348449 7 19
3492 24186 3.59945 1 14916 17455 62 24652572 10.00 0.01 0.02 478984 7 20
3984 27632 6.589 1 22510 26173 79 42672834 11.00 0.01 0.03 757206 8 1
3984 27632 6.46402 1 24039 27196 88 46073481 10.00 0.01 0.03 474479 8 2
3984 27632 21.1198 1 55873 59139 173 154865399 11.00 0.01 0.03 717473 8 3
3984 27632 15.3107 1 45401 48875 132 111751942 11.00 0.01 0.03 670312 8 4
3984 27632 21.7717 1 69623 76712 219 154251894 13.00 0.02 0.03 1161350 8 5
3984 27632 1.25881 1 5343 7066 29 8834612 10.00 0.01 0.03 182300 8 6
3984 27632 7.46886 1 18950 20386 63 55734468 10.00 0.02 0.03 244991 8 7
3984 27632 7.13291 1 23875 27821 88 45419964 11.00 0.01 0.03 759244 8 8
3984 27632 23.4224 1 72538 80152 224 166541558 13.00 0.01 0.03 1166833 8 9
3984 27632 35.3666 1 109347 118784 286 244522695 13.00 0.01 0.03 1692253 8 10
3984 27632 6.38903 1 21902 25858 78 40407194 11.00 0.01 0.03 661384 8 11
3984 27632 7.81381 1 23028 25241 83 57394752 10.00 0.01 0.03 360628 8 12
3984 27632 8.61869 1 30715 34361 112 60496395 13.00 0.01 0.03 571973 8 13
3984 27632 18.8951 1 60429 66193 189 132633298 11.00 0.01 0.03 1016056 8 14
3984 27632 7.45787 1 25065 28007 93 52142451 10.00 0.02 0.03 487678 8 15
3984 27632 31.1003 1 89966 98068 255 197425844 14.00 0.01 0.03 2084514 8 16
3984 27632 19.649 1 62423 68224 190 137665605 13.00 0.01 0.03 1038522 8 17
3984 27632 9.26559 1 30409 33919 109 63840386 13.00 0.01 0.03 555205 8 18
3984 27632 3.47547 1 12607 14416 55 25517207 10.00 0.01 0.03 251966 8 19
3984 27632 16.5675 1 52336 57322 158 118566187 11.00 0.01 0.03 821638 8 20
4476 31078 5.8951 1 16231 17981 63 42523856 11.00 0.01 0.03 302457 9 1
4476 31078 0.145977 1 377 498 3 756424 11.00 0.02 0.03 15046 9 2
4476 31078 16.1105 1 45020 48768 129 114421016 13.00 0.01 0.03 750246 9 3
4476 31078 6.34903 1 15214 16808 62 46561206 11.00 0.02 0.03 262789 9 4
4476 31078 2.97455 1 10796 13525 46 20275689 11.00 0.01 0.03 327970 9 5
4476 31078 15.5596 1 38589 41460 127 112159009 13.00 0.02 0.03 594095 9 6
4476 31078 26.6879 1 61185 64267 190 199480538 12.00 0.01 0.03 718251 9 7
4476 31078 20.3129 1 56766 62261 179 142262928 13.00 0.02 0.03 980344 9 8
4476 31078 7.09892 1 18181 19623 63 51966789 11.00 0.01 0.03 301268 9 9
4476 31078 24.5393 1 52545 54920 158 180852785 12.00 0.01 0.03 613773 9 10
4476 31078 0.665898 1 1635 1963 11 4834924 11.00 0.02 0.03 28680 9 11
4476 31078 12.1671 1 32340 36008 122 82688052 14.00 0.01 0.03 723175 9 12
4476 31078 5.14822 1 11973 12996 52 38619723 11.00 0.01 0.03 178317 9 13
4476 31078 39.0551 1 105019 114905 270 248190186 15.00 0.01 0.03 2422322 9 14
4476 31078 6.70298 1 20433 22947 70 47914606 11.00 0.01 0.03 390007 9 15
4476 31078 10.1645 1 28314 31470 101 73078878 11.00 0.01 0.03 456639 9 16
4476 31078 13.5489 1 31378 33714 116 100890977 11.00 0.01 0.03 406894 9 17
4476 31078 25.1312 1 70309 79076 220 153263526 17.00 0.01 0.03 2070429 9 18
4476 31078 23.9674 1 58541 62878 188 176140344 12.00 0.01 0.03 829472 9 19
4476 31078 8.50671 1 26231 29629 94 59988769 11.00 0.01 0.03 488872 9 20
4968 34524 9.70252 1 18805 20017 63 73886155 11.00 0.01 0.04 230994 10 1
4968 34524 8.69868 1 24834 30139 92 56614772 11.00 0.01 0.04 744043 10 2
4968 34524 33.5189 1 65093 68612 197 248052893 12.00 0.02 0.04 740407 10 3
4968 34524 35.1047 1 86308 93519 254 246582312 15.00 0.01 0.04 1425578 10 4
4968 34524 5.69513 1 14205 16156 61 41037046 11.00 0.01 0.04 372291 10 5
4968 34524 31.9761 1 77942 86347 251 199081487 18.00 0.01 0.04 1944204 10 6
4968 34524 11.7492 1 26938 29619 94 86067464 11.00 0.02 0.04 420867 10 7
4968 34524 27.1219 1 56452 60076 176 195928342 13.00 0.01 0.04 751614 10 8
4968 34524 11.0673 1 30047 35106 109 70090329 14.00 0.02 0.04 955256 10 9
4968 34524 4.03539 1 11215 12757 46 29515820 11.00 0.02 0.04 223989 10 10
4968 34524 15.4147 1 34034 37261 125 110303954 12.00 0.01 0.04 537472 10 11
4968 34524 20.5149 1 51484 56230 158 144077901 13.00 0.01 0.04 855865 10 12
4968 34524 5.68513 1 15407 17979 62 40096779 11.00 0.01 0.04 388304 10 13
4968 34524 19.692 1 38326 40370 126 146593234 12.00 0.02 0.04 463360 10 14
4968 34524 2.95255 1 9392 12008 40 20441034 11.00 0.01 0.04 300044 10 15
4968 34524 20.4909 1 48558 53698 146 140792208 14.00 0.01 0.04 1133055 10 16
4968 34524 39.8049 1 96340 104970 255 279157839 15.00 0.02 0.04 1493238 10 17
4968 34524 15.5806 1 35358 38029 126 109885466 12.00 0.02 0.04 599519 10 18
4968 34524 23.2575 1 45245 47420 130 170751428 12.00 0.02 0.04 535541 10 19
4968 34524 6.565 1 12942 14133 58 49743327 11.00 0.02 0.04 166003 10 20
5460 37970 0.921859 1 1617 1914 11 6747905 11.00 0.02 0.04 21789 11 1
5460 37970 7.39288 1 14777 16421 62 55053690 11.00 0.02 0.04 220030 11 2
5460 37970 6.67798 1 14777 16496 62 49882746 11.00 0.02 0.04 256614 11 3
5460 37970 4.03839 1 8087 8985 32 30813329 11.00 0.01 0.04 116108 11 4
5460 37970 20.0829 1 46202 50513 136 139644873 15.00 0.01 0.04 796803 11 5
5460 37970 1.9947 1 4733 5423 25 14672528 11.00 0.02 0.04 98570 11 6
5460 37970 15.8706 1 28233 30195 101 118276460 11.00 0.02 0.04 353832 11 7
5460 37970 2.23266 1 4056 4803 22 16764720 11.00 0.02 0.04 60273 11 8
5460 37970 10.5154 1 18167 19275 63 80617376 11.00 0.01 0.04 223501 11 9
5460 37970 24.6653 1 54544 59651 169 177291167 15.00 0.02 0.04 926518 11 10
5460 37970 27.0669 1 46869 49532 140 199059306 14.00 0.02 0.04 537125 11 11
5460 37970 5.82211 1 11373 12570 48 43749375 11.00 0.02 0.04 165246 11 12
5460 37970 25.6361 1 56066 61120 173 181749952 14.00 0.02 0.04 913311 11 13
5460 37970 26.8419 1 61358 67902 190 189635137 14.00 0.01 0.04 1060376 11 14
5460 37970 13.9539 1 30825 33997 112 101134217 12.00 0.02 0.04 556273 11 15
5460 37970 0.98385 1 1803 2111 12 7259232 11.00 0.02 0.04 26994 11 16
5460 37970 25.989 1 44333 46542 127 193740930 14.00 0.01 0.04 499681 11 17
5460 37970 7.84481 1 14030 15381 61 59897312 11.00 0.02 0.04 177823 11 18
5460 37970 29.4925 1 52009 54643 158 220758156 14.00 0.02 0.04 598205 11 19
5460 37970 9.8955 1 18974 20720 63 73577082 11.00 0.02 0.04 271199 11 20
5952 41416 38.8301 1 74246 80188 235 276282406 15.00 0.02 0.04 1120301 12 1
5952 41416 3.07053 1 5162 5808 28 23305104 11.00 0.02 0.05 70437 12 2
5952 41416 3.77842 1 6778 7646 31 28598663 11.00 0.02 0.04 104164 12 3
5952 41416 7.52186 1 13786 15273 61 56827404 11.00 0.02 0.04 210322 12 4
5952 41416 12.2851 1 19462 20781 66 93107301 11.00 0.02 0.04 226678 12 5
5952 41416 12.2611 1 19379 20656 65 93866158 11.00 0.02 0.04 230165 12 6
5952 41416 1.03484 1 1640 2002 11 7488554 11.00 0.02 0.05 23212 12 7
5952 41416 24.8982 1 42049 44677 127 183894948 12.00 0.02 0.04 539632 12 8
5952 41416 48.6216 1 92048 100021 255 340472807 16.00 0.02 0.04 1412914 12 9
5952 41416 2.72559 1 5617 6728 29 20281484 11.00 0.01 0.05 107007 12 10
5952 41416 6.74697 1 11543 12666 49 51130108 11.00 0.02 0.05 164905 12 11
5952 41416 5.9511 1 13332 15227 60 43546748 11.00 0.02 0.04 255791 12 12
5952 41416 10.3774 1 22293 24793 78 74761252 11.00 0.02 0.05 402454 12 13
5952 41416 28.9516 1 60391 66545 189 204965730 16.00 0.02 0.05 1032697 12 14
5952 41416 3.14952 1 7295 8507 31 23181064 11.00 0.02 0.05 148491 12 15
5952 41416 22.4186 1 46532 51617 138 158054991 13.00 0.02 0.05 748878 12 16
5952 41416 4.17136 1 7441 8138 31 31664249 11.00 0.02 0.05 106530 12 17
5952 41416 3.18052 1 5086 5749 28 24158877 11.00 0.02 0.04 65928 12 18
5952 41416 10.5544 1 22741 25309 81 77358219 11.00 0.02 0.05 426180 12 19
5952 41416 3.38648 1 5891 6743 30 25581095 11.00 0.02 0.05 84508 12 20
6444 44862 47.3038 1 87260 94620 254 322150652 19.00 0.02 0.05 1412020 13 1
6444 44862 37.6623 1 71704 80446 221 229681336 25.00 0.02 0.05 2281938 13 2
6444 44862 18.8961 1 40085 46356 127 120198546 15.00 0.02 0.05 1271502 13 3
6444 44862 36.3545 1 57030 60303 180 260562769 15.00 0.02 0.05 783076 13 4
6444 44862 2.77158 1 4205 4731 22 20957648 12.00 0.02 0.05 59392 13 5
6444 44862 13.386 1 24312 27211 91 98591649 12.00 0.02 0.05 383908 13 6
6444 44862 1.17282 1 2978 3938 15 8213684 12.00 0.02 0.05 97390 13 7
6444 44862 2.92455 1 4401 4938 22 22094733 12.00 0.02 0.05 66503 13 8
6444 44862 11.2083 1 22287 24611 78 79697698 12.00 0.02 0.05 436414 13 9
6444 44862 16.3515 1 29359 31934 108 118327198 12.00 0.02 0.05 500943 13 10
6444 44862 6.07108 1 8906 9707 38 46020313 12.00 0.02 0.05 112391 13 11
6444 44862 7.03493 1 10462 11323 46 52913507 12.00 0.02 0.05 139397 13 12
6444 44862 10.9573 1 22949 26434 82 76382757 12.00 0.02 0.05 712626 13 13
6444 44862 11.3113 1 17356 18797 63 83973797 12.00 0.02 0.05 234368 13 14
6444 44862 2.89656 1 6654 7769 31 21155488 12.00 0.02 0.05 142480 13 15
6444 44862 13.7289 1 27741 31191 98 99212264 12.00 0.02 0.05 492970 13 16
6444 44862 9.72652 1 19704 23040 67 68614055 12.00 0.02 0.05 515523 13 17
6444 44862 21.3458 1 33412 36654 124 148674003 13.00 0.02 0.05 523152 13 18
6444 44862 8.10277 1 12382 13573 53 61294460 12.00 0.02 0.05 163955 13 19
6444 44862 1.27081 1 2021 2428 14 9339349 12.00 0.02 0.05 37058 13 20
6936 48308 36.0815 1 48060 50429 142 267562606 13.00 0.02 0.05 561971 14 1
6936 48308 5.35818 1 7236 8008 31 40658334 13.00 0.02 0.05 92009 14 2
6936 48308 39.8669 1 69575 77788 219 250658415 24.00 0.02 0.05 2033812 14 3
6936 48308 10.7484 1 19832 22738 68 75814993 13.00 0.02 0.05 501535 14 4
6936 48308 20.5389 1 28679 30766 104 153797653 13.00 0.02 0.05 362499 14 5
6936 48308 13.306 1 18591 19918 63 99796465 13.00 0.02 0.05 242082 14 6
6936 48308 44.7182 1 65656 70486 200 330022705 16.00 0.02 0.05 873161 14 7
6936 48308 17.1644 1 22873 24475 82 130603354 13.00 0.02 0.05 272684 14 8
6936 48308 14.6298 1 30190 35785 109 96599476 15.00 0.02 0.05 938513 14 9
6936 48308 9.48456 1 13343 14697 60 71680383 13.00 0.02 0.05 179033 14 10
6936 48308 11.2063 1 20234 22528 70 81913571 13.00 0.02 0.05 354526 14 11
6936 48308 1.75173 1 4384 5980 22 12222671 13.00 0.02 0.05 166960 14 12
6936 48308 27.2319 1 48033 53720 142 175890138 16.00 0.02 0.05 1207972 14 13
6936 48308 8.67468 1 17055 20213 63 59613771 13.00 0.02 0.05 473675 14 14
6936 48308 2.92755 1 5937 7442 30 21047535 13.00 0.02 0.05 197623 14 15
6936 48308 43.2484 1 66634 73092 205 271146630 19.00 0.02 0.05 1236072 14 16
6936 48308 54.3457 1 78496 83223 251 400022220 16.00 0.02 0.05 961736 14 17
6936 48308 27.0099 1 45263 50533 130 173314425 15.00 0.02 0.05 1002152 14 18
6936 48308 2.69359 1 4261 4980 22 20073558 13.00 0.02 0.05 69253 14 19
6936 48308 8.15876 1 11187 12210 46 62533364 13.00 0.02 0.05 144385 14 20
7428 51754 28.6276 1 35693 37838 126 214459018 13.00 0.02 0.06 420633 15 1
7428 51754 5.31619 1 7138 7899 31 39620375 13.00 0.03 0.06 105020 15 2
7428 51754 18.6342 1 23124 24583 84 141067241 13.00 0.02 0.06 286420 15 3
7428 51754 15.3237 1 18720 19871 63 116097338 13.00 0.02 0.06 231801 15 4
7428 51754 59.042 1 72751 76179 227 426652808 19.00 0.02 0.06 809738 15 5
7428 51754 10.3064 1 18967 22207 63 73871776 13.00 0.02 0.06 475127 15 6
7428 51754 55.8495 1 90353 98749 255 390758351 20.00 0.02 0.06 1472394 15 7
7428 51754 6.20006 1 7859 8563 31 47120557 13.00 0.02 0.06 100760 15 8
7428 51754 18.2172 1 23052 24846 84 137236057 13.00 0.02 0.06 294181 15 9
7428 51754 15.7856 1 20489 22059 71 117206346 13.00 0.02 0.06 261620 15 10
7428 51754 16.3305 1 28205 32018 101 114796979 13.00 0.02 0.06 508218 15 11
7428 51754 10.0135 1 13359 14931 60 75686494 13.00 0.02 0.06 184315 15 12
7428 51754 2.46663 1 4657 5583 25 17851589 13.00 0.03 0.06 108404 15 13
7428 51754 27.8198 1 35419 37874 126 206896921 13.00 0.02 0.06 427059 15 14
7428 51754 45.6711 1 74005 82730 234 284963401 24.00 0.02 0.06 2084620 15 15
7428 51754 60.0659 1 83210 88532 253 413011275 20.00 0.02 0.06 1031282 15 16
7428 51754 4.5883 1 6720 7774 31 34006727 13.00 0.02 0.06 98047 15 17
7428 51754 12.6141 1 15725 16845 62 96050872 13.00 0.02 0.06 196538 15 18
7428 51754 35.3476 1 47834 51866 142 236169055 14.00 0.02 0.06 768059 15 19
7428 51754 24.3393 1 29975 31908 109 185619359 13.00 0.02 0.06 362003 15 20
7920 55200 50.5983 1 58463 61912 187 374061141 15.00 0.02 0.06 668450 16 1
7920 55200 2.23766 1 3549 4387 18 16591182 13.00 0.02 0.06 63175 16 2
7920 55200 52.345 1 62288 65718 190 382620572 15.00 0.02 0.06 709792 16 3
7920 55200 4.09638 1 4936 5506 27 31052236 13.00 0.02 0.06 64743 16 4
7920 55200 3.58845 1 4504 5157 23 26976313 13.00 0.02 0.06 62072 16 5
7920 55200 51.9591 1 62630 66176 190 374765526 15.00 0.03 0.06 726919 16 6
7920 55200 4.85426 1 5754 6527 30 36726415 13.00 0.02 0.06 75282 16 7
7920 55200 27.1589 1 31090 33058 115 204442434 13.00 0.02 0.06 388261 16 8
7920 55200 14.4528 1 23301 26078 85 103554917 13.00 0.02 0.06 429620 16 9
7920 55200 51.5112 1 84502 93894 254 361991060 21.00 0.02 0.06 1370879 16 10
7920 55200 4.08038 1 4900 5704 26 30881074 13.00 0.02 0.06 66756 16 11
7920 55200 6.90695 1 10003 11333 44 51052751 13.00 0.03 0.06 162852 16 12
7920 55200 61.7816 1 71886 75253 221 455410417 20.00 0.02 0.06 778788 16 13
7920 55200 4.89026 1 8346 9640 34 36084880 13.00 0.02 0.06 163820 16 14
7920 55200 0.646901 1 1244 1651 8 4273347 13.00 0.02 0.06 27509 16 15
7920 55200 26.57 1 41808 46313 127 190459324 13.00 0.02 0.06 710610 16 16
7920 55200 43.8273 1 64107 70388 190 299211952 18.00 0.02 0.06 1047628 16 17
7920 55200 7.81181 1 9152 10060 38 59321808 13.00 0.02 0.06 117713 16 18
7920 55200 17.3604 1 20502 21930 71 130487095 13.00 0.03 0.06 246601 16 19
7920 55200 15.1677 1 24906 27696 93 110923664 13.00 0.02 0.06 461764 16 20
8412 58646 49.0125 1 59170 64560 188 328197999 18.00 0.03 0.06 793573 17 1
8412 58646 41.6917 1 56850 62868 179 261888669 18.00 0.03 0.07 1085035 17 2
8412 58646 69.3405 1 82366 88441 253 485034533 20.00 0.02 0.07 1052617 17 3
8412 58646 1.67674 1 1811 2162 13 12165665 13.00 0.03 0.06 28232 17 4
8412 58646 55.4106 1 67578 72071 208 389328122 18.00 0.03 0.07 891108 17 5
8412 58646 10.3274 1 12242 13512 53 75522017 13.00 0.02 0.07 171397 17 6
8412 58646 12.981 1 14738 16114 62 96493111 13.00 0.03 0.06 192759 17 7
8412 58646 48.5556 1 52296 54831 158 358825672 15.00 0.03 0.06 588049 17 8
8412 58646 7.17491 1 9951 11627 44 51526756 13.00 0.03 0.06 202245 17 9
8412 58646 14.5888 1 22876 27396 82 99674588 13.00 0.03 0.07 589376 17 10
8412 58646 37.9552 1 42364 44754 127 278101527 14.00 0.03 0.07 507989 17 11
8412 58646 40.8588 1 53757 60318 165 270017094 17.00 0.02 0.06 1080372 17 12
8412 58646 9.83351 1 11380 12495 48 73660247 13.00 0.02 0.07 163921 17 13
8412 58646 17.5403 1 19350 21005 65 131460326 13.00 0.03 0.06 241797 17 14
8412 58646 41.4907 1 57222 67463 180 249691755 22.00 0.02 0.07 1585864 17 15
8412 58646 38.8051 1 42822 45193 127 286189901 14.00 0.02 0.07 519536 17 16
8412 58646 1.26181 1 1603 1947 10 8959076 13.00 0.03 0.07 28256 17 17
8412 58646 20.4239 1 27886 32324 100 131503332 13.00 0.03 0.06 549448 17 18
8412 58646 59.301 1 85710 95262 254 370716234 27.00 0.02 0.07 2348293 17 19
8412 58646 2.34964 1 2599 3027 15 17416516 13.00 0.02 0.07 36969 17 20
8904 62092 15.3377 1 23495 27751 85 105031369 13.00 0.02 0.07 772503 18 1
8904 62092 6.13307 1 6450 7223 31 45679923 13.00 0.02 0.07 91098 18 2
8904 62092 16.6915 1 17595 18818 63 126232269 13.00 0.03 0.07 223733 18 3
8904 62092 63.3374 1 65250 68544 197 462620315 18.00 0.03 0.07 732482 18 4
8904 62092 6.23905 1 6559 7143 31 46592957 13.00 0.02 0.07 89829 18 5
8904 62092 11.6872 1 18409 21544 63 83283685 13.00 0.03 0.07 524429 18 6
8904 62092 39.633 1 55307 61961 172 263369446 22.00 0.03 0.07 1643437 18 7
8904 62092 13.193 1 20059 23492 69 90108237 13.00 0.03 0.07 527693 18 8
8904 62092 30.1934 1 31925 34002 119 222339234 13.00 0.03 0.07 407437 18 9
8904 62092 54.7957 1 64404 69408 193 396480017 17.00 0.03 0.07 904857 18 10
8904 62092 45.3191 1 47723 50362 142 332335206 15.00 0.03 0.07 562241 18 11
8904 62092 54.2208 1 56641 59869 178 400495140 15.00 0.03 0.07 652999 18 12
8904 62092 29.4195 1 41264 45572 127 211178582 14.00 0.02 0.07 731244 18 13
8904 62092 73.7898 1 93907 102380 255 504564025 22.00 0.03 0.07 1440190 18 14
8904 62092 77.8962 1 95215 103716 255 449612784 26.00 0.03 0.07 1968686 18 15
8904 62092 50.6553 1 51312 53855 158 377335177 15.00 0.02 0.07 590961 18 16
8904 62092 11.0463 1 11680 12754 50 83250298 13.00 0.02 0.07 150959 18 17
8904 62092 49.7764 1 65538 71919 200 346009530 18.00 0.03 0.07 1112338 18 18
8904 62092 37.1833 1 52094 58189 158 247133339 17.00 0.03 0.07 1415827 18 19
8904 62092 51.9611 1 71690 80980 221 329042886 23.00 0.03 0.07 2054809 18 20
9396 65538 23.3744 1 22821 24344 81 176699145 14.00 0.03 0.07 280139 19 1
9396 65538 9.62954 1 13541 16234 60 66192890 14.00 0.03 0.07 374810 19 2
9396 65538 2.29465 1 2243 2592 14 16815129 14.00 0.03 0.07 35496 19 3
9396 65538 32.95 1 31497 33298 116 248106016 14.00 0.03 0.07 373919 19 4
9396 65538 47.1118 1 46642 48939 139 353616246 15.00 0.03 0.07 535146 19 5
9396 65538 51.3662 1 64008 70717 190 349698902 18.00 0.03 0.07 1369314 19 6
9396 65538 21.1308 1 20451 21778 71 159593306 14.00 0.03 0.07 244397 19 7
9396 65538 33.7389 1 32567 34911 123 252946735 14.00 0.03 0.07 386019 19 8
9396 65538 22.9935 1 22494 24318 79 171185269 14.00 0.03 0.07 277711 19 9
9396 65538 63.6793 1 77601 83735 250 415492408 19.00 0.02 0.07 1387364 19 10
9396 65538 9.50955 1 13959 15930 61 68961914 14.00 0.03 0.07 287731 19 11
9396 65538 5.82711 1 5742 6408 30 43936180 14.00 0.03 0.07 74683 19 12
9396 65538 42.5845 1 43013 45642 127 317775384 14.00 0.03 0.07 517125 19 13
9396 65538 24.3123 1 23212 24606 84 185835577 14.00 0.03 0.07 274629 19 14
9396 65538 3.2605 1 3293 3698 16 24181731 14.00 0.03 0.07 47167 19 15
9396 65538 44.5162 1 42765 44846 127 331852714 14.00 0.03 0.07 504651 19 16
9396 65538 5.45517 1 5277 5775 29 41263064 14.00 0.03 0.07 68055 19 17
9396 65538 20.9668 1 20565 22007 72 159412629 14.00 0.03 0.07 252043 19 18
9396 65538 25.1722 1 24352 26049 91 191056922 14.00 0.03 0.07 289957 19 19
9396 65538 2.75258 1 2966 3449 15 20128958 14.00 0.03 0.07 46103 19 20
9888 68984 3.89241 1 3513 3838 18 29196071 14.00 0.03 0.08 43580 20 1
9888 68984 10.0365 1 9136 9924 38 73875448 14.00 0.03 0.08 116822 20 2
9888 68984 3.53646 1 3157 3470 15 26459323 14.00 0.03 0.08 41075 20 3
9888 68984 47.4588 1 57676 63700 183 322289112 18.00 0.03 0.08 978886 20 4
9888 68984 40.2359 1 52416 59697 158 262216771 22.00 0.03 0.08 1656658 20 5
9888 68984 3.12852 1 3240 3641 16 22997939 14.00 0.03 0.08 50447 20 6
9888 68984 45.844 1 42581 44926 127 344389254 14.00 0.03 0.08 494134 20 7
9888 68984 36.9244 1 33727 35889 125 280092452 14.00 0.02 0.08 398151 20 8
9888 68984 0.477927 1 412 562 4 2795026 14.00 0.03 0.08 7330 20 9
9888 68984 27.9038 1 25923 27643 94 211974484 14.00 0.03 0.08 305327 20 10
9888 68984 15.6796 1 22641 26326 80 110627050 14.00 0.03 0.08 613610 20 11
9888 68984 43.0785 1 39938 42373 127 318274692 15.00 0.03 0.08 467566 20 12
9888 68984 69.4854 1 62344 65245 190 520146157 20.00 0.03 0.07 678544 20 13
9888 68984 59.492 1 57436 60993 182 431078264 16.00 0.03 0.08 679143 20 14
9888 68984 35.8755 1 32966 35204 124 270986743 14.00 0.03 0.08 392218 20 15
9888 68984 1.28181 1 1162 1331 7 8969389 14.00 0.03 0.08 16492 20 16
9888 68984 22.7695 1 21084 22562 76 173489075 14.00 0.03 0.08 254057 20 17
9888 68984 14.7508 1 20812 24550 73 103745220 14.00 0.03 0.08 623378 20 18
9888 68984 44.9692 1 41015 42976 127 337601072 14.00 0.03 0.08 474074 20 19
9888 68984 43.8693 1 39946 42245 127 330815837 14.00 0.03 0.08 468146 20 20
