WARNING: for repeatability, setting FPU to use double precision
============================[ Problem Statistics ]=============================
|                                                                             |
|  Number of variables:           928                                         |
|  Number of clauses:           11878                                         |
|  Parse time:                   0.01 s                                       |
|  Eliminated clauses:           0.01 Mb                                      |
|  Simplification time:          0.04 s                                       |
|                                                                             |
=============================[ Search Statistics ]==============================
| Conflicts  |          ORIGINAL         |          LEARNT          | Progress |
|            |    Vars  Clauses Literals |    Limit  Clauses Lit/Cl |          |
================================================================================
|        100 |     616    11078    68083 |     4061      100     13 | 12.931 % |
|        250 |     616    11078    68083 |     4468      250     14 | 12.931 % |
|        475 |     616    11078    68083 |     4914      475     14 | 12.931 % |
|        812 |     616    11078    68083 |     5406      812     14 | 12.931 % |
|       1318 |     616    11078    68083 |     5947     1318     14 | 12.931 % |
|       2077 |     616    11078    68083 |     6541     2077     14 | 12.931 % |
|       3216 |     616    11078    68083 |     7195     3216     14 | 12.931 % |
|       4924 |     616    11078    68083 |     7915     4924     14 | 12.931 % |
|       7486 |     616    11078    68083 |     8707     7486     15 | 12.931 % |
|      11330 |     616    11078    68083 |     9577     6915     15 | 12.931 % |
|      17096 |     616    11078    68083 |    10535     7796     15 | 12.931 % |
|      25745 |     616    11078    68083 |    11589     5628     14 | 12.931 % |
|      38719 |     616    11078    68083 |    12748     6793     14 | 12.931 % |
|      58180 |     616    11078    68083 |    14022     6882     14 | 12.931 % |
|      87372 |     616    11078    68083 |    15425     7635     14 | 12.931 % |
|     131161 |     616    11078    68083 |    16967    12331     15 | 12.931 % |
|     196845 |     616    11078    68083 |    18664     9091     16 | 12.931 % |
|     295371 |     616    11078    68083 |    20530    13216     14 | 12.931 % |
|     443160 |     616    11078    68083 |    22584    15601     16 | 12.931 % |
|     664843 |     616    11078    68083 |    24842    20434     15 | 12.931 % |
|     997368 |     616    11078    68083 |    27326    13049     14 | 12.931 % |
|    1496156 |     616    11078    68083 |    30059    23933     14 | 12.931 % |
|    2244338 |     616    11078    68083 |    33065    28989     18 | 12.931 % |
|    3366612 |     616    11078    68083 |    36371    17311     13 | 12.931 % |
|    5050023 |     616    11078    68083 |    40008    24976     15 | 12.931 % |
|    7575139 |     616    11078    68083 |    44009    32077     17 | 12.931 % |
|   11362814 |     616    11078    68083 |    48410    34309     24 | 12.931 % |
|   17044326 |     616    11078    68083 |    53251    19454     17 | 12.931 % |
|   25566595 |     616    11078    68083 |    58577    17675     16 | 12.931 % |
|   38349998 |     616    11078    68083 |    64434    26781     16 | 12.931 % |
|   57525103 |     616    11078    68083 |    70878    42857     19 | 12.931 % |
|   86287761 |     616    11078    68083 |    77966    23619     13 | 12.931 % |
|  129431749 |     616    11078    68083 |    85762    56749     17 | 12.931 % |
|  194147731 |     616    11078    68083 |    94339    58094     17 | 12.931 % |
===============================================================================
restarts              : 271961
conflicts             : 242206876      (13016 /sec)
decisions             : 292556464      (0.00 % random) (15721 /sec)
propagations          : 9683605759     (520380 /sec)
conflict literals     : 4536240476     (10.34 % deleted)
Memory used           : 217.00 MB
CPU time              : 18608.7 s

SATISFIABLE
