WARNING: for repeatability, setting FPU to use double precision
============================[ Problem Statistics ]=============================
|                                                                             |
|  Number of variables:          1008                                         |
|  Number of clauses:           12952                                         |
|  Parse time:                   0.01 s                                       |
|  Eliminated clauses:           0.01 Mb                                      |
|  Simplification time:          0.04 s                                       |
|                                                                             |
=============================[ Search Statistics ]==============================
| Conflicts  |          ORIGINAL         |          LEARNT          | Progress |
|            |    Vars  Clauses Literals |    Limit  Clauses Lit/Cl |          |
================================================================================
|        100 |     672    12088    74284 |     4432      100     12 | 12.699 % |
|        250 |     672    12088    74284 |     4875      250     13 | 12.699 % |
|        475 |     672    12088    74284 |     5363      475     14 | 12.699 % |
|        812 |     672    12088    74284 |     5899      812     13 | 12.699 % |
|       1318 |     672    12088    74284 |     6489     1318     14 | 12.699 % |
|       2077 |     672    12088    74284 |     7138     2077     14 | 12.699 % |
|       3216 |     672    12088    74284 |     7852     3216     14 | 12.699 % |
|       4924 |     672    12088    74284 |     8637     4924     14 | 12.699 % |
|       7486 |     672    12088    74284 |     9500     7486     14 | 12.699 % |
|      11330 |     672    12088    74284 |    10451     6469     14 | 12.699 % |
|      17096 |     672    12088    74284 |    11496     6832     14 | 12.699 % |
|      25745 |     672    12088    74284 |    12645     9524     14 | 12.699 % |
|      38719 |     672    12088    74284 |    13910     9667     14 | 12.699 % |
|      58180 |     672    12088    74284 |    15301     7926     14 | 12.699 % |
|      87372 |     672    12088    74284 |    16831    13792     15 | 12.699 % |
|     131161 |     672    12088    74284 |    18514    14955     14 | 12.699 % |
|     196845 |     672    12088    74284 |    20366    14868     15 | 12.699 % |
|     295371 |     672    12088    74284 |    22402    10419     15 | 12.699 % |
|     443160 |     672    12088    74284 |    24643    22504     16 | 12.699 % |
|     664843 |     672    12088    74284 |    27107    19934     15 | 12.699 % |
|     997368 |     672    12088    74284 |    29818    17441     21 | 12.699 % |
|    1496156 |     672    12088    74284 |    32799    27347     15 | 12.699 % |
|    2244338 |     672    12088    74284 |    36079    21084     17 | 12.699 % |
|    3366612 |     672    12088    74284 |    39687    20303     14 | 12.699 % |
|    5050023 |     672    12088    74284 |    43656    33805     17 | 12.699 % |
|    7575139 |     672    12088    74284 |    48022    24029     16 | 12.699 % |
|   11362814 |     672    12088    74284 |    52824    34294     16 | 12.699 % |
|   17044326 |     672    12088    74284 |    58106    50570     16 | 12.699 % |
===============================================================================
restarts              : 25966
conflicts             : 17456949       (26211 /sec)
decisions             : 23065465       (0.00 % random) (34633 /sec)
propagations          : 480381079      (721289 /sec)
conflict literals     : 305204807      (7.59 % deleted)
Memory used           : 59.00 MB
CPU time              : 666.004 s

SATISFIABLE
