WARNING: for repeatability, setting FPU to use double precision
============================[ Problem Statistics ]=============================
|                                                                             |
|  Number of variables:          1408                                         |
|  Number of clauses:           18322                                         |
|  Parse time:                   0.01 s                                       |
|  Eliminated clauses:           0.01 Mb                                      |
|  Simplification time:          0.06 s                                       |
|                                                                             |
=============================[ Search Statistics ]==============================
| Conflicts  |          ORIGINAL         |          LEARNT          | Progress |
|            |    Vars  Clauses Literals |    Limit  Clauses Lit/Cl |          |
================================================================================
|        100 |     952    17138   105289 |     6283      100     12 | 11.932 % |
|        250 |     952    17138   105289 |     6912      250     13 | 11.932 % |
|        475 |     952    17138   105289 |     7603      475     14 | 11.932 % |
|        812 |     952    17138   105289 |     8363      812     13 | 11.932 % |
|       1318 |     952    17138   105289 |     9200     1318     13 | 11.932 % |
|       2077 |     952    17138   105289 |    10120     2077     14 | 11.932 % |
|       3216 |     952    17138   105289 |    11132     3216     14 | 11.932 % |
|       4924 |     952    17138   105289 |    12245     4924     15 | 11.932 % |
|       7486 |     952    17138   105289 |    13470     7486     15 | 11.932 % |
|      11330 |     952    17138   105289 |    14817    11330     15 | 11.932 % |
|      17096 |     952    17138   105289 |    16298     9363     14 | 11.932 % |
|      25745 |     952    17138   105289 |    17928     9755     14 | 11.932 % |
|      38719 |     952    17138   105289 |    19721    13657     15 | 11.932 % |
|      58180 |     952    17138   105289 |    21693    13211     14 | 11.932 % |
|      87372 |     952    17138   105289 |    23863    20254     15 | 11.932 % |
|     131161 |     952    17138   105289 |    26249    15772     15 | 11.932 % |
|     196845 |     952    17138   105289 |    28874    13454     15 | 11.932 % |
|     295371 |     952    17138   105289 |    31761    13517     15 | 11.932 % |
|     443160 |     952    17138   105289 |    34938    14169     15 | 11.932 % |
|     664843 |     952    17138   105289 |    38431    30942     15 | 11.932 % |
|     997368 |     952    17138   105289 |    42275    35577     16 | 11.932 % |
|    1496156 |     952    17138   105289 |    46502    21013     14 | 11.932 % |
|    2244338 |     952    17138   105289 |    51152    27902     15 | 11.932 % |
|    3366612 |     952    17138   105289 |    56268    49384     15 | 11.932 % |
|    5050023 |     952    17138   105289 |    61895    47926     18 | 11.932 % |
|    7575139 |     952    17138   105289 |    68084    47033     17 | 11.932 % |
|   11362814 |     952    17138   105289 |    74893    32140     20 | 11.932 % |
|   17044326 |     952    17138   105289 |    82382    44308     16 | 11.932 % |
===============================================================================
restarts              : 31273
conflicts             : 20640731       (26836 /sec)
decisions             : 28714092       (0.00 % random) (37333 /sec)
propagations          : 527278801      (685543 /sec)
conflict literals     : 357191745      (7.00 % deleted)
Memory used           : 84.00 MB
CPU time              : 769.14 s

SATISFIABLE
