WARNING: for repeatability, setting FPU to use double precision
============================[ Problem Statistics ]=============================
|                                                                             |
|  Number of variables:           608                                         |
|  Number of clauses:            7582                                         |
|  Parse time:                   0.01 s                                       |
|  Eliminated clauses:           0.01 Mb                                      |
|  Simplification time:          0.03 s                                       |
|                                                                             |
=============================[ Search Statistics ]==============================
| Conflicts  |          ORIGINAL         |          LEARNT          | Progress |
|            |    Vars  Clauses Literals |    Limit  Clauses Lit/Cl |          |
================================================================================
|        100 |     392     7038    43279 |     2580      100     14 | 14.474 % |
|        250 |     392     7038    43279 |     2838      250     13 | 14.474 % |
|        475 |     392     7038    43279 |     3122      475     15 | 14.474 % |
|        812 |     392     7038    43279 |     3434      812     15 | 14.474 % |
|       1318 |     392     7038    43279 |     3778     1318     16 | 14.474 % |
|       2077 |     392     7038    43279 |     4156     2077     15 | 14.474 % |
|       3216 |     392     7038    43279 |     4571     3216     15 | 14.474 % |
|       4924 |     392     7038    43279 |     5028     2535     15 | 14.474 % |
|       7486 |     392     7038    43279 |     5531     5097     15 | 14.474 % |
|      11330 |     392     7038    43279 |     6084     3274     14 | 14.474 % |
|      17096 |     392     7038    43279 |     6693     5917     15 | 14.474 % |
|      25745 |     392     7038    43279 |     7362     4192     14 | 14.474 % |
|      38719 |     392     7038    43279 |     8099     5851     16 | 14.474 % |
|      58180 |     392     7038    43279 |     8908     4665     14 | 14.474 % |
|      87372 |     392     7038    43279 |     9799     6554     16 | 14.474 % |
|     131161 |     392     7038    43279 |    10779     5601     14 | 14.474 % |
|     196845 |     392     7038    43279 |    11857     5609     16 | 14.474 % |
|     295371 |     392     7038    43279 |    13043     8098     14 | 14.474 % |
|     443160 |     392     7038    43279 |    14347    10492     14 | 14.474 % |
|     664843 |     392     7038    43279 |    15782     7426     14 | 14.474 % |
|     997368 |     392     7038    43279 |    17360    13191     15 | 14.474 % |
|    1496156 |     392     7038    43279 |    19097    12557     14 | 14.474 % |
|    2244338 |     392     7038    43279 |    21006    19073     16 | 14.474 % |
|    3366612 |     392     7038    43279 |    23107    19962     15 | 14.474 % |
|    5050023 |     392     7038    43279 |    25418    17111     15 | 14.474 % |
|    7575139 |     392     7038    43279 |    27960    23077     16 | 14.474 % |
|   11362814 |     392     7038    43279 |    30756    22021     16 | 14.474 % |
|   17044326 |     392     7038    43279 |    33831    28703     16 | 14.474 % |
|   25566595 |     392     7038    43279 |    37214    32952     18 | 14.474 % |
|   38349998 |     392     7038    43279 |    40936    20498     16 | 14.474 % |
===============================================================================
restarts              : 58364
conflicts             : 41882624       (25334 /sec)
decisions             : 52119001       (0.00 % random) (31525 /sec)
propagations          : 1226147508     (741664 /sec)
conflict literals     : 724723679      (9.36 % deleted)
Memory used           : 54.00 MB
CPU time              : 1653.24 s

SATISFIABLE
