WARNING: for repeatability, setting FPU to use double precision
============================[ Problem Statistics ]=============================
|                                                                             |
|  Number of variables:          1408                                         |
|  Number of clauses:           18322                                         |
|  Parse time:                   0.01 s                                       |
|  Eliminated clauses:           0.01 Mb                                      |
|  Simplification time:          0.06 s                                       |
|                                                                             |
=============================[ Search Statistics ]==============================
| Conflicts  |          ORIGINAL         |          LEARNT          | Progress |
|            |    Vars  Clauses Literals |    Limit  Clauses Lit/Cl |          |
================================================================================
|        100 |     952    17138   105289 |     6283      100     14 | 11.932 % |
|        250 |     952    17138   105289 |     6912      250     14 | 11.932 % |
|        475 |     952    17138   105289 |     7603      475     14 | 11.932 % |
|        812 |     952    17138   105289 |     8363      812     14 | 11.932 % |
|       1318 |     952    17138   105289 |     9200     1318     15 | 11.932 % |
|       2077 |     952    17138   105289 |    10120     2077     15 | 11.932 % |
|       3216 |     952    17138   105289 |    11132     3216     15 | 11.932 % |
|       4924 |     952    17138   105289 |    12245     4924     15 | 11.932 % |
|       7486 |     952    17138   105289 |    13470     7486     15 | 11.932 % |
|      11330 |     952    17138   105289 |    14817    11330     15 | 11.932 % |
|      17096 |     952    17138   105289 |    16298     9567     15 | 11.932 % |
|      25745 |     952    17138   105289 |    17928     9953     14 | 11.932 % |
|      38719 |     952    17138   105289 |    19721    13787     15 | 11.932 % |
|      58180 |     952    17138   105289 |    21693    13310     14 | 11.932 % |
|      87372 |     952    17138   105289 |    23863    20340     15 | 11.932 % |
|     131161 |     952    17138   105289 |    26249    15163     15 | 11.932 % |
|     196845 |     952    17138   105289 |    28874    14105     15 | 11.932 % |
|     295371 |     952    17138   105289 |    31761    17502     14 | 11.932 % |
|     443160 |     952    17138   105289 |    34938    20138     16 | 11.932 % |
|     664843 |     952    17138   105289 |    38431    16345     14 | 11.932 % |
|     997368 |     952    17138   105289 |    42275    18500     15 | 11.932 % |
|    1496156 |     952    17138   105289 |    46502    33225     15 | 11.932 % |
|    2244338 |     952    17138   105289 |    51152    41722     17 | 11.932 % |
|    3366612 |     952    17138   105289 |    56268    37361     15 | 11.932 % |
|    5050023 |     952    17138   105289 |    61895    30027     15 | 11.932 % |
|    7575139 |     952    17138   105289 |    68084    24126     15 | 11.932 % |
|   11362814 |     952    17138   105289 |    74893    65818     18 | 11.932 % |
|   17044326 |     952    17138   105289 |    82382    43151     15 | 11.932 % |
|   25566595 |     952    17138   105289 |    90620    33873     14 | 11.932 % |
|   38349998 |     952    17138   105289 |    99682    89325     17 | 11.932 % |
|   57525103 |     952    17138   105289 |   109650    36667     15 | 11.932 % |
===============================================================================
restarts              : 97912
conflicts             : 73657030       (17418 /sec)
decisions             : 96917526       (0.00 % random) (22919 /sec)
propagations          : 2377967724     (562329 /sec)
conflict literals     : 1333301977     (8.90 % deleted)
Memory used           : 175.00 MB
CPU time              : 4228.78 s

SATISFIABLE
