rn rc t sat cfs dec rts r1 mem ptime stime cfl r s
188 754 0.006998 1 264 287 3 11341 8.00 0.00 0.00 1920 1 1
188 754 0.003999 1 134 148 2 5032 8.00 0.00 0.00 1033 1 2
188 754 0.002999 1 103 123 2 3294 8.00 0.00 0.00 755 1 3
188 754 0.003999 1 223 247 3 8720 8.00 0.00 0.00 1551 1 4
188 754 0.003999 1 228 261 3 7164 8.00 0.00 0.00 1580 1 5
188 754 0.003999 1 155 180 2 5232 8.00 0.00 0.00 1050 1 6
188 754 0.000999 1 16 24 1 626 8.00 0.00 0.00 150 1 7
188 754 0.002999 1 175 207 2 5315 8.00 0.00 0.00 1288 1 8
188 754 0.002999 1 94 103 1 3980 8.00 0.00 0.00 717 1 9
188 754 0.002999 1 105 127 2 3305 8.00 0.00 0.00 853 1 10
188 754 0.001999 1 77 83 1 2947 8.00 0.00 0.00 557 1 11
188 754 0.004999 1 184 196 2 6561 8.00 0.00 0.00 1289 1 12
188 754 0.001999 1 17 24 1 789 8.00 0.00 0.00 162 1 13
188 754 0.001999 1 156 171 2 6784 8.00 0.00 0.00 1077 1 14
188 754 0.006998 1 268 295 3 10450 8.00 0.00 0.00 1943 1 15
188 754 0.002999 1 175 189 2 6758 8.00 0.00 0.00 1349 1 16
188 754 0.001999 1 187 204 2 6438 8.00 0.00 0.00 1460 1 17
188 754 0.002999 1 242 272 3 9676 8.00 0.00 0.00 1710 1 18
188 754 0.002999 1 35 43 1 1186 8.00 0.00 0.00 287 1 19
188 754 0.002999 1 147 160 2 5825 8.00 0.00 0.00 1093 1 20
328 1444 0.358945 1 21426 22752 77 1467934 8.00 0.00 0.00 251650 2 1
328 1444 0.085986 1 5322 5802 29 352610 8.00 0.00 0.00 68287 2 2
328 1444 0.026995 1 1503 1670 10 91769 8.00 0.00 0.00 19829 2 3
328 1444 0.214967 1 13148 14062 59 894991 8.00 0.00 0.00 160219 2 4
328 1444 0.030995 1 1769 2006 12 110043 8.00 0.00 0.00 22304 2 5
328 1444 0.054991 1 3335 3672 17 211080 8.00 0.00 0.00 42080 2 6
328 1444 0.116982 1 7455 7941 31 498576 8.00 0.00 0.00 93662 2 7
328 1444 0.022996 1 1532 1752 10 91283 8.00 0.00 0.00 19998 2 8
328 1444 0.419936 1 25970 27510 94 1713771 8.00 0.00 0.00 305120 2 9
328 1444 0.094985 1 6157 6656 30 402592 8.00 0.00 0.00 74489 2 10
328 1444 0.162975 1 10475 11267 46 673897 8.00 0.00 0.00 128573 2 11
328 1444 0.044993 1 2712 2980 15 177380 8.00 0.00 0.00 34110 2 12
328 1444 0.475927 1 28841 30505 104 1965641 8.00 0.00 0.00 329688 2 13
328 1444 0.372943 1 22390 23617 78 1555149 8.00 0.00 0.00 266843 2 14
328 1444 0.208968 1 12992 13871 58 885919 8.00 0.00 0.00 160445 2 15
328 1444 0.007998 1 302 344 3 16695 8.00 0.00 0.00 4235 2 16
328 1444 0.136979 1 8498 9231 35 564734 8.00 0.00 0.00 106177 2 17
328 1444 0.013997 1 689 823 6 36311 8.00 0.00 0.00 9214 2 18
328 1444 0.26296 1 16214 17295 63 1080423 8.00 0.00 0.00 195491 2 19
328 1444 0.005999 1 366 433 3 22914 8.00 0.00 0.00 5085 2 20
468 2134 0.021996 1 630 786 6 84222 8.00 0.00 0.00 11609 3 1
468 2134 5.42518 1 158718 167431 429 22156034 8.00 0.00 0.00 2726659 3 2
468 2134 0.118981 1 3738 4200 20 526312 8.00 0.00 0.00 70528 3 3
468 2134 2.33864 1 71240 75597 221 10038176 8.00 0.00 0.00 1247482 3 4
468 2134 0.610907 1 18429 19812 63 2685213 8.00 0.00 0.00 325138 3 5
468 2134 0.708892 1 21951 23555 78 3147784 8.00 0.00 0.00 403914 3 6
468 2134 2.35064 1 70904 75504 221 10052950 8.00 0.00 0.00 1240106 3 7
468 2134 2.90256 1 88186 93317 254 12328328 8.00 0.00 0.00 1561045 3 8
468 2134 0.085986 1 2733 3069 15 387683 8.00 0.00 0.00 51826 3 9
468 2134 1.48977 1 44571 47250 127 6331281 8.00 0.00 0.00 809142 3 10
468 2134 0.135979 1 4346 4820 22 622914 8.00 0.00 0.00 83541 3 11
468 2134 0.025996 1 688 840 6 94268 8.00 0.00 0.00 13570 3 12
468 2134 1.91171 1 58349 62183 187 8250093 8.00 0.00 0.00 1039269 3 13
468 2134 0.142978 1 4558 5093 24 653975 8.00 0.00 0.00 82869 3 14
468 2134 0.52092 1 16068 17300 63 2305374 8.00 0.00 0.00 286969 3 15
468 2134 7.71683 1 224665 235875 511 31529002 8.00 0.00 0.00 3752113 3 16
468 2134 4.65829 1 138472 146391 381 19454742 8.00 0.00 0.00 2413277 3 17
468 2134 1.37279 1 41559 44202 127 6006557 8.00 0.00 0.00 736221 3 18
468 2134 1.63875 1 50857 54194 157 7112534 8.00 0.00 0.00 888590 3 19
468 2134 0.78388 1 23958 25843 88 3516067 8.00 0.00 0.00 426640 3 20
608 2824 3.44747 1 75601 81664 239 15091476 8.00 0.00 0.00 1366544 4 1
608 2824 0.78688 1 18226 20013 63 3573708 8.00 0.00 0.00 334308 4 2
608 2824 0.122981 1 2890 3293 15 565742 8.00 0.00 0.00 52882 4 3
608 2824 6.40303 1 136380 146695 380 27123823 8.00 0.00 0.00 2459338 4 4
608 2824 0.529919 1 11934 13185 52 2464994 8.00 0.00 0.00 222579 4 5
608 2824 1.13183 1 25520 28035 93 5110102 8.00 0.00 0.00 476749 4 6
608 2824 1.05484 1 24178 26763 90 4690723 8.00 0.00 0.00 432623 4 7
608 2824 0.328949 1 7340 8092 31 1539559 8.00 0.00 0.00 133707 4 8
608 2824 0.948855 1 21597 23704 77 4275511 8.00 0.00 0.00 397021 4 9
608 2824 1.78473 1 39556 42911 127 8039213 8.00 0.00 0.00 731933 4 10
608 2824 5.13022 1 109436 117560 286 21577439 8.00 0.00 0.00 1959325 4 11
608 2824 2.14767 1 47207 50982 141 9592981 8.00 0.00 0.00 856898 4 12
608 2824 1.45278 1 32589 35538 123 6547019 8.00 0.00 0.00 614700 4 13
608 2824 1.68374 1 37276 40414 126 7514626 8.00 0.00 0.00 693935 4 14
608 2824 2.07968 1 46764 50755 140 9245305 8.00 0.00 0.00 838775 4 15
608 2824 2.10468 1 47223 51249 141 9391867 8.00 0.00 0.00 866861 4 16
608 2824 0.773882 1 16949 18416 63 3521570 8.00 0.00 0.00 299614 4 17
608 2824 3.83042 1 84509 91329 254 16617549 8.00 0.00 0.00 1547729 4 18
608 2824 3.67644 1 77812 84126 251 15981228 8.00 0.00 0.00 1413138 4 19
608 2824 0.583911 1 13186 14546 59 2716086 8.00 0.00 0.00 243041 4 20
748 3514 1.88671 1 34700 38465 125 8415839 8.00 0.00 0.00 611354 5 1
748 3514 0.132979 1 2503 2882 15 649128 8.00 0.00 0.00 39509 5 2
748 3514 1.3048 1 26526 29661 94 5872953 8.00 0.00 0.00 458562 5 3
748 3514 1.15282 1 22094 24724 78 5277797 8.00 0.00 0.00 372831 5 4
748 3514 15.2277 1 283868 311523 672 63926946 8.00 0.00 0.00 4646673 5 5
748 3514 5.50916 1 103810 114414 263 23839999 8.00 0.00 0.00 1723953 5 6
748 3514 8.39472 1 138625 150251 381 35717751 8.00 0.00 0.00 2424720 5 7
748 3514 0.744886 1 13772 15535 61 3422122 8.00 0.00 0.00 242777 5 8
748 3514 4.64629 1 90253 99889 255 20136979 8.00 0.00 0.00 1497800 5 9
748 3514 6.44402 1 118416 130661 317 27510939 8.00 0.00 0.00 1978723 5 10
748 3514 0.598908 1 12387 14197 53 2726726 8.00 0.00 0.00 220425 5 11
748 3514 11.4273 1 203973 223357 510 47584879 8.00 0.00 0.00 3457947 5 12
748 3514 0.187971 1 3388 3942 17 888617 8.00 0.00 0.00 56227 5 13
748 3514 6.28804 1 110245 120910 286 26928260 8.00 0.00 0.00 1855198 5 14
748 3514 0.493924 1 10032 11497 45 2273131 8.00 0.00 0.00 172682 5 15
748 3514 6.26505 1 125391 140308 336 26877699 8.00 0.00 0.00 2070790 5 16
748 3514 0.187971 1 3354 3925 17 894681 8.00 0.00 0.00 55745 5 17
748 3514 0.011998 1 160 212 2 37119 8.00 0.00 0.00 2940 5 18
748 3514 3.37249 1 65385 72579 198 14768687 8.00 0.00 0.00 1113187 5 19
748 3514 7.48286 1 136724 151819 380 31629708 8.00 0.00 0.00 2340840 5 20
888 4204 1.15382 1 20243 23160 70 5293565 8.00 0.00 0.00 330112 6 1
888 4204 5.30119 1 84615 93913 254 23338092 8.00 0.00 0.01 1377954 6 2
888 4204 0.037994 1 608 826 6 151895 8.00 0.00 0.01 9481 6 3
888 4204 4.78927 1 78472 88202 251 21315612 8.00 0.00 0.01 1363342 6 4
888 4204 1.50077 1 25736 29776 94 6735075 8.00 0.00 0.01 425327 6 5
888 4204 3.38848 1 53847 60860 165 15055961 8.00 0.00 0.00 891136 6 6
888 4204 0.052991 1 709 890 6 224517 8.00 0.00 0.01 11101 6 7
888 4204 21.6337 1 311437 341743 764 90937433 8.00 0.00 0.01 5031377 6 8
888 4204 4.00639 1 63732 71384 190 17973079 8.00 0.00 0.00 1029660 6 9
888 4204 6.26205 1 99010 110460 255 27611494 8.00 0.00 0.00 1648452 6 10
888 4204 1.57276 1 24391 27748 91 7356836 8.00 0.00 0.01 394113 6 11
888 4204 1.9507 1 28496 31951 102 8887091 8.00 0.00 0.01 496036 6 12
888 4204 7.66483 1 117137 130011 317 33711942 8.00 0.00 0.00 1888090 6 13
888 4204 2.22666 1 34549 39179 125 10074519 8.00 0.00 0.00 593623 6 14
888 4204 5.70613 1 92826 103704 255 25151570 8.00 0.00 0.01 1548686 6 15
888 4204 1.27581 1 20765 23508 73 5953425 8.00 0.00 0.01 332695 6 16
888 4204 5.45717 1 81415 90411 253 24079717 8.00 0.00 0.01 1391737 6 17
888 4204 5.30119 1 82046 90980 253 23483519 8.00 0.00 0.01 1386958 6 18
888 4204 1.53077 1 20764 22883 73 7323047 8.00 0.00 0.00 333553 6 19
888 4204 3.02454 1 46581 52448 138 13783148 8.00 0.00 0.00 757750 6 20
1028 4894 2.32065 1 26191 28633 94 11157161 8.00 0.00 0.00 387234 7 1
1028 4894 1.75573 1 24714 28215 92 8121357 8.00 0.00 0.00 406714 7 2
1028 4894 2.34064 1 26628 29225 94 11512970 8.00 0.00 0.00 383087 7 3
1028 4894 0.225965 1 2391 2785 14 1124451 8.00 0.00 0.01 36281 7 4
1028 4894 1.16082 1 12717 14187 56 5719524 8.00 0.00 0.01 187492 7 5
1028 4894 0.771882 1 8482 9457 35 3930327 8.00 0.00 0.00 118822 7 6
1028 4894 1.34979 1 16848 19330 63 6391283 8.00 0.00 0.00 284364 7 7
1028 4894 0.111982 1 1313 1671 9 541021 8.00 0.00 0.01 20668 7 8
1028 4894 0.26296 1 3153 3730 15 1282014 8.00 0.00 0.01 46518 7 9
1028 4894 2.72459 1 30792 33792 112 13138141 8.00 0.00 0.00 449375 7 10
1028 4894 0.249962 1 2634 3054 15 1239345 8.00 0.00 0.00 36982 7 11
1028 4894 0.055991 1 635 825 6 250702 8.00 0.00 0.01 9566 7 12
1028 4894 0.205968 1 2203 2518 14 1050235 8.00 0.00 0.00 29291 7 13
1028 4894 1.76173 1 19324 21221 64 8785624 8.00 0.00 0.00 259005 7 14
1028 4894 0.84987 1 9099 10106 38 4312549 8.00 0.00 0.00 125329 7 15
1028 4894 12.4201 1 160552 177299 441 54799738 8.00 0.00 0.00 2659102 7 16
1028 4894 9.41857 1 118024 130524 317 41891053 8.00 0.00 0.00 1908477 7 17
1028 4894 7.40987 1 84017 91942 254 34281496 8.00 0.00 0.01 1339379 7 18
1028 4894 4.92425 1 59673 66192 189 22529923 8.00 0.00 0.00 960746 7 19
1028 4894 5.21221 1 59619 65843 189 24000147 8.00 0.00 0.01 935251 7 20
1168 5584 0.25696 1 2212 2557 14 1307804 8.00 0.00 0.00 30552 8 1
1168 5584 17.6313 1 165889 179806 445 79870631 8.00 0.00 0.00 2482298 8 2
1168 5584 1.88771 1 17422 19094 63 9488650 8.00 0.00 0.01 251950 8 3
1168 5584 14.3198 1 128355 138039 349 65421543 8.00 0.00 0.01 1825097 8 4
1168 5584 4.36234 1 38831 41886 127 21377542 8.00 0.00 0.01 543354 8 5
1168 5584 7.2139 1 80389 89990 253 33410981 8.00 0.00 0.00 1336667 8 6
1168 5584 3.59945 1 29973 32105 109 18022076 8.00 0.00 0.00 374036 8 7
1168 5584 0.537918 1 5261 6011 29 2618266 8.00 0.00 0.00 91512 8 8
1168 5584 3.68944 1 33074 35963 124 17804533 8.00 0.00 0.01 455112 8 9
1168 5584 2.55961 1 20736 22072 73 13087841 8.00 0.00 0.01 255744 8 10
1168 5584 8.63869 1 79961 86453 252 41432739 8.00 0.00 0.00 1189232 8 11
1168 5584 0.749886 1 6688 7490 31 3867008 8.00 0.00 0.01 98766 8 12
1168 5584 1.21081 1 11026 12381 46 6210887 8.00 0.00 0.01 152740 8 13
1168 5584 5.02623 1 45191 48372 130 24684361 8.00 0.00 0.00 615089 8 14
1168 5584 1.65575 1 15419 17030 62 8432291 8.00 0.00 0.00 219022 8 15
1168 5584 4.29035 1 47136 52875 141 20183427 8.00 0.00 0.01 730410 8 16
1168 5584 0.206968 1 1906 2222 13 1031891 8.00 0.00 0.00 26827 8 17
1168 5584 7.71883 1 84126 93228 254 35490420 8.00 0.00 0.00 1380697 8 18
1168 5584 4.75328 1 42463 46224 127 22421307 8.00 0.00 0.00 606397 8 19
1168 5584 4.32334 1 43583 48720 127 20788659 8.00 0.01 0.01 687215 8 20
1308 6274 5.81012 1 41301 43607 127 29979283 9.00 0.00 0.01 483733 9 1
1308 6274 8.63069 1 71861 77850 221 41603912 9.00 0.00 0.01 1068361 9 2
1308 6274 20.3539 1 164951 176936 445 93867925 9.00 0.00 0.00 2390608 9 3
1308 6274 0.702893 1 5393 6021 29 3574886 9.00 0.01 0.01 70456 9 4
1308 6274 6.18806 1 49767 53646 153 29221777 9.00 0.00 0.01 768196 9 5
1308 6274 5.78812 1 42396 45082 127 28687658 9.00 0.00 0.01 562579 9 6
1308 6274 6.64699 1 52581 56511 158 32190923 9.00 0.00 0.01 721861 9 7
1308 6274 7.8828 1 55620 58561 173 40499593 9.00 0.00 0.01 649309 9 8
1308 6274 13.8999 1 125960 138185 340 63064372 9.00 0.00 0.00 2043463 9 9
1308 6274 16.8754 1 137057 147717 380 78452288 9.00 0.01 0.00 2017729 9 10
1308 6274 0.051992 1 489 618 4 221584 9.00 0.00 0.01 6724 9 11
1308 6274 0.970852 1 7182 7974 31 5028756 9.00 0.00 0.00 91951 9 12
1308 6274 2.39663 1 19109 20877 63 11779514 9.00 0.00 0.01 274309 9 13
1308 6274 1.52277 1 10986 11921 46 7898872 9.00 0.00 0.01 138681 9 14
1308 6274 4.83427 1 36686 39519 126 23463035 9.00 0.00 0.01 485239 9 15
1308 6274 9.8865 1 77918 84468 251 46641925 9.00 0.00 0.00 1162300 9 16
1308 6274 5.81512 1 41078 43464 127 29665106 9.00 0.00 0.01 484179 9 17
1308 6274 7.46886 1 53788 57366 165 36734789 9.00 0.00 0.01 669818 9 18
1308 6274 15.5546 1 134012 145442 371 72939160 9.00 0.00 0.01 2077978 9 19
1308 6274 0.799878 1 5676 6231 30 4182194 9.00 0.00 0.00 69903 9 20
1448 6964 8.69868 1 56183 59638 174 44895927 9.00 0.00 0.01 675332 10 1
1448 6964 3.22051 1 21008 22772 75 16182802 9.00 0.00 0.01 273890 10 2
1448 6964 1.36379 1 8693 9446 37 7028670 9.00 0.00 0.01 105940 10 3
1448 6964 4.06938 1 26118 27926 94 20227208 9.00 0.00 0.01 327823 10 4
1448 6964 5.64514 1 37372 40154 126 28771715 9.00 0.01 0.01 480110 10 5
1448 6964 5.65914 1 35126 37213 125 29311833 9.00 0.00 0.01 414865 10 6
1448 6964 18.3902 1 118494 124884 317 92109655 9.00 0.00 0.01 1369631 10 7
1448 6964 0.744886 1 4733 5197 25 3919659 9.00 0.00 0.00 58263 10 8
1448 6964 1.02184 1 6562 7170 31 5377339 9.00 0.00 0.01 80400 10 9
1448 6964 3.3025 1 20750 22088 73 17294773 9.00 0.00 0.01 245702 10 10
1448 6964 0.992849 1 7053 7919 31 5115019 9.00 0.00 0.00 96544 10 11
1448 6964 0.468928 1 3079 3421 15 2485374 9.00 0.00 0.01 39159 10 12
1448 6964 4.10938 1 26074 27859 94 20778710 9.00 0.01 0.01 330487 10 13
1448 6964 9.42257 1 66533 71743 205 47104513 9.00 0.00 0.01 915478 10 14
1448 6964 18.1872 1 112120 116931 296 92740350 9.00 0.00 0.01 1204769 10 15
1448 6964 14.5188 1 92247 96925 255 72499968 9.00 0.00 0.01 1121032 10 16
1448 6964 15.3617 1 99397 103836 255 78189596 9.00 0.00 0.01 1155360 10 17
1448 6964 1.14583 1 7366 7999 31 5914211 9.00 0.01 0.01 92238 10 18
1448 6964 0.074988 1 573 757 5 331268 9.00 0.01 0.01 8562 10 19
1448 6964 1.3198 1 8335 8969 34 7007209 9.00 0.01 0.01 103070 10 20
1588 7654 19.2911 1 107254 111776 280 99209149 9.00 0.00 0.01 1158731 11 1
1588 7654 0.017997 1 84 154 1 35778 9.00 0.00 0.01 1705 11 2
1588 7654 8.00878 1 48908 52614 149 40442372 9.00 0.00 0.01 617032 11 3
1588 7654 1.18882 1 6853 7540 31 6196044 9.00 0.00 0.01 88013 11 4
1588 7654 3.35249 1 18858 19933 63 17654371 9.00 0.00 0.01 219413 11 5
1588 7654 10.5654 1 59401 62491 189 54784336 9.00 0.00 0.01 681558 11 6
1588 7654 3.05154 1 17368 18677 63 15895264 9.00 0.00 0.01 210111 11 7
1588 7654 4.6333 1 26374 28121 94 24058932 9.00 0.00 0.01 313194 11 8
1588 7654 0.159975 1 1243 1513 8 782996 9.00 0.01 0.01 16982 11 9
1588 7654 26.6399 1 216808 243145 511 122235035 9.00 0.00 0.01 3491134 11 10
1588 7654 7.01093 1 39397 41751 127 36292595 9.00 0.01 0.01 448073 11 11
1588 7654 1.69774 1 9668 10498 42 8922309 9.00 0.00 0.01 116766 11 12
1588 7654 4.45532 1 25408 27105 93 23260729 9.00 0.00 0.01 302329 11 13
1588 7654 2.27465 1 13580 14833 60 11719226 9.00 0.01 0.01 174738 11 14
1588 7654 1.9697 1 13305 14927 60 10037348 9.00 0.01 0.01 199435 11 15
1588 7654 4.91825 1 27548 29249 97 25691614 9.00 0.01 0.01 320511 11 16
1588 7654 2.36564 1 15483 17106 62 12214757 9.00 0.01 0.01 215357 11 17
1588 7654 1.66475 1 9440 10193 41 8684832 9.00 0.01 0.01 113370 11 18
1588 7654 9.66853 1 53915 56710 165 50392331 9.00 0.01 0.01 612340 11 19
1588 7654 4.30434 1 25413 27531 93 22051817 9.00 0.01 0.01 312761 11 20
1728 8344 5.12222 1 26744 28822 94 26666864 9.00 0.00 0.01 317907 12 1
1728 8344 1.79073 1 9955 11304 44 8579124 9.00 0.01 0.01 136371 12 2
1728 8344 1.84472 1 9685 10486 42 9606747 9.00 0.00 0.01 119847 12 3
1728 8344 43.4174 1 287865 318255 691 194422363 9.00 0.00 0.01 4358148 12 4
1728 8344 3.65344 1 18609 19769 63 19215719 9.00 0.01 0.01 217853 12 5
1728 8344 1.36279 1 7299 8041 31 7184421 9.00 0.00 0.01 88415 12 6
1728 8344 9.62254 1 48237 50656 144 50218376 9.00 0.01 0.01 542428 12 7
1728 8344 3.78242 1 19706 21008 67 19775208 9.00 0.01 0.01 229004 12 8
1728 8344 1.35979 1 7155 7856 31 7103400 9.00 0.01 0.01 87901 12 9
1728 8344 1.83872 1 9410 10093 40 9637922 9.00 0.01 0.01 112687 12 10
1728 8344 8.62569 1 46815 49660 140 42895141 9.00 0.01 0.01 557180 12 11
1728 8344 2.66859 1 14183 15721 61 13777613 9.00 0.00 0.01 175277 12 12
1728 8344 0.410937 1 2324 2826 14 2155226 9.00 0.01 0.01 28536 12 13
1728 8344 7.59685 1 38672 41131 127 39701175 9.00 0.00 0.01 443702 12 14
1728 8344 0.674897 1 3866 4470 21 3553876 9.00 0.01 0.01 48867 12 15
1728 8344 1.13383 1 6012 6663 30 5897820 9.00 0.00 0.01 75234 12 16
1728 8344 12.0212 1 65223 69301 197 60075089 9.00 0.01 0.01 783000 12 17
1728 8344 1.24381 1 6422 7135 31 6591328 9.00 0.00 0.01 78988 12 18
1728 8344 6.74897 1 34808 37077 125 34083251 9.00 0.00 0.01 409736 12 19
1728 8344 3.20551 1 16634 17944 63 16794413 9.00 0.01 0.01 202263 12 20
1868 9034 3.48847 1 16026 17043 62 18647981 9.00 0.00 0.01 185630 13 1
1868 9034 1.27581 1 6507 7175 31 6683328 9.00 0.00 0.01 83125 13 2
1868 9034 5.04423 1 23809 25356 87 26603530 9.00 0.00 0.01 277461 13 3
1868 9034 2.92156 1 13757 14711 61 15487680 9.00 0.01 0.01 163126 13 4
1868 9034 6.29104 1 29118 30924 107 33243517 9.00 0.00 0.01 340581 13 5
1868 9034 18.0403 1 82977 86749 253 94889249 9.00 0.01 0.01 901779 13 6
1868 9034 5.29719 1 24612 26187 92 28009243 9.00 0.00 0.01 288901 13 7
1868 9034 0.045993 1 355 466 3 183751 9.00 0.00 0.01 4967 13 8
1868 9034 6.44502 1 29967 31731 109 33445883 9.00 0.00 0.01 345189 13 9
1868 9034 5.19421 1 24100 25639 89 27322662 9.00 0.00 0.01 281940 13 10
1868 9034 17.7223 1 82015 86256 253 91979706 9.00 0.00 0.01 912830 13 11
1868 9034 2.51162 1 11695 12492 50 13386149 9.00 0.00 0.01 137097 13 12
1868 9034 0.976851 1 4611 5022 25 5263657 9.00 0.00 0.01 54723 13 13
1868 9034 2.82757 1 14114 15420 61 14523508 9.00 0.00 0.01 176899 13 14
1868 9034 15.8606 1 73561 77316 231 82312504 9.00 0.01 0.01 829147 13 15
1868 9034 6.69098 1 31082 32981 115 35333159 9.00 0.01 0.01 358080 13 16
1868 9034 0.934857 1 4485 4961 23 5041684 9.00 0.00 0.01 54409 13 17
1868 9034 3.9504 1 18867 20166 63 20374969 9.00 0.00 0.01 220520 13 18
1868 9034 1.65275 1 7811 8373 31 8811667 9.00 0.00 0.01 92502 13 19
1868 9034 2.56661 1 12147 13101 53 13601616 9.00 0.00 0.01 146438 13 20
2008 9724 7.09192 1 31162 33176 115 37697009 9.00 0.00 0.01 363503 14 1
2008 9724 9.2096 1 42799 46051 127 44315846 9.00 0.01 0.01 517100 14 2
2008 9724 21.8707 1 95707 100507 255 113209190 9.00 0.01 0.01 1073412 14 3
2008 9724 0.066989 1 505 683 5 288704 9.00 0.00 0.01 6771 14 4
2008 9724 0.615906 1 2887 3258 15 3279114 9.00 0.01 0.01 35158 14 5
2008 9724 2.6066 1 11544 12447 49 13974455 9.00 0.01 0.01 136316 14 6
2008 9724 0.32495 1 1659 1972 11 1710551 9.00 0.00 0.01 20720 14 7
2008 9724 3.46747 1 15104 16296 62 18463620 9.00 0.00 0.01 179697 14 8
2008 9724 17.9823 1 78788 83263 252 93531332 9.00 0.01 0.01 889759 14 9
2008 9724 7.72382 1 33879 36320 125 41092984 9.00 0.01 0.01 397907 14 10
2008 9724 0.733888 1 3378 3721 17 3929942 9.00 0.01 0.01 41842 14 11
2008 9724 1.71774 1 7675 8404 31 9092691 9.00 0.01 0.01 94968 14 12
2008 9724 5.20021 1 22746 24234 81 27778683 9.00 0.01 0.01 268518 14 13
2008 9724 0.792879 1 3647 4055 19 4250161 9.00 0.01 0.01 44479 14 14
2008 9724 0.623905 1 2930 3318 15 3335759 9.00 0.01 0.01 37099 14 15
2008 9724 4.10138 1 18479 19845 63 21578295 9.00 0.01 0.01 221421 14 16
2008 9724 3.69244 1 16113 17233 63 19826651 9.00 0.00 0.01 185882 14 17
2008 9724 19.813 1 85649 90376 254 102580744 9.00 0.00 0.01 956802 14 18
2008 9724 16.2115 1 69358 73569 219 84471578 9.00 0.01 0.01 779638 14 19
2008 9724 5.69513 1 24567 26171 92 30148790 9.00 0.01 0.01 286592 14 20
2148 10414 14.3588 1 57064 59830 180 76162304 9.00 0.01 0.01 630768 15 1
2148 10414 5.33019 1 21149 22411 76 28369563 9.00 0.01 0.01 244941 15 2
2148 10414 6.34004 1 25331 27046 93 33112068 9.00 0.01 0.01 294747 15 3
2148 10414 0.680896 1 2893 3182 15 3602426 9.00 0.01 0.01 34891 15 4
2148 10414 6.66399 1 26440 27992 94 35029125 9.00 0.01 0.01 306619 15 5
2148 10414 5.29519 1 21470 23036 77 27936442 9.00 0.01 0.01 250837 15 6
2148 10414 2.14667 1 8602 9330 36 11455934 9.00 0.00 0.01 104446 15 7
2148 10414 14.2658 1 56766 59628 179 75035529 9.00 0.01 0.01 637804 15 8
2148 10414 3.79742 1 15070 16067 62 20376363 9.00 0.00 0.01 172826 15 9
2148 10414 9.8465 1 38883 40884 127 52706091 9.00 0.01 0.01 439014 15 10
2148 10414 5.14922 1 20458 21516 71 27376409 9.00 0.01 0.01 236431 15 11
2148 10414 8.84366 1 36706 39400 126 45757156 9.00 0.01 0.01 433680 15 12
2148 10414 8.84666 1 35266 37570 125 46579964 9.00 0.01 0.01 404571 15 13
2148 10414 17.4473 1 68777 71809 215 92411948 9.00 0.01 0.01 750265 15 14
2148 10414 13.178 1 52692 55664 158 69474000 9.00 0.01 0.01 595552 15 15
2148 10414 13.477 1 53000 55574 160 70934796 9.00 0.00 0.01 595158 15 16
2148 10414 1.19382 1 5356 6068 29 6232233 9.00 0.01 0.01 66757 15 17
2148 10414 6.78297 1 27205 29116 94 35880433 9.00 0.01 0.01 319644 15 18
2148 10414 13.413 1 53128 55839 161 70743679 9.00 0.01 0.01 598237 15 19
2148 10414 6.08807 1 23789 25212 87 32563353 9.00 0.01 0.01 271598 15 20
2288 11104 3.77343 1 14546 15882 62 19899292 9.00 0.01 0.01 180717 16 1
2288 11104 8.12576 1 30806 32787 112 42483472 9.00 0.01 0.01 358894 16 2
2288 11104 8.03178 1 29750 31857 109 42131015 9.00 0.01 0.01 347326 16 3
2288 11104 2.93355 1 11900 13389 52 14794946 9.00 0.01 0.01 148516 16 4
2288 11104 0.266959 1 1268 1592 8 1373600 9.00 0.01 0.01 19239 16 5
2288 11104 2.13468 1 8108 8709 32 11355920 9.00 0.01 0.01 95984 16 6
2288 11104 3.3175 1 12375 13384 53 17860444 9.00 0.01 0.01 150151 16 7
2288 11104 9.90149 1 36204 38124 126 52202225 9.00 0.01 0.01 418880 16 8
2288 11104 1.3358 1 5184 5805 28 6892498 9.00 0.01 0.01 66463 16 9
2288 11104 3.54746 1 13734 15204 61 18529372 9.00 0.01 0.01 172161 16 10
2288 11104 4.29835 1 16045 17245 63 22852175 9.00 0.00 0.01 191642 16 11
2288 11104 2.33564 1 8915 9812 38 12494648 9.00 0.01 0.01 109060 16 12
2288 11104 3.2955 1 12267 13341 53 17507053 9.00 0.01 0.01 147873 16 13
2288 11104 5.79912 1 21726 23160 78 30605530 9.00 0.00 0.01 250425 16 14
2288 11104 10.1125 1 38164 40214 126 53042361 9.00 0.01 0.01 440743 16 15
2288 11104 0.236963 1 988 1177 7 1203652 9.00 0.01 0.01 14370 16 16
2288 11104 4.6333 1 17881 19465 63 24504834 9.00 0.00 0.01 215463 16 17
2288 11104 0.637903 1 2422 2708 15 3357982 9.00 0.01 0.01 31388 16 18
2288 11104 7.17191 1 26577 28036 94 38492893 9.00 0.01 0.01 305571 16 19
2288 11104 10.7444 1 39743 42097 127 56516640 9.00 0.01 0.01 448839 16 20
2428 11794 12.95 1 45166 47472 130 68222420 9.00 0.01 0.01 498850 17 1
2428 11794 6.25005 1 21773 23042 78 33291935 9.00 0.00 0.01 252647 17 2
2428 11794 0.313952 1 1194 1377 7 1585152 9.00 0.01 0.01 14702 17 3
2428 11794 2.27965 1 8096 8922 32 12317280 9.00 0.00 0.01 93473 17 4
2428 11794 3.67244 1 12693 13691 56 19533245 9.00 0.01 0.01 148530 17 5
2428 11794 2.5926 1 9107 9929 38 13734783 9.00 0.01 0.01 107798 17 6
2428 11794 11.3853 1 39882 41824 127 59766639 9.00 0.01 0.01 453194 17 7
2428 11794 1.70874 1 6730 7651 31 8493763 9.00 0.01 0.01 88821 17 8
2428 11794 3.9594 1 13812 14779 61 21062060 9.00 0.01 0.01 165289 17 9
2428 11794 5.83811 1 20012 21219 69 31044508 9.00 0.00 0.01 229823 17 10
2428 11794 10.2114 1 35577 37742 126 54588887 9.00 0.01 0.01 409694 17 11
2428 11794 12.3661 1 43465 45891 127 64735036 9.00 0.01 0.01 482391 17 12
2428 11794 5.48616 1 19116 20298 63 28867746 9.00 0.01 0.01 218685 17 13
2428 11794 2.21266 1 8157 8999 33 11555997 9.00 0.01 0.01 100912 17 14
2428 11794 27.0349 1 95872 101001 255 141515365 9.00 0.01 0.01 1033757 17 15
2428 11794 9.2406 1 34478 37435 125 45726098 9.00 0.01 0.01 420837 17 16
2428 11794 18.1592 1 62435 65260 190 95983351 9.00 0.01 0.01 688473 17 17
2428 11794 2.6516 1 9311 10036 39 14090328 9.00 0.01 0.01 110159 17 18
2428 11794 6.97194 1 24767 26369 92 36311428 9.00 0.01 0.01 289040 17 19
2428 11794 3.44248 1 12013 12949 52 18174502 9.00 0.01 0.01 144017 17 20
2568 12484 9.75852 1 32046 33941 119 52254231 9.00 0.01 0.01 365311 18 1
2568 12484 14.6988 1 49342 51811 150 77121955 9.00 0.01 0.01 554252 18 2
2568 12484 19.794 1 65010 68187 197 105075770 9.00 0.01 0.01 711771 18 3
2568 12484 12.6941 1 41598 43770 127 68222501 9.00 0.01 0.01 472146 18 4
2568 12484 24.9902 1 81599 85619 253 131838524 9.00 0.01 0.01 879841 18 5
2568 12484 20.2349 1 66960 70028 205 108720900 9.00 0.01 0.01 739315 18 6
2568 12484 11.2753 1 36845 38816 126 60822313 9.00 0.01 0.01 415201 18 7
2568 12484 5.86111 1 19224 20340 63 31365450 9.00 0.01 0.01 219944 18 8
2568 12484 3.65844 1 12062 12912 53 19754645 9.00 0.01 0.01 141276 18 9
2568 12484 7.97879 1 26333 27903 94 41549246 9.00 0.01 0.01 306205 18 10
2568 12484 6.63699 1 22809 24332 81 34334145 9.00 0.01 0.01 262236 18 11
2568 12484 16.0826 1 53002 55851 160 84285939 9.00 0.01 0.01 583721 18 12
2568 12484 6.78997 1 22373 23741 78 36262898 9.00 0.01 0.01 260499 18 13
2568 12484 8.14076 1 26654 28121 94 43572436 9.00 0.01 0.01 307412 18 14
2568 12484 24.6573 1 81471 85214 253 127678797 9.00 0.01 0.01 885546 18 15
2568 12484 10.2464 1 33607 35741 124 54716924 9.00 0.01 0.01 388524 18 16
2568 12484 8.07377 1 27025 28716 94 42606248 9.00 0.01 0.01 309993 18 17
2568 12484 0.443932 1 1572 1815 10 2318635 9.00 0.01 0.01 19722 18 18
2568 12484 25.0032 1 81718 85480 253 133707616 9.00 0.01 0.01 869434 18 19
2568 12484 4.55031 1 14904 16043 62 24463648 9.00 0.01 0.01 175264 18 20
2708 13174 13.4909 1 43187 46083 127 67577550 9.00 0.01 0.01 496119 19 1
2708 13174 4.11137 1 13687 15101 61 21187617 9.00 0.01 0.01 172119 19 2
2708 13174 28.6836 1 91407 96154 255 146505610 9.00 0.01 0.01 984929 19 3
2708 13174 9.43956 1 29983 32118 109 48217631 9.00 0.01 0.01 357161 19 4
2708 13174 6.552 1 21104 22617 76 34361515 9.00 0.01 0.01 250088 19 5
2708 13174 8.33473 1 26127 27861 94 43364878 9.00 0.01 0.01 305680 19 6
2708 13174 0.545917 1 2122 2473 14 2849649 9.00 0.01 0.01 28893 19 7
2708 13174 12.5891 1 39878 42283 127 64803953 9.00 0.01 0.01 454515 19 8
2708 13174 19.42 1 62983 66937 190 99143323 9.00 0.00 0.01 711747 19 9
2708 13174 7.76782 1 26214 28399 94 38841864 9.00 0.01 0.01 311291 19 10
2708 13174 7.41087 1 24235 26147 90 39419831 9.00 0.01 0.01 289383 19 11
2708 13174 9.72952 1 30357 32193 109 51078901 9.00 0.01 0.01 350240 19 12
2708 13174 1.56976 1 6060 7183 30 8094589 9.00 0.01 0.01 88793 19 13
2708 13174 8.36273 1 26526 28195 94 43548328 9.00 0.01 0.01 310000 19 14
2708 13174 2.29865 1 7601 8446 31 11683738 9.00 0.01 0.01 92905 19 15
2708 13174 11.5252 1 36313 38577 126 59765007 9.00 0.01 0.01 418637 19 16
2708 13174 13.145 1 41369 43767 127 69989325 9.00 0.01 0.01 470250 19 17
2708 13174 18.9261 1 62431 66106 190 96151318 9.00 0.01 0.01 690029 19 18
2708 13174 6.75597 1 21592 23168 77 35066489 9.00 0.01 0.01 246530 19 19
2708 13174 2.42763 1 8306 9290 34 12468585 9.00 0.01 0.01 104178 19 20
2848 13864 10.8414 1 32312 34495 122 57803615 9.00 0.01 0.01 383226 20 1
2848 13864 0.578911 1 1890 2131 13 3052344 9.00 0.01 0.01 24253 20 2
2848 13864 3.83442 1 11995 13053 52 20064361 9.00 0.01 0.01 147812 20 3
2848 13864 9.2326 1 29133 31353 107 49042599 9.00 0.01 0.01 372106 20 4
2848 13864 24.2803 1 77930 82897 251 127591817 9.00 0.01 0.01 970227 20 5
2848 13864 8.06777 1 23915 25590 88 42897978 9.00 0.01 0.01 282097 20 6
2848 13864 7.09492 1 21088 22544 76 37377487 9.00 0.01 0.01 249711 20 7
2848 13864 8.33673 1 26549 28911 94 44489885 9.00 0.01 0.01 338816 20 8
2848 13864 11.4803 1 34541 36619 125 61418917 9.00 0.01 0.01 404647 20 9
2848 13864 18.9821 1 64421 69200 193 94279521 9.00 0.01 0.01 740565 20 10
2848 13864 16.7195 1 49029 51466 149 88819408 9.00 0.01 0.01 537969 20 11
2848 13864 18.7122 1 57281 60621 180 95340889 9.00 0.01 0.01 650182 20 12
2848 13864 0.91686 1 3056 3448 15 4905668 9.00 0.01 0.01 40281 20 13
2848 13864 11.0013 1 37214 40426 126 58042234 9.00 0.01 0.01 484038 20 14
2848 13864 4.5923 1 14371 15637 61 24088477 9.00 0.01 0.01 178716 20 15
2848 13864 6.97394 1 22130 23972 78 36975993 9.00 0.01 0.01 273568 20 16
2848 13864 13.5859 1 40853 43172 127 70534689 9.00 0.01 0.01 463092 20 17
2848 13864 4.47332 1 13893 15127 61 23807165 9.00 0.01 0.01 171298 20 18
2848 13864 20.2549 1 60257 63355 189 108689234 9.00 0.01 0.01 673676 20 19
2848 13864 23.2865 1 77855 83111 251 116028327 9.00 0.01 0.01 886031 20 20
