WARNING: for repeatability, setting FPU to use double precision
============================[ Problem Statistics ]=============================
|                                                                             |
|  Number of variables:          1008                                         |
|  Number of clauses:           12952                                         |
|  Parse time:                   0.01 s                                       |
|  Eliminated clauses:           0.01 Mb                                      |
|  Simplification time:          0.04 s                                       |
|                                                                             |
=============================[ Search Statistics ]==============================
| Conflicts  |          ORIGINAL         |          LEARNT          | Progress |
|            |    Vars  Clauses Literals |    Limit  Clauses Lit/Cl |          |
================================================================================
|        100 |     672    12088    74284 |     4432      100     10 | 12.699 % |
|        250 |     672    12088    74284 |     4875      250     13 | 12.699 % |
|        475 |     672    12088    74284 |     5363      475     14 | 12.699 % |
|        812 |     672    12088    74284 |     5899      812     15 | 12.699 % |
|       1318 |     672    12088    74284 |     6489     1318     14 | 12.699 % |
|       2077 |     672    12088    74284 |     7138     2077     14 | 12.699 % |
|       3216 |     672    12088    74284 |     7852     3216     16 | 12.699 % |
|       4924 |     672    12088    74284 |     8637     4924     15 | 12.699 % |
|       7486 |     672    12088    74284 |     9500     7486     15 | 12.699 % |
|      11330 |     672    12088    74284 |    10451     6501     14 | 12.699 % |
|      17096 |     672    12088    74284 |    11496     6933     14 | 12.699 % |
|      25745 |     672    12088    74284 |    12645     9571     15 | 12.699 % |
|      38719 |     672    12088    74284 |    13910     9739     14 | 12.699 % |
|      58180 |     672    12088    74284 |    15301     8008     14 | 12.699 % |
|      87372 |     672    12088    74284 |    16831    13905     15 | 12.699 % |
|     131161 |     672    12088    74284 |    18514    14930     14 | 12.699 % |
|     196845 |     672    12088    74284 |    20366    14829     15 | 12.699 % |
|     295371 |     672    12088    74284 |    22402    20385     15 | 12.699 % |
|     443160 |     672    12088    74284 |    24643    21064     16 | 12.699 % |
|     664843 |     672    12088    74284 |    27107    17803     14 | 12.699 % |
|     997368 |     672    12088    74284 |    29818    17881     15 | 12.699 % |
|    1496156 |     672    12088    74284 |    32799    20035     14 | 12.699 % |
|    2244338 |     672    12088    74284 |    36079    29039     16 | 12.699 % |
|    3366612 |     672    12088    74284 |    39687    32166     15 | 12.699 % |
|    5050023 |     672    12088    74284 |    43656    32509     17 | 12.699 % |
|    7575139 |     672    12088    74284 |    48022    20971     16 | 12.699 % |
|   11362814 |     672    12088    74284 |    52824    34808     24 | 12.699 % |
|   17044326 |     672    12088    74284 |    58106    20907     14 | 12.699 % |
|   25566595 |     672    12088    74284 |    63917    40212     16 | 12.699 % |
|   38349998 |     672    12088    74284 |    70309    28969     15 | 12.699 % |
===============================================================================
restarts              : 70982
conflicts             : 55570388       (19148 /sec)
decisions             : 70559673       (0.00 % random) (24312 /sec)
propagations          : 1785820186     (615333 /sec)
conflict literals     : 1008978234     (8.93 % deleted)
Memory used           : 121.00 MB
CPU time              : 2902.2 s

SATISFIABLE
