WARNING: for repeatability, setting FPU to use double precision
============================[ Problem Statistics ]=============================
|                                                                             |
|  Number of variables:           688                                         |
|  Number of clauses:            8656                                         |
|  Parse time:                   0.00 s                                       |
|  Eliminated clauses:           0.01 Mb                                      |
|  Simplification time:          0.03 s                                       |
|                                                                             |
=============================[ Search Statistics ]==============================
| Conflicts  |          ORIGINAL         |          LEARNT          | Progress |
|            |    Vars  Clauses Literals |    Limit  Clauses Lit/Cl |          |
================================================================================
|        100 |     448     8048    49480 |     2950      100     11 | 13.954 % |
|        250 |     448     8048    49480 |     3246      250     12 | 13.954 % |
|        475 |     448     8048    49480 |     3570      475     14 | 13.954 % |
|        812 |     448     8048    49480 |     3927      812     15 | 13.954 % |
|       1318 |     448     8048    49480 |     4320     1318     15 | 13.954 % |
|       2077 |     448     8048    49480 |     4752     2077     15 | 13.954 % |
|       3216 |     448     8048    49480 |     5227     3216     15 | 13.954 % |
|       4924 |     448     8048    49480 |     5750     4924     15 | 13.954 % |
|       7486 |     448     8048    49480 |     6325     4476     14 | 13.954 % |
|      11330 |     448     8048    49480 |     6958     5067     14 | 13.954 % |
|      17096 |     448     8048    49480 |     7653     3649     14 | 13.954 % |
|      25745 |     448     8048    49480 |     8419     4395     14 | 13.954 % |
|      38719 |     448     8048    49480 |     9261     4494     14 | 13.954 % |
|      58180 |     448     8048    49480 |    10187     5144     14 | 13.954 % |
|      87372 |     448     8048    49480 |    11206     8438     16 | 13.954 % |
|     131161 |     448     8048    49480 |    12326     6750     14 | 13.954 % |
|     196845 |     448     8048    49480 |    13559     9859     15 | 13.954 % |
|     295371 |     448     8048    49480 |    14915    12295     14 | 13.954 % |
|     443160 |     448     8048    49480 |    16406     9104     15 | 13.954 % |
|     664843 |     448     8048    49480 |    18047    15122     15 | 13.954 % |
|     997368 |     448     8048    49480 |    19852    10477     15 | 13.954 % |
|    1496156 |     448     8048    49480 |    21837    18546     14 | 13.954 % |
|    2244338 |     448     8048    49480 |    24021    18510     23 | 13.954 % |
|    3366612 |     448     8048    49480 |    26423    15472     14 | 13.954 % |
|    5050023 |     448     8048    49480 |    29065    18256     18 | 13.954 % |
|    7575139 |     448     8048    49480 |    31972    13836     18 | 13.954 % |
|   11362814 |     448     8048    49480 |    35169    26334     16 | 13.954 % |
===============================================================================
restarts              : 17948
conflicts             : 12231234       (32993 /sec)
decisions             : 15701094       (0.00 % random) (42353 /sec)
propagations          : 305853348      (825019 /sec)
conflict literals     : 208760704      (7.82 % deleted)
Memory used           : 37.00 MB
CPU time              : 370.723 s

SATISFIABLE
