WARNING: for repeatability, setting FPU to use double precision
============================[ Problem Statistics ]=============================
|                                                                             |
|  Number of variables:           768                                         |
|  Number of clauses:            9730                                         |
|  Parse time:                   0.01 s                                       |
|  Eliminated clauses:           0.01 Mb                                      |
|  Simplification time:          0.03 s                                       |
|                                                                             |
=============================[ Search Statistics ]==============================
| Conflicts  |          ORIGINAL         |          LEARNT          | Progress |
|            |    Vars  Clauses Literals |    Limit  Clauses Lit/Cl |          |
================================================================================
|        100 |     504     9058    55681 |     3321      100     11 | 13.542 % |
|        250 |     504     9058    55681 |     3653      250     14 | 13.542 % |
|        475 |     504     9058    55681 |     4018      475     15 | 13.542 % |
|        812 |     504     9058    55681 |     4420      812     14 | 13.542 % |
|       1318 |     504     9058    55681 |     4862     1318     14 | 13.542 % |
|       2077 |     504     9058    55681 |     5348     2077     14 | 13.542 % |
|       3216 |     504     9058    55681 |     5883     3216     15 | 13.542 % |
|       4924 |     504     9058    55681 |     6472     4924     15 | 13.542 % |
|       7486 |     504     9058    55681 |     7119     4161     15 | 13.542 % |
|      11330 |     504     9058    55681 |     7831     4329     15 | 13.542 % |
|      17096 |     504     9058    55681 |     8614     6086     14 | 13.542 % |
|      25745 |     504     9058    55681 |     9475     5976     14 | 13.542 % |
|      38719 |     504     9058    55681 |    10423     9197     15 | 13.542 % |
|      58180 |     504     9058    55681 |    11465     7377     14 | 13.542 % |
|      87372 |     504     9058    55681 |    12612     7414     14 | 13.542 % |
|     131161 |     504     9058    55681 |    13873     6415     14 | 13.542 % |
|     196845 |     504     9058    55681 |    15261     8708     15 | 13.542 % |
|     295371 |     504     9058    55681 |    16787    14494     15 | 13.542 % |
|     443160 |     504     9058    55681 |    18465     9479     15 | 13.542 % |
|     664843 |     504     9058    55681 |    20312    16441     14 | 13.542 % |
|     997368 |     504     9058    55681 |    22343    10791     15 | 13.542 % |
|    1496156 |     504     9058    55681 |    24578    14079     14 | 13.542 % |
|    2244338 |     504     9058    55681 |    27036    19249     18 | 13.542 % |
|    3366612 |     504     9058    55681 |    29739    19944     14 | 13.542 % |
|    5050023 |     504     9058    55681 |    32713    21137     18 | 13.542 % |
|    7575139 |     504     9058    55681 |    35984    26968     21 | 13.542 % |
|   11362814 |     504     9058    55681 |    39583    27709     18 | 13.542 % |
|   17044326 |     504     9058    55681 |    43541    22391     18 | 13.542 % |
|   25566595 |     504     9058    55681 |    47895    19120     15 | 13.542 % |
|   38349998 |     504     9058    55681 |    52685    17109     14 | 13.542 % |
|   57525103 |     504     9058    55681 |    57954    19318     16 | 13.542 % |
===============================================================================
restarts              : 76500
conflicts             : 59232265       (20576 /sec)
decisions             : 73605020       (0.00 % random) (25569 /sec)
propagations          : 1872326426     (650399 /sec)
conflict literals     : 1054153586     (9.24 % deleted)
Memory used           : 88.00 MB
CPU time              : 2878.74 s

SATISFIABLE
