rn rc t sat cfs dec rts r1 mem ptime stime cfl r s
120 366 0.001999 1 7 13 1 189 8.00 0.00 0.00 30 1 1
120 366 0.000999 1 5 19 1 168 8.00 0.00 0.00 21 1 2
120 366 0 1 7 13 1 189 8.00 0.00 0.00 30 1 3
120 366 0.000999 1 36 51 1 642 8.00 0.00 0.00 133 1 4
120 366 0.000999 1 22 26 1 699 8.00 0.00 0.00 72 1 5
120 366 0.000999 1 61 69 1 1272 8.00 0.00 0.00 246 1 6
120 366 0 1 0 4 1 88 8.00 0.00 0.00 0 1 7
120 366 0 1 1 6 1 92 8.00 0.00 0.00 5 1 8
120 366 0.001999 1 19 26 1 331 8.00 0.00 0.00 83 1 9
120 366 0.001999 1 19 27 1 536 8.00 0.00 0.00 74 1 10
120 366 0.000999 1 5 12 1 196 8.00 0.00 0.00 22 1 11
120 366 0.000999 1 2 7 1 96 8.00 0.00 0.00 9 1 12
120 366 0.001999 1 25 37 1 549 8.00 0.00 0.00 99 1 13
120 366 0.001999 1 35 43 1 847 8.00 0.00 0.00 139 1 14
120 366 0 1 9 15 1 275 8.00 0.00 0.00 49 1 15
120 366 0.000999 1 37 43 1 775 8.00 0.00 0.00 131 1 16
120 366 0.001999 1 27 33 1 688 8.00 0.00 0.00 108 1 17
120 366 0.000999 1 14 21 1 281 8.00 0.00 0.00 65 1 18
120 366 0.000999 1 50 58 1 891 8.00 0.00 0.00 201 1 19
120 366 0.001999 1 9 13 1 231 8.00 0.00 0.00 38 1 20
192 668 0.003999 1 194 228 2 7309 8.00 0.00 0.00 1480 2 1
192 668 0.003999 1 147 169 2 5972 8.00 0.00 0.00 1176 2 2
192 668 0.004999 1 225 252 3 9601 8.00 0.00 0.00 1649 2 3
192 668 0.001999 1 142 180 2 4559 8.00 0.00 0.00 1110 2 4
192 668 0.006998 1 478 514 4 22098 8.00 0.00 0.00 2813 2 5
192 668 0.003999 1 149 176 2 5523 8.00 0.00 0.00 1265 2 6
192 668 0.002999 1 52 71 1 1712 8.00 0.00 0.00 387 2 7
192 668 0.005999 1 451 489 4 19806 8.00 0.00 0.00 3012 2 8
192 668 0.001999 1 33 47 1 1017 8.00 0.00 0.00 256 2 9
192 668 0.007998 1 486 524 4 20476 8.00 0.00 0.00 3262 2 10
192 668 0.002999 1 141 172 2 5031 8.00 0.00 0.00 1146 2 11
192 668 0.001999 1 167 195 2 6189 8.00 0.00 0.00 1337 2 12
192 668 0.003999 1 240 266 3 9737 8.00 0.00 0.00 1736 2 13
192 668 0.004999 1 298 335 3 14433 8.00 0.00 0.00 2088 2 14
192 668 0.005999 1 307 340 3 13836 8.00 0.00 0.00 2179 2 15
192 668 0.005999 1 265 303 3 9548 8.00 0.00 0.00 2008 2 16
192 668 0.004999 1 307 341 3 13732 8.00 0.00 0.00 2203 2 17
192 668 0.003999 1 103 128 2 3407 8.00 0.00 0.00 886 2 18
192 668 0.001999 1 4 15 1 221 8.00 0.00 0.00 22 2 19
192 668 0.004999 1 232 256 3 8828 8.00 0.00 0.00 1731 2 20
264 970 0.007998 1 256 311 3 15430 8.00 0.00 0.00 2978 3 1
264 970 0.094985 1 9340 10562 40 397803 8.00 0.00 0.00 92661 3 2
264 970 0.014997 1 1304 1562 9 58697 8.00 0.00 0.00 14528 3 3
264 970 0.099984 1 9372 10467 40 426571 8.00 0.00 0.00 92842 3 4
264 970 0.033994 1 3346 3864 17 132600 8.00 0.00 0.00 34699 3 5
264 970 0.017997 1 1737 1950 12 86529 8.00 0.00 0.00 19166 3 6
264 970 0.022996 1 1703 1874 11 95831 8.00 0.00 0.00 17459 3 7
264 970 0.06199 1 5855 6615 30 261789 8.00 0.00 0.00 57962 3 8
264 970 0.010998 1 818 954 7 41067 8.00 0.00 0.00 8950 3 9
264 970 0.051992 1 5274 6122 29 223331 8.00 0.00 0.00 53278 3 10
264 970 0.004999 1 261 304 3 16967 8.00 0.00 0.00 2846 3 11
264 970 0.037994 1 3142 3554 15 144929 8.00 0.00 0.00 32422 3 12
264 970 0.049992 1 4996 5794 27 201281 8.00 0.00 0.00 52271 3 13
264 970 0.005999 1 397 445 3 25556 8.00 0.00 0.00 4093 3 14
264 970 0.056991 1 4795 5384 25 255009 8.00 0.00 0.00 50974 3 15
264 970 0.031995 1 3057 3528 15 145603 8.00 0.00 0.00 32803 3 16
264 970 0.018997 1 1224 1435 8 51610 8.00 0.00 0.00 13243 3 17
264 970 0.017997 1 1471 1702 10 71168 8.00 0.00 0.00 15369 3 18
264 970 0.12598 1 12900 14437 57 532787 8.00 0.00 0.00 127028 3 19
264 970 0.025996 1 2408 2815 15 107116 8.00 0.00 0.00 25030 3 20
336 1272 0.162975 1 13438 15189 60 723368 8.00 0.00 0.00 153138 4 1
336 1272 0.119981 1 7608 8575 31 557161 8.00 0.00 0.00 76076 4 2
336 1272 0.160975 1 10876 11923 46 735006 8.00 0.00 0.00 117300 4 3
336 1272 0.022996 1 1391 1688 9 83794 8.00 0.00 0.00 16398 4 4
336 1272 0.026995 1 1959 2379 13 103746 8.00 0.00 0.00 22665 4 5
336 1272 0.037994 1 2368 2807 14 141607 8.00 0.00 0.00 27222 4 6
336 1272 0.12598 1 8571 9481 36 586191 8.00 0.00 0.00 93253 4 7
336 1272 0.024996 1 1879 2274 13 99192 8.00 0.00 0.00 23179 4 8
336 1272 0.210967 1 16898 19032 63 933485 8.00 0.00 0.00 185549 4 9
336 1272 0.070989 1 6026 6900 30 314431 8.00 0.00 0.00 69419 4 10
336 1272 0.140978 1 9666 11161 42 642426 8.00 0.00 0.00 99720 4 11
336 1272 0.020996 1 1498 1816 10 71428 8.00 0.00 0.00 18705 4 12
336 1272 0.029995 1 2177 2505 14 133598 8.00 0.00 0.00 24893 4 13
336 1272 0.037994 1 2887 3315 15 166000 8.00 0.00 0.00 32949 4 14
336 1272 0.056991 1 3767 4305 20 248551 8.00 0.00 0.00 41949 4 15
336 1272 0.223965 1 18505 20502 63 1019979 8.00 0.00 0.00 214478 4 16
336 1272 0.020996 1 1332 1566 9 69872 8.00 0.00 0.00 15668 4 17
336 1272 0.109983 1 8317 9271 34 469998 8.00 0.00 0.00 93559 4 18
336 1272 0.911861 1 74108 80338 234 3831853 8.00 0.00 0.00 903928 4 19
336 1272 0.176973 1 12227 13683 53 812886 8.00 0.00 0.00 139220 4 20
408 1574 0.071989 1 3781 4386 20 363576 8.00 0.00 0.00 63913 5 1
408 1574 0.243962 1 16684 18378 63 1143469 8.00 0.00 0.00 231655 5 2
408 1574 0.593909 1 42985 48008 127 2592332 8.00 0.00 0.00 550635 5 3
408 1574 0.022996 1 1227 1482 8 77934 8.00 0.00 0.00 17263 5 4
408 1574 0.132979 1 8701 10000 37 613288 8.00 0.00 0.00 97856 5 5
408 1574 0.148977 1 9616 10945 41 700646 8.00 0.00 0.00 114164 5 6
408 1574 3.60945 1 240594 265563 555 14811691 8.00 0.00 0.00 3033842 5 7
408 1574 0.069989 1 4957 5746 27 324074 8.00 0.00 0.00 59742 5 8
408 1574 0.020996 1 882 1124 7 67248 8.00 0.00 0.00 12913 5 9
408 1574 2.90056 1 197985 218671 510 12160591 8.00 0.00 0.00 2448235 5 10
408 1574 0.363944 1 20475 22688 71 1698849 8.00 0.00 0.00 220088 5 11
408 1574 1.42078 1 88022 96969 254 6640037 8.00 0.00 0.00 1171057 5 12
408 1574 0.32795 1 18241 20147 63 1560223 8.00 0.00 0.00 200209 5 13
408 1574 0.05999 1 4332 5191 22 276718 8.00 0.00 0.00 48396 5 14
408 1574 0.19197 1 11296 12853 47 921965 8.00 0.00 0.00 124123 5 15
408 1574 0.232964 1 13680 15485 61 1065376 8.00 0.00 0.00 156320 5 16
408 1574 0.98485 1 70785 78714 221 4241644 8.00 0.00 0.00 927312 5 17
408 1574 0.078987 1 5419 6377 29 338853 8.00 0.00 0.00 65936 5 18
408 1574 0.031995 1 2326 2952 14 127084 8.00 0.00 0.00 28829 5 19
408 1574 0.177972 1 11820 13405 51 802732 8.00 0.00 0.00 161381 5 20
480 1876 4.50531 1 238301 253645 542 20035276 8.00 0.00 0.00 3027154 6 1
480 1876 0.251961 1 9604 10775 41 1352570 8.00 0.00 0.00 165143 6 2
480 1876 3.11852 1 185607 202990 508 13703708 8.00 0.00 0.00 2290049 6 3
480 1876 0.373943 1 23274 26177 85 1711381 8.00 0.00 0.00 313274 6 4
480 1876 0.728889 1 41456 45894 127 3459191 8.00 0.00 0.00 565916 6 5
480 1876 0.890864 1 56069 63105 173 3938811 8.00 0.00 0.00 750500 6 6
480 1876 0.405938 1 25218 28341 93 1930057 8.00 0.00 0.00 343235 6 7
480 1876 0.071989 1 3119 3615 15 357533 8.00 0.00 0.00 54827 6 8
480 1876 0.344947 1 19338 21927 65 1677441 8.00 0.00 0.00 284747 6 9
480 1876 0.706892 1 37825 42101 126 3374493 8.00 0.00 0.00 565313 6 10
480 1876 0.089986 1 3739 4364 20 437891 8.00 0.00 0.00 67289 6 11
480 1876 0.532918 1 35015 39674 125 2334960 8.00 0.00 0.00 478060 6 12
480 1876 2.71759 1 94424 102108 255 13910420 8.00 0.00 0.00 1592161 6 13
480 1876 0.682896 1 39662 44520 127 3153203 8.00 0.00 0.00 554417 6 14
480 1876 0.446932 1 27297 30665 95 2024092 8.00 0.00 0.00 369791 6 15
480 1876 0.371943 1 22345 25339 78 1704371 8.00 0.00 0.00 316850 6 16
480 1876 0.031995 1 1467 1891 10 141580 8.00 0.00 0.00 24544 6 17
480 1876 0.228965 1 13874 15937 61 1093775 8.00 0.00 0.00 194652 6 18
480 1876 0.532918 1 32851 36602 123 2424125 8.00 0.00 0.00 434464 6 19
480 1876 0.229965 1 14316 16423 61 1035291 8.00 0.00 0.00 201477 6 20
552 2178 0.860869 1 37151 41721 126 4275810 8.00 0.00 0.00 584400 7 1
552 2178 0.669898 1 21564 24212 77 3501902 8.00 0.00 0.00 374431 7 2
552 2178 0.151976 1 5539 6526 29 797099 8.00 0.00 0.00 101035 7 3
552 2178 3.23551 1 172742 192641 475 14184195 8.00 0.00 0.00 2381518 7 4
552 2178 0.218966 1 7297 8405 31 1188726 8.00 0.00 0.00 127849 7 5
552 2178 0.240963 1 7747 8773 31 1299865 8.00 0.00 0.00 137176 7 6
552 2178 0.594909 1 20237 22772 70 3185145 8.00 0.00 0.00 365172 7 7
552 2178 1.59576 1 94011 106902 255 6681828 8.00 0.00 0.00 1290815 7 8
552 2178 0.150977 1 8809 10596 37 683900 8.00 0.00 0.00 129765 7 9
552 2178 5.18421 1 142715 154394 382 26623902 8.00 0.00 0.00 2531727 7 10
552 2178 4.85126 1 134053 144184 371 24934663 8.00 0.00 0.00 2354462 7 11
552 2178 3.38948 1 185706 205801 508 14259419 8.00 0.00 0.00 2451246 7 12
552 2178 0.017997 1 801 1079 7 84855 8.00 0.00 0.00 12559 7 13
552 2178 0.170974 1 6552 7722 31 895681 8.00 0.00 0.00 117723 7 14
552 2178 0.279957 1 16185 19252 63 1291229 8.00 0.00 0.00 236214 7 15
552 2178 2.07069 1 61342 66393 190 10968684 8.00 0.00 0.00 1126181 7 16
552 2178 1.85772 1 93237 104132 255 8545466 8.00 0.00 0.00 1382467 7 17
552 2178 1.42678 1 72683 81479 226 6626479 8.00 0.00 0.00 1046740 7 18
552 2178 0.414936 1 14051 16110 61 2208563 8.00 0.00 0.00 256005 7 19
552 2178 1.44978 1 41826 44936 127 7751834 8.00 0.00 0.00 771139 7 20
624 2480 1.19182 1 33579 38194 124 6132946 8.00 0.00 0.00 587114 8 1
624 2480 1.42778 1 39277 43354 127 7421649 8.00 0.00 0.00 731311 8 2
624 2480 1.00685 1 28608 32407 103 5281646 8.00 0.00 0.00 542969 8 3
624 2480 5.47217 1 220879 244308 511 24405736 8.00 0.00 0.00 3220955 8 4
624 2480 0.219966 1 6891 8143 31 1152171 8.00 0.00 0.00 119656 8 5
624 2480 4.69029 1 158315 174806 428 22458370 8.00 0.00 0.00 2566879 8 6
624 2480 5.73013 1 228375 252947 511 25940671 8.00 0.00 0.00 3336805 8 7
624 2480 1.2868 1 36858 41572 126 6599489 8.00 0.00 0.00 657512 8 8
624 2480 1.72674 1 60544 68564 189 8636957 8.00 0.00 0.00 989702 8 9
624 2480 1.9727 1 51595 56406 158 10543185 8.00 0.00 0.00 920791 8 10
624 2480 2.53261 1 68084 75056 211 13282747 8.00 0.00 0.00 1278254 8 11
624 2480 9.54055 1 235585 257340 537 48244344 8.00 0.00 0.00 4206468 8 12
624 2480 0.014997 1 423 615 4 44166 8.00 0.00 0.00 6302 8 13
624 2480 0.135979 1 4776 5795 25 658680 8.00 0.00 0.00 84363 8 14
624 2480 2.52462 1 67251 73895 205 13048524 8.00 0.00 0.00 1261006 8 15
624 2480 0.45493 1 13845 16146 61 2461117 8.00 0.00 0.00 254628 8 16
624 2480 1.07684 1 29501 32753 108 5634759 8.00 0.00 0.00 532389 8 17
624 2480 3.3135 1 82491 89419 253 17155243 8.00 0.00 0.00 1530101 8 18
624 2480 0.156976 1 5619 6744 30 755278 8.00 0.00 0.00 104070 8 19
624 2480 1.82572 1 48166 53226 143 9451340 8.00 0.00 0.00 889677 8 20
696 2782 1.37379 1 37668 42803 126 7056039 8.00 0.00 0.00 695187 9 1
696 2782 3.00954 1 73504 81871 230 15524599 8.00 0.00 0.00 1349164 9 2
696 2782 0.496924 1 14049 16682 61 2483226 8.00 0.00 0.00 277424 9 3
696 2782 5.15921 1 124678 137042 333 26577061 8.00 0.00 0.00 2225504 9 4
696 2782 0.661899 1 17549 20306 63 3542401 8.00 0.00 0.00 317416 9 5
696 2782 3.59145 1 83640 92265 254 18825435 8.00 0.00 0.00 1508592 9 6
696 2782 1.51077 1 38935 43521 127 8021439 8.00 0.00 0.00 675136 9 7
696 2782 0.12898 1 3986 5052 21 643836 8.00 0.00 0.00 71537 9 8
696 2782 1.86672 1 46774 52309 140 9878134 8.00 0.00 0.00 778951 9 9
696 2782 0.018997 1 802 1157 6 62673 8.00 0.00 0.00 11295 9 10
696 2782 0.701893 1 18775 21497 63 3672909 8.00 0.00 0.00 330035 9 11
696 2782 1.04884 1 28159 32085 101 5489766 8.00 0.00 0.00 494097 9 12
696 2782 1.04584 1 27375 31146 96 5540014 8.00 0.00 0.00 468101 9 13
696 2782 2.30365 1 55235 62117 172 11972876 8.00 0.00 0.00 1007800 9 14
696 2782 1.78173 1 44838 50177 127 9097749 8.00 0.00 0.00 813099 9 15
696 2782 0.725889 1 20607 23796 72 3648686 8.00 0.00 0.00 373597 9 16
696 2782 1.69474 1 43975 49747 127 8686808 8.00 0.00 0.00 839855 9 17
696 2782 1.09583 1 29792 34210 109 5723251 8.00 0.00 0.00 548200 9 18
696 2782 3.46247 1 83387 92102 254 17655480 8.00 0.00 0.00 1500589 9 19
696 2782 0.247962 1 7577 9182 31 1257435 8.00 0.00 0.00 138217 9 20
768 3084 0.015997 1 613 1071 6 41064 8.00 0.00 0.00 7960 10 1
768 3084 1.21582 1 30815 35662 112 6328759 8.00 0.00 0.00 552266 10 2
768 3084 1.41478 1 33653 38848 124 7024762 8.00 0.00 0.00 603650 10 3
768 3084 4.6093 1 99214 110247 255 23637483 8.00 0.00 0.00 1760945 10 4
768 3084 10.1275 1 229035 253224 511 48614275 8.00 0.00 0.00 3996234 10 5
768 3084 5.44517 1 116262 128010 316 27504164 8.00 0.00 0.00 2113634 10 6
768 3084 3.79342 1 84219 93432 254 19379939 8.00 0.00 0.00 1502530 10 7
768 3084 3.81842 1 84894 94585 254 19950189 8.00 0.00 0.00 1459562 10 8
768 3084 8.34673 1 172748 189642 475 43209154 8.00 0.00 0.00 3052539 10 9
768 3084 12.5031 1 249040 270488 574 65396203 8.00 0.00 0.00 4177511 10 10
768 3084 0.570913 1 15815 18629 62 2975824 8.00 0.00 0.00 281617 10 11
768 3084 0.701893 1 19065 22421 63 3479233 8.00 0.00 0.00 361236 10 12
768 3084 0.723889 1 17784 20515 63 3715436 8.00 0.00 0.00 321814 10 13
768 3084 1.16682 1 27973 32255 100 6109574 8.00 0.00 0.00 479978 10 14
768 3084 0.086986 1 2835 3581 15 396229 8.00 0.00 0.00 45134 10 15
768 3084 1.68874 1 42491 48160 127 8793288 8.00 0.00 0.00 749735 10 16
768 3084 0.514921 1 13669 16289 61 2633302 8.00 0.00 0.00 237878 10 17
768 3084 1.36679 1 33844 38649 125 7095872 8.00 0.00 0.00 577898 10 18
768 3084 14.0489 1 301375 332401 732 66911015 8.00 0.00 0.00 5452870 10 19
768 3084 0.100984 1 2994 3800 15 495574 8.00 0.00 0.00 48342 10 20
840 3386 0.558915 1 14423 17237 61 2714517 8.00 0.00 0.00 257012 11 1
840 3386 0.697893 1 17490 20855 63 3516415 8.00 0.00 0.00 318898 11 2
840 3386 15.1337 1 289298 316479 699 73541418 8.00 0.00 0.00 5078079 11 3
840 3386 0.173973 1 5007 6579 27 838272 8.00 0.00 0.00 92203 11 4
840 3386 0.876866 1 22164 26360 78 4428944 8.00 0.00 0.00 403554 11 5
840 3386 6.88395 1 141480 157928 382 32896469 8.00 0.00 0.00 2569761 11 6
840 3386 17.9023 1 359544 400781 860 83786784 8.00 0.00 0.00 6572746 11 7
840 3386 12.1682 1 231549 251427 518 61599407 8.00 0.00 0.00 3909042 11 8
840 3386 2.68659 1 63147 72914 190 12917522 8.00 0.00 0.00 1162166 11 9
840 3386 0.305953 1 8061 10155 32 1545007 8.00 0.00 0.00 133068 11 10
840 3386 4.16337 1 86685 98768 254 21093035 8.00 0.00 0.00 1513498 11 11
840 3386 7.2329 1 140314 156859 381 36368190 8.00 0.00 0.00 2461847 11 12
840 3386 0.869867 1 20847 24631 73 4459588 8.00 0.00 0.00 355073 11 13
840 3386 0.036994 1 1245 1835 8 147101 8.00 0.00 0.00 19911 11 14
840 3386 1.2868 1 29345 33906 108 6400808 8.00 0.00 0.00 552468 11 15
840 3386 2.52761 1 59112 68779 188 12439008 8.00 0.00 0.00 1120145 11 16
840 3386 0.45393 1 11773 14572 51 2235059 8.00 0.00 0.00 214175 11 17
840 3386 3.9654 1 86735 98398 254 18871377 8.00 0.00 0.00 1632686 11 18
840 3386 0.733888 1 18583 22098 63 3638887 8.00 0.00 0.00 360029 11 19
840 3386 0.627904 1 14368 16968 61 3186160 8.00 0.00 0.00 268113 11 20
912 3688 3.43048 1 71523 82113 221 16602914 8.00 0.00 0.00 1311456 12 1
912 3688 13.8999 1 239320 261301 547 70551686 8.00 0.00 0.00 3908294 12 2
912 3688 1.9587 1 39253 44941 127 10050034 8.00 0.00 0.00 697917 12 3
912 3688 12.6211 1 221012 242020 511 62940239 8.00 0.00 0.00 3792905 12 4
912 3688 1.27581 1 27950 33465 100 6391243 8.00 0.00 0.00 493580 12 5
912 3688 2.85857 1 58778 68873 188 14301700 8.00 0.00 0.00 1040436 12 6
912 3688 3.01954 1 62523 71583 190 14964212 8.00 0.00 0.00 1075985 12 7
912 3688 6.90395 1 134060 150973 371 32877806 8.00 0.00 0.00 2482578 12 8
912 3688 7.42087 1 136551 151448 380 36947200 8.00 0.00 0.00 2275152 12 9
912 3688 2.69259 1 55747 63475 173 13433567 8.00 0.00 0.00 955129 12 10
912 3688 12.994 1 247647 276903 574 60830092 8.00 0.00 0.00 4485174 12 11
912 3688 0.683896 1 15526 18932 62 3431680 8.00 0.00 0.00 270763 12 12
912 3688 9.51355 1 174341 194053 476 47348266 8.00 0.00 0.00 2900810 12 13
912 3688 13.224 1 229120 254156 511 65428736 8.00 0.00 0.00 3984076 12 14
912 3688 1.39479 1 29043 33740 106 7000457 8.00 0.00 0.00 485834 12 15
912 3688 2.6376 1 58476 68392 187 12803131 8.00 0.00 0.00 1115578 12 16
912 3688 7.06593 1 127399 140690 347 35540864 8.00 0.00 0.00 2238858 12 17
912 3688 1.9567 1 42375 48467 127 9559967 8.00 0.00 0.00 794768 12 18
912 3688 0.695894 1 16210 19831 63 3513116 8.00 0.00 0.00 283664 12 19
912 3688 0.385941 1 9892 12317 44 1837621 8.00 0.00 0.00 173299 12 20
984 3990 4.53731 1 82598 94176 253 22500222 8.00 0.00 0.00 1410525 13 1
984 3990 0.537918 1 11702 14595 50 2697095 8.00 0.00 0.00 219317 13 2
984 3990 0.198969 1 5138 6947 28 973867 8.00 0.00 0.00 89435 13 3
984 3990 0.100984 1 2720 4051 15 466113 8.00 0.00 0.00 44057 13 4
984 3990 0.460929 1 10394 13077 45 2244143 8.00 0.00 0.00 201955 13 5
984 3990 1.01484 1 21960 26840 78 4895252 8.00 0.00 0.00 412403 13 6
984 3990 1.67075 1 34159 41118 125 8049144 8.00 0.00 0.00 644318 13 7
984 3990 4.33434 1 80775 92899 253 20253935 8.00 0.00 0.00 1534736 13 8
984 3990 12.7491 1 210781 232170 511 62542504 8.00 0.00 0.00 3600822 13 9
984 3990 0.490925 1 11450 14381 49 2345000 8.00 0.00 0.00 215912 13 10
984 3990 5.21921 1 94959 107852 255 25913043 8.00 0.00 0.01 1569422 13 11
984 3990 14.1608 1 224506 249613 511 69440267 8.00 0.00 0.00 3918336 13 12
984 3990 11.3053 1 193664 217807 510 54731429 8.00 0.00 0.01 3349512 13 13
984 3990 0.691894 1 14724 18117 62 3419544 8.00 0.00 0.00 253663 13 14
984 3990 0.25696 1 6049 8208 30 1239662 8.00 0.00 0.00 105148 13 15
984 3990 13.035 1 208951 231803 511 63840575 8.00 0.00 0.00 3515508 13 16
984 3990 3.2905 1 58728 67429 188 16630995 8.00 0.00 0.00 949513 13 17
984 3990 1.50377 1 31238 37365 115 7629633 8.00 0.00 0.00 560533 13 18
984 3990 0.946856 1 19728 23767 67 4632007 8.00 0.00 0.01 378573 13 19
984 3990 4.95825 1 92352 105010 255 24007386 8.00 0.00 0.00 1589891 13 20
1056 4292 5.82411 1 98273 112276 255 28405126 8.00 0.00 0.00 1624941 14 1
1056 4292 13.5469 1 201935 224993 510 66824661 8.00 0.00 0.00 3444864 14 2
1056 4292 0.350946 1 7646 9890 31 1701917 8.00 0.00 0.00 139659 14 3
1056 4292 0.131979 1 3293 4693 16 618484 8.00 0.00 0.00 54384 14 4
1056 4292 0.869867 1 18096 21910 63 4213041 8.00 0.00 0.00 325455 14 5
1056 4292 1.17382 1 22321 26699 78 6053058 8.00 0.00 0.00 382554 14 6
1056 4292 9.71352 1 151939 170748 406 47208705 8.00 0.00 0.00 2624878 14 7
1056 4292 18.3542 1 272266 300465 638 89583736 8.00 0.00 0.00 4455943 14 8
1056 4292 2.72858 1 49020 56825 149 12964175 8.00 0.00 0.00 915555 14 9
1056 4292 0.877866 1 18083 22110 63 4332122 8.00 0.00 0.01 314705 14 10
1056 4292 3.98239 1 66222 75233 204 19746593 8.00 0.00 0.00 1122043 14 11
1056 4292 0.437933 1 9234 11989 39 2152892 8.00 0.00 0.00 171173 14 12
1056 4292 3.9374 1 66592 76877 205 18882805 8.00 0.00 0.00 1131814 14 13
1056 4292 1.9517 1 37353 44752 126 9182333 8.00 0.00 0.01 692174 14 14
1056 4292 5.9181 1 102800 116966 258 27995152 8.00 0.00 0.00 1936810 14 15
1056 4292 5.07523 1 87880 101141 254 24130178 8.00 0.00 0.01 1516832 14 16
1056 4292 1.71274 1 33185 40453 124 8229828 8.00 0.00 0.01 656191 14 17
1056 4292 5.49716 1 93192 106595 255 25481822 8.00 0.00 0.00 1770135 14 18
1056 4292 6.95194 1 117293 132780 317 32832002 8.00 0.00 0.01 2164923 14 19
1128 4594 0.767883 1 14396 18198 61 3682132 8.00 0.00 0.00 253401 15 1
1128 4594 1.53877 1 28184 34372 101 7504129 8.00 0.00 0.00 477015 15 2
1128 4594 0.52492 1 10758 14116 46 2612658 8.00 0.00 0.00 173351 15 3
1128 4594 0.149977 1 3931 5755 21 666961 8.00 0.00 0.00 60962 15 4
1128 4594 6.561 1 104325 120206 267 30292799 8.00 0.00 0.00 1940685 15 5
1128 4594 2.21566 1 35621 42256 126 11253389 8.00 0.00 0.00 612335 15 6
1128 4594 3.83742 1 61905 71404 190 18027357 8.00 0.00 0.00 1143413 15 7
1128 4594 0.543917 1 10864 14098 46 2560595 8.00 0.00 0.00 198817 15 8
1128 4594 22.2106 1 297123 328176 715 104531562 8.00 0.00 0.01 5143958 15 9
1128 4594 3.89241 1 64773 74996 196 18456667 8.00 0.00 0.00 1240207 15 10
1128 4594 9.67353 1 137710 155292 380 46929382 8.00 0.00 0.00 2448357 15 11
1128 4594 3.02354 1 53742 63175 165 14454204 8.00 0.00 0.00 946874 15 12
1128 4594 3.17352 1 55357 66495 173 14907838 8.00 0.00 0.00 1053604 15 13
1128 4594 2.42163 1 39465 46858 127 12222832 8.00 0.00 0.00 642734 15 14
1128 4594 2.68559 1 44640 52170 127 13103325 8.00 0.00 0.00 787085 15 15
1128 4594 1.59276 1 29515 35689 108 7668243 8.00 0.00 0.00 578586 15 16
1128 4594 0.642902 1 13363 17124 60 3091647 8.00 0.00 0.00 250454 15 17
1128 4594 12.2201 1 169314 188850 460 60369468 8.00 0.00 0.00 2936495 15 18
1128 4594 4.04338 1 67575 78544 208 19007586 8.00 0.00 0.00 1272243 15 19
1128 4594 7.8798 1 119488 138190 318 37204244 8.00 0.00 0.00 2050528 15 20
1200 4896 20.8858 1 278397 308920 653 98664695 8.00 0.00 0.00 4563764 16 1
1200 4896 1.36879 1 22590 27937 80 6755226 8.00 0.00 0.00 365271 16 2
1200 4896 7.09192 1 106577 124120 277 33669235 8.00 0.00 0.00 1771212 16 3
1200 4896 3.21351 1 53233 63817 161 15425024 8.00 0.00 0.00 883055 16 4
1200 4896 0.237963 1 5328 7299 29 1126055 8.00 0.00 0.00 90137 16 5
1200 4896 6.03608 1 93332 109207 255 27601287 8.00 0.00 0.00 1762926 16 6
1200 4896 18.4852 1 247015 275888 574 86591953 8.00 0.00 0.01 4380619 16 7
1200 4896 3.88941 1 63337 74733 190 18316023 8.00 0.00 0.00 1121971 16 8
1200 4896 5.9291 1 83051 95352 253 28914315 8.00 0.00 0.00 1361365 16 9
1200 4896 0.824874 1 14661 18835 62 3977842 8.00 0.00 0.00 268210 16 10
1200 4896 0.030995 1 1077 2241 7 103701 8.00 0.00 0.00 14497 16 11
1200 4896 3.18152 1 47657 55673 142 15428350 8.00 0.00 0.01 795187 16 12
1200 4896 0.39294 1 7726 10512 31 1869772 8.00 0.00 0.00 135522 16 13
1200 4896 1.37879 1 23574 29260 85 6669021 8.00 0.00 0.00 411032 16 14
1200 4896 1.9617 1 33927 41265 125 9556614 8.00 0.00 0.00 618404 16 15
1200 4896 2.24866 1 36415 43599 126 10661528 8.00 0.00 0.00 662164 16 16
1200 4896 18.1572 1 237786 266162 542 85252010 8.00 0.00 0.00 3765870 16 17
1200 4896 0.104984 1 3111 5088 15 456773 8.00 0.00 0.00 45197 16 18
1200 4896 7.2619 1 107737 124604 283 34297981 8.00 0.00 0.00 1842150 16 19
1200 4896 13.9699 1 184281 207752 508 67905682 8.00 0.00 0.00 2952276 16 20
1272 5198 7.60084 1 105306 121425 270 36734699 8.00 0.00 0.01 1687030 17 1
1272 5198 2.69359 1 42194 50749 127 12642911 8.00 0.00 0.00 756187 17 2
1272 5198 0.274958 1 6302 8989 30 1300777 8.00 0.00 0.00 105464 17 3
1272 5198 1.09483 1 19260 24417 64 5359616 8.00 0.00 0.00 322658 17 4
1272 5198 2.77258 1 41366 49657 127 13195766 8.00 0.00 0.00 777278 17 5
1272 5198 4.72328 1 68743 81243 215 21546961 8.00 0.00 0.00 1316928 17 6
1272 5198 1.93471 1 30351 36866 109 9522380 8.00 0.00 0.00 504953 17 7
1272 5198 15.3307 1 195288 221797 510 69800010 8.00 0.00 0.00 3651452 17 8
1272 5198 3.60745 1 52669 62764 158 16818193 8.00 0.00 0.01 1004715 17 9
1272 5198 0.398939 1 7880 10899 31 1905457 8.00 0.00 0.00 134756 17 10
1272 5198 2.43163 1 38060 46272 126 11242170 8.00 0.00 0.00 748433 17 11
1272 5198 2.13567 1 33545 41362 124 10298616 8.00 0.00 0.00 573027 17 12
1272 5198 1.39279 1 22995 28722 83 6657765 8.00 0.00 0.00 433629 17 13
1272 5198 11.6822 1 158774 182770 430 53393661 8.00 0.00 0.00 2911771 17 14
1272 5198 6.92895 1 95998 111606 255 32681541 8.00 0.00 0.01 1612758 17 15
1272 5198 3.2885 1 51191 61230 157 15255170 8.00 0.00 0.00 962898 17 16
1272 5198 9.90449 1 129302 148621 349 46478849 8.00 0.00 0.00 2218165 17 17
1272 5198 0.042993 1 1715 3468 12 166000 8.00 0.00 0.00 24078 17 18
1272 5198 1.48477 1 24538 30693 92 7332688 8.00 0.00 0.00 412520 17 19
1272 5198 2.04369 1 32928 40919 124 9855338 8.00 0.00 0.00 539137 17 20
1344 5500 7.02493 1 90763 105864 255 32749753 8.00 0.00 0.01 1669182 18 1
1344 5500 1.66075 1 25416 32006 93 7817645 8.00 0.00 0.00 483064 18 2
1344 5500 3.64545 1 50988 60324 157 17628325 8.00 0.00 0.01 829977 18 3
1344 5500 3.57346 1 49308 59474 150 17044224 8.00 0.00 0.01 836308 18 4
1344 5500 10.8593 1 130570 148543 355 53358000 8.00 0.00 0.00 2219809 18 5
1344 5500 4.02339 1 55194 66170 172 19414602 8.00 0.00 0.01 930139 18 6
1344 5500 5.44417 1 75972 90167 242 25594497 8.00 0.00 0.00 1296548 18 7
1344 5500 2.18667 1 32303 39781 122 10103565 8.00 0.00 0.00 608851 18 8
1344 5500 0.136979 1 3482 5497 18 567334 8.00 0.01 0.00 57239 18 9
1344 5500 0.111982 1 3051 5006 15 470535 8.00 0.00 0.00 45445 18 10
1344 5500 0.836872 1 15002 19690 62 3853876 8.00 0.00 0.01 277718 18 11
1344 5500 3.02654 1 44492 53263 127 13886218 8.00 0.01 0.01 840747 18 12
1344 5500 11.7492 1 148424 169474 389 52847316 8.00 0.00 0.01 2664550 18 13
1344 5500 2.30365 1 35778 44137 126 10740899 8.00 0.00 0.00 670939 18 14
1344 5500 4.22936 1 60630 73108 189 20305707 8.00 0.00 0.00 1020601 18 15
1344 5500 3.10653 1 44866 53823 127 14811040 8.00 0.00 0.01 750058 18 16
1344 5500 0.998848 1 16844 21889 63 4627675 8.00 0.00 0.00 303437 18 17
1344 5500 0.204968 1 4987 7660 27 884495 8.00 0.00 0.00 78709 18 18
1344 5500 11.3603 1 135674 155565 379 54515483 8.00 0.00 0.01 2214767 18 19
1344 5500 0.508922 1 9339 12492 40 2476197 8.00 0.00 0.00 169283 18 20
1416 5802 17.4613 1 201482 229881 510 76884571 8.00 0.00 0.01 3701995 19 1
1416 5802 3.2825 1 46307 55628 137 15174379 8.00 0.01 0.01 877244 19 2
1416 5802 1.43578 1 21614 27755 77 6950358 8.00 0.00 0.00 373790 19 3
1416 5802 0.542917 1 10397 14380 45 2504563 8.00 0.00 0.00 186962 19 4
1416 5802 5.12722 1 64639 76074 195 24075225 8.00 0.00 0.00 1116914 19 5
1416 5802 12.2501 1 138230 159099 381 57147007 8.00 0.00 0.00 2115198 19 6
1416 5802 6.68798 1 83204 98537 253 30878014 8.00 0.00 0.00 1458021 19 7
1416 5802 0.620905 1 11124 15225 46 2864275 8.00 0.00 0.00 184782 19 8
1416 5802 7.07392 1 90003 106481 255 31858109 8.00 0.01 0.01 1687761 19 9
1416 5802 1.65275 1 23838 30128 87 7804157 8.00 0.00 0.00 454991 19 10
1416 5802 4.11537 1 56114 67584 174 18690716 8.00 0.01 0.00 1068287 19 11
1416 5802 2.12268 1 29795 36294 109 10409869 8.00 0.00 0.00 481566 19 12
1416 5802 1.11283 1 18028 23267 63 5411580 8.00 0.00 0.01 301174 19 13
1416 5802 15.0067 1 161302 182163 443 69120242 8.00 0.00 0.00 2971526 19 14
1416 5802 2.6076 1 36474 44530 126 11853170 8.00 0.00 0.00 686106 19 15
1416 5802 7.19591 1 94666 111094 255 32812517 8.00 0.00 0.01 1768190 19 16
1416 5802 2.72758 1 37514 45135 126 13035932 8.00 0.00 0.01 651780 19 17
1416 5802 2.34964 1 34111 41470 125 11082699 8.00 0.00 0.00 591742 19 18
1416 5802 23.9014 1 266835 304379 637 105068887 8.00 0.01 0.01 4710965 19 19
1416 5802 0.372943 1 7223 10461 31 1724071 8.00 0.00 0.00 125957 19 20
1488 6104 15.8066 1 161516 183539 443 71423674 9.00 0.00 0.00 2515520 20 1
1488 6104 7.26689 1 87061 103407 254 34185241 9.00 0.01 0.00 1480773 20 2
1488 6104 7.8848 1 97293 116697 255 35325890 9.00 0.00 0.00 1772925 20 3
1488 6104 16.7475 1 177080 203259 490 75301957 9.00 0.00 0.01 3292757 20 4
1488 6104 0.164974 1 4143 6219 22 723291 9.00 0.01 0.01 65314 20 5
1488 6104 18.1002 1 189144 217028 509 82757766 9.00 0.00 0.01 2979793 20 6
1488 6104 11.6372 1 130186 149146 352 52859553 9.00 0.01 0.01 2327684 20 7
1488 6104 2.26465 1 31708 40517 117 10828225 9.00 0.01 0.01 525891 20 8
1488 6104 9.90349 1 113188 132515 301 45413147 9.00 0.00 0.01 1898494 20 9
1488 6104 8.73667 1 107465 127513 281 39538101 9.00 0.00 0.01 2027905 20 10
1488 6104 5.2772 1 66509 79007 204 24271177 9.00 0.00 0.00 1207210 20 11
1488 6104 6.02508 1 74026 89078 234 26830442 9.00 0.00 0.01 1393314 20 12
1488 6104 0.320951 1 6546 10099 31 1532439 9.00 0.00 0.01 103767 20 13
1488 6104 3.04254 1 39981 48770 127 14735260 9.00 0.01 0.01 660935 20 14
1488 6104 1.63575 1 22810 28631 81 7623998 9.00 0.01 0.01 424135 20 15
1488 6104 0.076988 1 2519 4790 15 302847 9.00 0.00 0.01 37227 20 16
1488 6104 4.55631 1 58926 71919 188 20803085 9.00 0.00 0.00 1130554 20 17
1488 6104 3.18651 1 42287 52216 127 14816802 9.00 0.01 0.01 818315 20 18
1488 6104 4.49932 1 57553 69572 183 21224905 9.00 0.00 0.00 990318 20 19
1488 6104 0.422935 1 8714 12654 37 1818847 9.00 0.00 0.00 146787 20 20
