WARNING: for repeatability, setting FPU to use double precision
============================[ Problem Statistics ]=============================
|                                                                             |
|  Number of variables:          1168                                         |
|  Number of clauses:           15100                                         |
|  Parse time:                   0.01 s                                       |
|  Eliminated clauses:           0.01 Mb                                      |
|  Simplification time:          0.05 s                                       |
|                                                                             |
=============================[ Search Statistics ]==============================
| Conflicts  |          ORIGINAL         |          LEARNT          | Progress |
|            |    Vars  Clauses Literals |    Limit  Clauses Lit/Cl |          |
================================================================================
|        100 |     784    14108    86686 |     5172      100     13 | 12.329 % |
|        250 |     784    14108    86686 |     5690      250     13 | 12.329 % |
|        475 |     784    14108    86686 |     6259      475     13 | 12.329 % |
|        812 |     784    14108    86686 |     6885      812     14 | 12.329 % |
|       1318 |     784    14108    86686 |     7573     1318     14 | 12.329 % |
|       2077 |     784    14108    86686 |     8331     2077     14 | 12.329 % |
|       3216 |     784    14108    86686 |     9164     3216     14 | 12.329 % |
|       4924 |     784    14108    86686 |    10080     4924     14 | 12.329 % |
|       7486 |     784    14108    86686 |    11088     7486     15 | 12.329 % |
|      11330 |     784    14108    86686 |    12197    11330     15 | 12.329 % |
|      17096 |     784    14108    86686 |    13417    10880     15 | 12.329 % |
|      25745 |     784    14108    86686 |    14758    12719     14 | 12.329 % |
|      38719 |     784    14108    86686 |    16234    10577     15 | 12.329 % |
|      58180 |     784    14108    86686 |    17858    13553     15 | 12.329 % |
|      87372 |     784    14108    86686 |    19644    15366     15 | 12.329 % |
|     131161 |     784    14108    86686 |    21608    19369     15 | 12.329 % |
|     196845 |     784    14108    86686 |    23769    19382     16 | 12.329 % |
|     295371 |     784    14108    86686 |    26146    21724     15 | 12.329 % |
|     443160 |     784    14108    86686 |    28761    23407     15 | 12.329 % |
|     664843 |     784    14108    86686 |    31637    15200     14 | 12.329 % |
|     997368 |     784    14108    86686 |    34800    29119     16 | 12.329 % |
|    1496156 |     784    14108    86686 |    38280    23037     14 | 12.329 % |
|    2244338 |     784    14108    86686 |    42109    24314     16 | 12.329 % |
|    3366612 |     784    14108    86686 |    46320    29807     15 | 12.329 % |
|    5050023 |     784    14108    86686 |    50952    41476     17 | 12.329 % |
|    7575139 |     784    14108    86686 |    56047    50178     17 | 12.329 % |
|   11362814 |     784    14108    86686 |    61651    32137     16 | 12.329 % |
|   17044326 |     784    14108    86686 |    67817    22947     15 | 12.329 % |
|   25566595 |     784    14108    86686 |    74598    55286     18 | 12.329 % |
|   38349998 |     784    14108    86686 |    82058    53311     19 | 12.329 % |
|   57525103 |     784    14108    86686 |    90264    58612     17 | 12.329 % |
|   86287761 |     784    14108    86686 |    99291    57984     16 | 12.329 % |
|  129431749 |     784    14108    86686 |   109220    91675     19 | 12.329 % |
|  194147731 |     784    14108    86686 |   120142   100083     16 | 12.329 % |
|  291221704 |     784    14108    86686 |   132156    71382     15 | 12.329 % |
===============================================================================
restarts              : 489463
conflicts             : 420322033      (10410 /sec)
decisions             : 518377825      (0.00 % random) (12838 /sec)
propagations          : 17568155154    (435094 /sec)
conflict literals     : 8026372976     (10.05 % deleted)
Memory used           : 341.00 MB
CPU time              : 40377.8 s

SATISFIABLE
