WARNING: for repeatability, setting FPU to use double precision
============================[ Problem Statistics ]=============================
|                                                                             |
|  Number of variables:          1328                                         |
|  Number of clauses:           17248                                         |
|  Parse time:                   0.01 s                                       |
|  Eliminated clauses:           0.01 Mb                                      |
|  Simplification time:          0.06 s                                       |
|                                                                             |
=============================[ Search Statistics ]==============================
| Conflicts  |          ORIGINAL         |          LEARNT          | Progress |
|            |    Vars  Clauses Literals |    Limit  Clauses Lit/Cl |          |
================================================================================
|        100 |     896    16128    99088 |     5913      100     13 | 12.048 % |
|        250 |     896    16128    99088 |     6504      250     13 | 12.048 % |
|        475 |     896    16128    99088 |     7155      475     13 | 12.048 % |
|        812 |     896    16128    99088 |     7871      812     14 | 12.048 % |
|       1318 |     896    16128    99088 |     8658     1318     14 | 12.048 % |
|       2077 |     896    16128    99088 |     9523     2077     14 | 12.048 % |
|       3216 |     896    16128    99088 |    10476     3216     14 | 12.048 % |
|       4924 |     896    16128    99088 |    11523     4924     14 | 12.048 % |
|       7486 |     896    16128    99088 |    12676     7486     15 | 12.048 % |
|      11330 |     896    16128    99088 |    13943    11330     15 | 12.048 % |
|      17096 |     896    16128    99088 |    15338    10010     15 | 12.048 % |
|      25745 |     896    16128    99088 |    16872    10874     15 | 12.048 % |
|      38719 |     896    16128    99088 |    18559    15313     14 | 12.048 % |
|      58180 |     896    16128    99088 |    20415    15846     15 | 12.048 % |
|      87372 |     896    16128    99088 |    22456    13912     15 | 12.048 % |
|     131161 |     896    16128    99088 |    24702    12053     14 | 12.048 % |
|     196845 |     896    16128    99088 |    27172    15018     15 | 12.048 % |
|     295371 |     896    16128    99088 |    29890    26493     15 | 12.048 % |
|     443160 |     896    16128    99088 |    32879    29834     16 | 12.048 % |
|     664843 |     896    16128    99088 |    36167    25286     16 | 12.048 % |
|     997368 |     896    16128    99088 |    39783    28678     15 | 12.048 % |
|    1496156 |     896    16128    99088 |    43762    29886     15 | 12.048 % |
|    2244338 |     896    16128    99088 |    48138    18947     16 | 12.048 % |
|    3366612 |     896    16128    99088 |    52952    48364     15 | 12.048 % |
|    5050023 |     896    16128    99088 |    58247    20194     17 | 12.048 % |
|    7575139 |     896    16128    99088 |    64072    56683     20 | 12.048 % |
|   11362814 |     896    16128    99088 |    70479    48608     17 | 12.048 % |
|   17044326 |     896    16128    99088 |    77527    34668     15 | 12.048 % |
|   25566595 |     896    16128    99088 |    85279    33958     16 | 12.048 % |
|   38349998 |     896    16128    99088 |    93807    84385     17 | 12.048 % |
|   57525103 |     896    16128    99088 |   103188    84243     20 | 12.048 % |
|   86287761 |     896    16128    99088 |   113507    74884     16 | 12.048 % |
|  129431749 |     896    16128    99088 |   124858    34701     21 | 12.048 % |
===============================================================================
restarts              : 213371
conflicts             : 175596163      (13259 /sec)
decisions             : 224048650      (0.00 % random) (16918 /sec)
propagations          : 6453364753     (487295 /sec)
conflict literals     : 3287877885     (9.38 % deleted)
Memory used           : 267.00 MB
CPU time              : 13243.3 s

SATISFIABLE
