WARNING: for repeatability, setting FPU to use double precision
============================[ Problem Statistics ]=============================
|                                                                             |
|  Number of variables:          1008                                         |
|  Number of clauses:           12952                                         |
|  Parse time:                   0.01 s                                       |
|  Eliminated clauses:           0.01 Mb                                      |
|  Simplification time:          0.04 s                                       |
|                                                                             |
=============================[ Search Statistics ]==============================
| Conflicts  |          ORIGINAL         |          LEARNT          | Progress |
|            |    Vars  Clauses Literals |    Limit  Clauses Lit/Cl |          |
================================================================================
|        100 |     672    12088    74284 |     4432      100     14 | 12.699 % |
|        250 |     672    12088    74284 |     4875      250     13 | 12.699 % |
|        475 |     672    12088    74284 |     5363      475     14 | 12.699 % |
|        812 |     672    12088    74284 |     5899      812     14 | 12.699 % |
|       1318 |     672    12088    74284 |     6489     1318     14 | 12.699 % |
|       2077 |     672    12088    74284 |     7138     2077     14 | 12.699 % |
|       3216 |     672    12088    74284 |     7852     3216     14 | 12.699 % |
|       4924 |     672    12088    74284 |     8637     4924     14 | 12.699 % |
|       7486 |     672    12088    74284 |     9500     7486     14 | 12.699 % |
|      11330 |     672    12088    74284 |    10451     6466     14 | 12.699 % |
|      17096 |     672    12088    74284 |    11496     6934     15 | 12.699 % |
|      25745 |     672    12088    74284 |    12645     9728     15 | 12.699 % |
|      38719 |     672    12088    74284 |    13910     9844     15 | 12.699 % |
|      58180 |     672    12088    74284 |    15301     8103     14 | 12.699 % |
|      87372 |     672    12088    74284 |    16831    14046     15 | 12.699 % |
|     131161 |     672    12088    74284 |    18514    15141     15 | 12.699 % |
|     196845 |     672    12088    74284 |    20366    15034     15 | 12.699 % |
|     295371 |     672    12088    74284 |    22402    10635     14 | 12.699 % |
|     443160 |     672    12088    74284 |    24643    22477     15 | 12.699 % |
|     664843 |     672    12088    74284 |    27107    20299     15 | 12.699 % |
|     997368 |     672    12088    74284 |    29818    20225     20 | 12.699 % |
|    1496156 |     672    12088    74284 |    32799    18243     14 | 12.699 % |
|    2244338 |     672    12088    74284 |    36079    16277     16 | 12.699 % |
|    3366612 |     672    12088    74284 |    39687    30484     15 | 12.699 % |
|    5050023 |     672    12088    74284 |    43656    21830     15 | 12.699 % |
|    7575139 |     672    12088    74284 |    48022    39652     17 | 12.699 % |
|   11362814 |     672    12088    74284 |    52824    41982     16 | 12.699 % |
===============================================================================
restarts              : 23866
conflicts             : 15702322       (28650 /sec)
decisions             : 20974728       (0.00 % random) (38270 /sec)
propagations          : 400281318      (730351 /sec)
conflict literals     : 269250296      (7.28 % deleted)
Memory used           : 56.00 MB
CPU time              : 548.067 s

SATISFIABLE
