WARNING: for repeatability, setting FPU to use double precision
============================[ Problem Statistics ]=============================
|                                                                             |
|  Number of variables:           848                                         |
|  Number of clauses:           10804                                         |
|  Parse time:                   0.01 s                                       |
|  Eliminated clauses:           0.01 Mb                                      |
|  Simplification time:          0.04 s                                       |
|                                                                             |
=============================[ Search Statistics ]==============================
| Conflicts  |          ORIGINAL         |          LEARNT          | Progress |
|            |    Vars  Clauses Literals |    Limit  Clauses Lit/Cl |          |
================================================================================
|        100 |     560    10068    61882 |     3691      100     13 | 13.208 % |
|        250 |     560    10068    61882 |     4060      250     14 | 13.208 % |
|        475 |     560    10068    61882 |     4466      475     14 | 13.208 % |
|        812 |     560    10068    61882 |     4913      812     14 | 13.208 % |
|       1318 |     560    10068    61882 |     5404     1318     14 | 13.208 % |
|       2077 |     560    10068    61882 |     5945     2077     14 | 13.208 % |
|       3216 |     560    10068    61882 |     6539     3216     14 | 13.208 % |
|       4924 |     560    10068    61882 |     7193     4924     14 | 13.208 % |
|       7486 |     560    10068    61882 |     7913     7486     15 | 13.208 % |
|      11330 |     560    10068    61882 |     8704     7317     15 | 13.208 % |
|      17096 |     560    10068    61882 |     9575     8671     15 | 13.208 % |
|      25745 |     560    10068    61882 |    10532     7565     15 | 13.208 % |
|      38719 |     560    10068    61882 |    11585     9800     15 | 13.208 % |
|      58180 |     560    10068    61882 |    12744    11609     14 | 13.208 % |
|      87372 |     560    10068    61882 |    14018     8269     15 | 13.208 % |
|     131161 |     560    10068    61882 |    15420     9315     14 | 13.208 % |
|     196845 |     560    10068    61882 |    16962    12448     15 | 13.208 % |
|     295371 |     560    10068    61882 |    18659    16523     14 | 13.208 % |
|     443160 |     560    10068    61882 |    20524    13597     16 | 13.208 % |
|     664843 |     560    10068    61882 |    22577    17860     15 | 13.208 % |
|     997368 |     560    10068    61882 |    24835    19481     15 | 13.208 % |
|    1496156 |     560    10068    61882 |    27318    17116     14 | 13.208 % |
|    2244338 |     560    10068    61882 |    30050    25227     17 | 13.208 % |
|    3366612 |     560    10068    61882 |    33055    24237     14 | 13.208 % |
|    5050023 |     560    10068    61882 |    36361    25678     17 | 13.208 % |
|    7575139 |     560    10068    61882 |    39997    27746     23 | 13.208 % |
|   11362814 |     560    10068    61882 |    43997    33121     16 | 13.208 % |
|   17044326 |     560    10068    61882 |    48396    42695     16 | 13.208 % |
|   25566595 |     560    10068    61882 |    53236    42286     17 | 13.208 % |
|   38349998 |     560    10068    61882 |    58560    37725     17 | 13.208 % |
|   57525103 |     560    10068    61882 |    64416    38961     18 | 13.208 % |
|   86287761 |     560    10068    61882 |    70857    40555     16 | 13.208 % |
===============================================================================
restarts              : 146547
conflicts             : 120964246      (16595 /sec)
decisions             : 147978734      (0.00 % random) (20301 /sec)
propagations          : 4337181055     (595016 /sec)
conflict literals     : 2215556728     (9.69 % deleted)
Memory used           : 132.00 MB
CPU time              : 7289.18 s

SATISFIABLE
