WARNING: for repeatability, setting FPU to use double precision
============================[ Problem Statistics ]=============================
|                                                                             |
|  Number of variables:          1408                                         |
|  Number of clauses:           18322                                         |
|  Parse time:                   0.01 s                                       |
|  Eliminated clauses:           0.01 Mb                                      |
|  Simplification time:          0.06 s                                       |
|                                                                             |
=============================[ Search Statistics ]==============================
| Conflicts  |          ORIGINAL         |          LEARNT          | Progress |
|            |    Vars  Clauses Literals |    Limit  Clauses Lit/Cl |          |
================================================================================
|        100 |     952    17138   105289 |     6283      100     13 | 11.932 % |
|        250 |     952    17138   105289 |     6912      250     13 | 11.932 % |
|        475 |     952    17138   105289 |     7603      475     14 | 11.932 % |
|        812 |     952    17138   105289 |     8363      812     14 | 11.932 % |
|       1318 |     952    17138   105289 |     9200     1318     14 | 11.932 % |
|       2077 |     952    17138   105289 |    10120     2077     14 | 11.932 % |
|       3216 |     952    17138   105289 |    11132     3216     14 | 11.932 % |
|       4924 |     952    17138   105289 |    12245     4924     14 | 11.932 % |
|       7486 |     952    17138   105289 |    13470     7486     15 | 11.932 % |
|      11330 |     952    17138   105289 |    14817    11330     15 | 11.932 % |
|      17096 |     952    17138   105289 |    16298     9420     14 | 11.932 % |
|      25745 |     952    17138   105289 |    17928     9831     14 | 11.932 % |
|      38719 |     952    17138   105289 |    19721    13502     15 | 11.932 % |
|      58180 |     952    17138   105289 |    21693    12922     14 | 11.932 % |
|      87372 |     952    17138   105289 |    23863    19999     15 | 11.932 % |
|     131161 |     952    17138   105289 |    26249    15176     15 | 11.932 % |
|     196845 |     952    17138   105289 |    28874    13865     15 | 11.932 % |
|     295371 |     952    17138   105289 |    31761    21409     14 | 11.932 % |
|     443160 |     952    17138   105289 |    34938    28757     16 | 11.932 % |
|     664843 |     952    17138   105289 |    38431    18457     14 | 11.932 % |
|     997368 |     952    17138   105289 |    42275    14301     19 | 11.932 % |
|    1496156 |     952    17138   105289 |    46502    32144     14 | 11.932 % |
|    2244338 |     952    17138   105289 |    51152    44981     18 | 11.932 % |
|    3366612 |     952    17138   105289 |    56268    44795     15 | 11.932 % |
|    5050023 |     952    17138   105289 |    61895    54992     18 | 11.932 % |
|    7575139 |     952    17138   105289 |    68084    31630     18 | 11.932 % |
|   11362814 |     952    17138   105289 |    74893    24632     22 | 11.932 % |
|   17044326 |     952    17138   105289 |    82382    59528     16 | 11.932 % |
|   25566595 |     952    17138   105289 |    90620    63684     16 | 11.932 % |
|   38349998 |     952    17138   105289 |    99682    28152     18 | 11.932 % |
|   57525103 |     952    17138   105289 |   109650    65947     17 | 11.932 % |
|   86287761 |     952    17138   105289 |   120615    94633     16 | 11.932 % |
|  129431749 |     952    17138   105289 |   132677    73480     17 | 11.932 % |
===============================================================================
restarts              : 159712
conflicts             : 130357592      (14505 /sec)
decisions             : 168555957      (0.00 % random) (18756 /sec)
propagations          : 4619807826     (514063 /sec)
conflict literals     : 2408769859     (9.16 % deleted)
Memory used           : 239.00 MB
CPU time              : 8986.85 s

SATISFIABLE
