WARNING: for repeatability, setting FPU to use double precision
============================[ Problem Statistics ]=============================
|                                                                             |
|  Number of variables:          1088                                         |
|  Number of clauses:           14026                                         |
|  Parse time:                   0.01 s                                       |
|  Eliminated clauses:           0.01 Mb                                      |
|  Simplification time:          0.05 s                                       |
|                                                                             |
=============================[ Search Statistics ]==============================
| Conflicts  |          ORIGINAL         |          LEARNT          | Progress |
|            |    Vars  Clauses Literals |    Limit  Clauses Lit/Cl |          |
================================================================================
|        100 |     728    13098    80485 |     4802      100     14 | 12.500 % |
|        250 |     728    13098    80485 |     5282      250     14 | 12.500 % |
|        475 |     728    13098    80485 |     5811      475     14 | 12.500 % |
|        812 |     728    13098    80485 |     6392      812     14 | 12.500 % |
|       1318 |     728    13098    80485 |     7031     1318     14 | 12.500 % |
|       2077 |     728    13098    80485 |     7734     2077     14 | 12.500 % |
|       3216 |     728    13098    80485 |     8508     3216     14 | 12.500 % |
|       4924 |     728    13098    80485 |     9358     4924     14 | 12.500 % |
|       7486 |     728    13098    80485 |    10294     7486     15 | 12.500 % |
|      11330 |     728    13098    80485 |    11324     6115     15 | 12.500 % |
|      17096 |     728    13098    80485 |    12456     6114     15 | 12.500 % |
|      25745 |     728    13098    80485 |    13702     8428     14 | 12.500 % |
|      38719 |     728    13098    80485 |    15072     7336     15 | 12.500 % |
|      58180 |     728    13098    80485 |    16579    11508     14 | 12.500 % |
|      87372 |     728    13098    80485 |    18237    15406     15 | 12.500 % |
|     131161 |     728    13098    80485 |    20061    12954     15 | 12.500 % |
|     196845 |     728    13098    80485 |    22067    17746     15 | 12.500 % |
|     295371 |     728    13098    80485 |    24274    15470     14 | 12.500 % |
|     443160 |     728    13098    80485 |    26702    16298     15 | 12.500 % |
|     664843 |     728    13098    80485 |    29372    15823     14 | 12.500 % |
|     997368 |     728    13098    80485 |    32309    19940     17 | 12.500 % |
|    1496156 |     728    13098    80485 |    35540    17719     14 | 12.500 % |
|    2244338 |     728    13098    80485 |    39094    29427     26 | 12.500 % |
|    3366612 |     728    13098    80485 |    43003    22755     15 | 12.500 % |
|    5050023 |     728    13098    80485 |    47304    21235     21 | 12.500 % |
|    7575139 |     728    13098    80485 |    52034    17488     17 | 12.500 % |
|   11362814 |     728    13098    80485 |    57238    26504     16 | 12.500 % |
===============================================================================
restarts              : 16828
conflicts             : 11643618       (30732 /sec)
decisions             : 15739411       (0.00 % random) (41542 /sec)
propagations          : 286958736      (757392 /sec)
conflict literals     : 202186712      (7.35 % deleted)
Memory used           : 56.00 MB
CPU time              : 378.877 s

SATISFIABLE
