WARNING: for repeatability, setting FPU to use double precision
============================[ Problem Statistics ]=============================
|                                                                             |
|  Number of variables:          1008                                         |
|  Number of clauses:           12952                                         |
|  Parse time:                   0.01 s                                       |
|  Eliminated clauses:           0.01 Mb                                      |
|  Simplification time:          0.04 s                                       |
|                                                                             |
=============================[ Search Statistics ]==============================
| Conflicts  |          ORIGINAL         |          LEARNT          | Progress |
|            |    Vars  Clauses Literals |    Limit  Clauses Lit/Cl |          |
================================================================================
|        100 |     672    12088    74284 |     4432      100     12 | 12.699 % |
|        250 |     672    12088    74284 |     4875      250     14 | 12.699 % |
|        475 |     672    12088    74284 |     5363      475     13 | 12.699 % |
|        812 |     672    12088    74284 |     5899      812     13 | 12.699 % |
|       1318 |     672    12088    74284 |     6489     1318     13 | 12.699 % |
|       2077 |     672    12088    74284 |     7138     2077     14 | 12.699 % |
|       3216 |     672    12088    74284 |     7852     3216     14 | 12.699 % |
|       4924 |     672    12088    74284 |     8637     4924     14 | 12.699 % |
|       7486 |     672    12088    74284 |     9500     7486     15 | 12.699 % |
|      11330 |     672    12088    74284 |    10451     6516     15 | 12.699 % |
|      17096 |     672    12088    74284 |    11496     6867     15 | 12.699 % |
|      25745 |     672    12088    74284 |    12645     9558     15 | 12.699 % |
|      38719 |     672    12088    74284 |    13910     9727     15 | 12.699 % |
|      58180 |     672    12088    74284 |    15301     7972     14 | 12.699 % |
|      87372 |     672    12088    74284 |    16831    13807     15 | 12.699 % |
|     131161 |     672    12088    74284 |    18514    14807     14 | 12.699 % |
|     196845 |     672    12088    74284 |    20366    14812     15 | 12.699 % |
|     295371 |     672    12088    74284 |    22402    10415     14 | 12.699 % |
|     443160 |     672    12088    74284 |    24643    11356     17 | 12.699 % |
|     664843 |     672    12088    74284 |    27107    20940     15 | 12.699 % |
|     997368 |     672    12088    74284 |    29818    22984     17 | 12.699 % |
|    1496156 |     672    12088    74284 |    32799    25924     14 | 12.699 % |
|    2244338 |     672    12088    74284 |    36079    17135     15 | 12.699 % |
|    3366612 |     672    12088    74284 |    39687    33129     15 | 12.699 % |
|    5050023 |     672    12088    74284 |    43656    22271     27 | 12.699 % |
|    7575139 |     672    12088    74284 |    48022    26502     15 | 12.699 % |
|   11362814 |     672    12088    74284 |    52824    37571     15 | 12.699 % |
|   17044326 |     672    12088    74284 |    58106    49508     17 | 12.699 % |
|   25566595 |     672    12088    74284 |    63917    26816     14 | 12.699 % |
===============================================================================
restarts              : 43023
conflicts             : 31060054       (22374 /sec)
decisions             : 40255732       (0.00 % random) (28998 /sec)
propagations          : 926628241      (667492 /sec)
conflict literals     : 552824986      (8.55 % deleted)
Memory used           : 87.00 MB
CPU time              : 1388.22 s

SATISFIABLE
