WARNING: for repeatability, setting FPU to use double precision
============================[ Problem Statistics ]=============================
|                                                                             |
|  Number of variables:          1248                                         |
|  Number of clauses:           16174                                         |
|  Parse time:                   0.01 s                                       |
|  Eliminated clauses:           0.01 Mb                                      |
|  Simplification time:          0.05 s                                       |
|                                                                             |
=============================[ Search Statistics ]==============================
| Conflicts  |          ORIGINAL         |          LEARNT          | Progress |
|            |    Vars  Clauses Literals |    Limit  Clauses Lit/Cl |          |
================================================================================
|        100 |     840    15118    92887 |     5543      100     12 | 12.180 % |
|        250 |     840    15118    92887 |     6097      250     13 | 12.180 % |
|        475 |     840    15118    92887 |     6707      475     13 | 12.180 % |
|        812 |     840    15118    92887 |     7378      812     13 | 12.180 % |
|       1318 |     840    15118    92887 |     8115     1318     14 | 12.180 % |
|       2077 |     840    15118    92887 |     8927     2077     14 | 12.180 % |
|       3216 |     840    15118    92887 |     9820     3216     14 | 12.180 % |
|       4924 |     840    15118    92887 |    10802     4924     14 | 12.180 % |
|       7486 |     840    15118    92887 |    11882     7486     15 | 12.180 % |
|      11330 |     840    15118    92887 |    13070    11330     14 | 12.180 % |
|      17096 |     840    15118    92887 |    14377    10474     14 | 12.180 % |
|      25745 |     840    15118    92887 |    15815    11803     14 | 12.180 % |
|      38719 |     840    15118    92887 |    17397     8662     14 | 12.180 % |
|      58180 |     840    15118    92887 |    19136    10501     15 | 12.180 % |
|      87372 |     840    15118    92887 |    21050    10661     15 | 12.180 % |
|     131161 |     840    15118    92887 |    23155    11564     14 | 12.180 % |
|     196845 |     840    15118    92887 |    25471    18547     16 | 12.180 % |
|     295371 |     840    15118    92887 |    28018    12645     14 | 12.180 % |
|     443160 |     840    15118    92887 |    30820    16677     15 | 12.180 % |
|     664843 |     840    15118    92887 |    33902    15474     14 | 12.180 % |
|     997368 |     840    15118    92887 |    37292    25528     15 | 12.180 % |
|    1496156 |     840    15118    92887 |    41021    31640     14 | 12.180 % |
|    2244338 |     840    15118    92887 |    45123    24024     20 | 12.180 % |
|    3366612 |     840    15118    92887 |    49636    43613     15 | 12.180 % |
|    5050023 |     840    15118    92887 |    54599    28318     15 | 12.180 % |
|    7575139 |     840    15118    92887 |    60059    18979     21 | 12.180 % |
|   11362814 |     840    15118    92887 |    66065    28825     20 | 12.180 % |
|   17044326 |     840    15118    92887 |    72672    31639     15 | 12.180 % |
|   25566595 |     840    15118    92887 |    79939    60790     17 | 12.180 % |
===============================================================================
restarts              : 41340
conflicts             : 30072649       (22845 /sec)
decisions             : 40091905       (0.00 % random) (30456 /sec)
propagations          : 850049367      (645750 /sec)
conflict literals     : 534144347      (8.14 % deleted)
Memory used           : 96.00 MB
CPU time              : 1316.38 s

SATISFIABLE
