WARNING: for repeatability, setting FPU to use double precision
============================[ Problem Statistics ]=============================
|                                                                             |
|  Number of variables:           608                                         |
|  Number of clauses:            7582                                         |
|  Parse time:                   0.01 s                                       |
|  Eliminated clauses:           0.01 Mb                                      |
|  Simplification time:          0.02 s                                       |
|                                                                             |
=============================[ Search Statistics ]==============================
| Conflicts  |          ORIGINAL         |          LEARNT          | Progress |
|            |    Vars  Clauses Literals |    Limit  Clauses Lit/Cl |          |
================================================================================
|        100 |     392     7038    43279 |     2580      100     12 | 14.474 % |
|        250 |     392     7038    43279 |     2838      250     14 | 14.474 % |
|        475 |     392     7038    43279 |     3122      475     13 | 14.474 % |
|        812 |     392     7038    43279 |     3434      812     13 | 14.474 % |
|       1318 |     392     7038    43279 |     3778     1318     14 | 14.474 % |
|       2077 |     392     7038    43279 |     4156     2077     14 | 14.474 % |
|       3216 |     392     7038    43279 |     4571     3216     14 | 14.474 % |
|       4924 |     392     7038    43279 |     5028     2542     14 | 14.474 % |
|       7486 |     392     7038    43279 |     5531     5104     15 | 14.474 % |
|      11330 |     392     7038    43279 |     6084     3280     14 | 14.474 % |
|      17096 |     392     7038    43279 |     6693     5942     15 | 14.474 % |
|      25745 |     392     7038    43279 |     7362     4311     14 | 14.474 % |
|      38719 |     392     7038    43279 |     8099     6018     15 | 14.474 % |
|      58180 |     392     7038    43279 |     8908     4859     14 | 14.474 % |
|      87372 |     392     7038    43279 |     9799     6848     15 | 14.474 % |
|     131161 |     392     7038    43279 |    10779     5900     14 | 14.474 % |
|     196845 |     392     7038    43279 |    11857     5832     15 | 14.474 % |
|     295371 |     392     7038    43279 |    13043     8273     15 | 14.474 % |
|     443160 |     392     7038    43279 |    14347    10797     16 | 14.474 % |
|     664843 |     392     7038    43279 |    15782     7666     13 | 14.474 % |
|     997368 |     392     7038    43279 |    17360    13195     14 | 14.474 % |
|    1496156 |     392     7038    43279 |    19097    12542     15 | 14.474 % |
|    2244338 |     392     7038    43279 |    21006    18883     17 | 14.474 % |
|    3366612 |     392     7038    43279 |    23107    19495     14 | 14.474 % |
|    5050023 |     392     7038    43279 |    25418    15994     18 | 14.474 % |
|    7575139 |     392     7038    43279 |    27960    20614     17 | 14.474 % |
|   11362814 |     392     7038    43279 |    30756    20734     18 | 14.474 % |
===============================================================================
restarts              : 19067
conflicts             : 12873805       (32790 /sec)
decisions             : 16344106       (0.00 % random) (41628 /sec)
propagations          : 327278996      (833581 /sec)
conflict literals     : 220257187      (8.29 % deleted)
Memory used           : 38.00 MB
CPU time              : 392.618 s

SATISFIABLE
