WARNING: for repeatability, setting FPU to use double precision
============================[ Problem Statistics ]=============================
|                                                                             |
|  Number of variables:           688                                         |
|  Number of clauses:            8656                                         |
|  Parse time:                   0.01 s                                       |
|  Eliminated clauses:           0.01 Mb                                      |
|  Simplification time:          0.03 s                                       |
|                                                                             |
=============================[ Search Statistics ]==============================
| Conflicts  |          ORIGINAL         |          LEARNT          | Progress |
|            |    Vars  Clauses Literals |    Limit  Clauses Lit/Cl |          |
================================================================================
|        100 |     448     8048    49480 |     2950      100     14 | 13.954 % |
|        250 |     448     8048    49480 |     3246      250     14 | 13.954 % |
|        475 |     448     8048    49480 |     3570      475     15 | 13.954 % |
|        812 |     448     8048    49480 |     3927      812     15 | 13.954 % |
|       1318 |     448     8048    49480 |     4320     1318     14 | 13.954 % |
|       2077 |     448     8048    49480 |     4752     2077     14 | 13.954 % |
|       3216 |     448     8048    49480 |     5227     3216     15 | 13.954 % |
|       4924 |     448     8048    49480 |     5750     4924     14 | 13.954 % |
|       7486 |     448     8048    49480 |     6325     4541     14 | 13.954 % |
|      11330 |     448     8048    49480 |     6958     5148     14 | 13.954 % |
|      17096 |     448     8048    49480 |     7653     3818     14 | 13.954 % |
|      25745 |     448     8048    49480 |     8419     4674     14 | 13.954 % |
|      38719 |     448     8048    49480 |     9261     4710     14 | 13.954 % |
|      58180 |     448     8048    49480 |    10187     5341     14 | 13.954 % |
|      87372 |     448     8048    49480 |    11206     8614     15 | 13.954 % |
|     131161 |     448     8048    49480 |    12326     6977     14 | 13.954 % |
|     196845 |     448     8048    49480 |    13559     9999     15 | 13.954 % |
|     295371 |     448     8048    49480 |    14915    12280     14 | 13.954 % |
|     443160 |     448     8048    49480 |    16406     9071     14 | 13.954 % |
|     664843 |     448     8048    49480 |    18047    15216     15 | 13.954 % |
|     997368 |     448     8048    49480 |    19852    10590     14 | 13.954 % |
|    1496156 |     448     8048    49480 |    21837    18912     15 | 13.954 % |
|    2244338 |     448     8048    49480 |    24021    18824     16 | 13.954 % |
|    3366612 |     448     8048    49480 |    26423    15741     13 | 13.954 % |
|    5050023 |     448     8048    49480 |    29065    19452     16 | 13.954 % |
|    7575139 |     448     8048    49480 |    31972    21139     19 | 13.954 % |
|   11362814 |     448     8048    49480 |    35169    30343     17 | 13.954 % |
|   17044326 |     448     8048    49480 |    38686    21562     17 | 13.954 % |
===============================================================================
restarts              : 30592
conflicts             : 20162729       (29133 /sec)
decisions             : 25662317       (0.00 % random) (37079 /sec)
propagations          : 540444867      (780876 /sec)
conflict literals     : 349038428      (8.23 % deleted)
Memory used           : 48.00 MB
CPU time              : 692.101 s

SATISFIABLE
