WARNING: for repeatability, setting FPU to use double precision
============================[ Problem Statistics ]=============================
|                                                                             |
|  Number of variables:           928                                         |
|  Number of clauses:           11878                                         |
|  Parse time:                   0.01 s                                       |
|  Eliminated clauses:           0.01 Mb                                      |
|  Simplification time:          0.04 s                                       |
|                                                                             |
=============================[ Search Statistics ]==============================
| Conflicts  |          ORIGINAL         |          LEARNT          | Progress |
|            |    Vars  Clauses Literals |    Limit  Clauses Lit/Cl |          |
================================================================================
|        100 |     616    11078    68083 |     4061      100     13 | 12.931 % |
|        250 |     616    11078    68083 |     4468      250     13 | 12.931 % |
|        475 |     616    11078    68083 |     4914      475     14 | 12.931 % |
|        812 |     616    11078    68083 |     5406      812     13 | 12.931 % |
|       1318 |     616    11078    68083 |     5947     1318     14 | 12.931 % |
|       2077 |     616    11078    68083 |     6541     2077     14 | 12.931 % |
|       3216 |     616    11078    68083 |     7195     3216     14 | 12.931 % |
|       4924 |     616    11078    68083 |     7915     4924     14 | 12.931 % |
|       7486 |     616    11078    68083 |     8707     7486     15 | 12.931 % |
|      11330 |     616    11078    68083 |     9577     6916     15 | 12.931 % |
|      17096 |     616    11078    68083 |    10535     7704     14 | 12.931 % |
|      25745 |     616    11078    68083 |    11589     5575     14 | 12.931 % |
|      38719 |     616    11078    68083 |    12748     6690     14 | 12.931 % |
|      58180 |     616    11078    68083 |    14022     6786     14 | 12.931 % |
|      87372 |     616    11078    68083 |    15425     7442     15 | 12.931 % |
|     131161 |     616    11078    68083 |    16967    12226     14 | 12.931 % |
|     196845 |     616    11078    68083 |    18664     8950     15 | 12.931 % |
|     295371 |     616    11078    68083 |    20530    13108     14 | 12.931 % |
|     443160 |     616    11078    68083 |    22584    15286     16 | 12.931 % |
|     664843 |     616    11078    68083 |    24842    20008     14 | 12.931 % |
|     997368 |     616    11078    68083 |    27326    14143     15 | 12.931 % |
|    1496156 |     616    11078    68083 |    30059    24980     14 | 12.931 % |
|    2244338 |     616    11078    68083 |    33065    21035     16 | 12.931 % |
|    3366612 |     616    11078    68083 |    36371    26206     15 | 12.931 % |
|    5050023 |     616    11078    68083 |    40008    30424     18 | 12.931 % |
|    7575139 |     616    11078    68083 |    44009    31612     18 | 12.931 % |
|   11362814 |     616    11078    68083 |    48410    38866     18 | 12.931 % |
|   17044326 |     616    11078    68083 |    53251    46400     16 | 12.931 % |
|   25566595 |     616    11078    68083 |    58577    23483     15 | 12.931 % |
|   38349998 |     616    11078    68083 |    64434    56447     17 | 12.931 % |
|   57525103 |     616    11078    68083 |    70878    63914     19 | 12.931 % |
===============================================================================
restarts              : 79650
conflicts             : 61120058       (60885830 /sec)
decisions             : 77270896       (0.00 % random) (76974774 /sec)
propagations          : 1943244706     (1935797692 /sec)
conflict literals     : 1109580257     (8.97 % deleted)
Memory used           : 115.00 MB
CPU time              : 1.00385 s

SATISFIABLE
