WARNING: for repeatability, setting FPU to use double precision
============================[ Problem Statistics ]=============================
|                                                                             |
|  Number of variables:           688                                         |
|  Number of clauses:            8656                                         |
|  Parse time:                   0.01 s                                       |
|  Eliminated clauses:           0.01 Mb                                      |
|  Simplification time:          0.03 s                                       |
|                                                                             |
=============================[ Search Statistics ]==============================
| Conflicts  |          ORIGINAL         |          LEARNT          | Progress |
|            |    Vars  Clauses Literals |    Limit  Clauses Lit/Cl |          |
================================================================================
|        100 |     448     8048    49480 |     2950      100     14 | 13.954 % |
|        250 |     448     8048    49480 |     3246      250     15 | 13.954 % |
|        475 |     448     8048    49480 |     3570      475     15 | 13.954 % |
|        812 |     448     8048    49480 |     3927      812     15 | 13.954 % |
|       1318 |     448     8048    49480 |     4320     1318     15 | 13.954 % |
|       2077 |     448     8048    49480 |     4752     2077     15 | 13.954 % |
|       3216 |     448     8048    49480 |     5227     3216     15 | 13.954 % |
|       4924 |     448     8048    49480 |     5750     4924     14 | 13.954 % |
|       7486 |     448     8048    49480 |     6325     4537     14 | 13.954 % |
|      11330 |     448     8048    49480 |     6958     5144     15 | 13.954 % |
|      17096 |     448     8048    49480 |     7653     3749     14 | 13.954 % |
|      25745 |     448     8048    49480 |     8419     4587     14 | 13.954 % |
|      38719 |     448     8048    49480 |     9261     4720     14 | 13.954 % |
|      58180 |     448     8048    49480 |    10187     5349     14 | 13.954 % |
|      87372 |     448     8048    49480 |    11206     8555     14 | 13.954 % |
|     131161 |     448     8048    49480 |    12326     6764     14 | 13.954 % |
|     196845 |     448     8048    49480 |    13559     9880     17 | 13.954 % |
|     295371 |     448     8048    49480 |    14915    12337     14 | 13.954 % |
|     443160 |     448     8048    49480 |    16406     9120     16 | 13.954 % |
|     664843 |     448     8048    49480 |    18047    15267     15 | 13.954 % |
|     997368 |     448     8048    49480 |    19852    10704     16 | 13.954 % |
|    1496156 |     448     8048    49480 |    21837    18559     14 | 13.954 % |
|    2244338 |     448     8048    49480 |    24021    18599     22 | 13.954 % |
|    3366612 |     448     8048    49480 |    26423    15885     14 | 13.954 % |
|    5050023 |     448     8048    49480 |    29065    18630     15 | 13.954 % |
|    7575139 |     448     8048    49480 |    31972    28970     19 | 13.954 % |
|   11362814 |     448     8048    49480 |    35169    17808     15 | 13.954 % |
|   17044326 |     448     8048    49480 |    38686    19623     15 | 13.954 % |
|   25566595 |     448     8048    49480 |    42555    35757     16 | 13.954 % |
===============================================================================
restarts              : 37244
conflicts             : 27205295       (25865 /sec)
decisions             : 34059345       (0.00 % random) (32381 /sec)
propagations          : 791725744      (752712 /sec)
conflict literals     : 474396139      (8.77 % deleted)
Memory used           : 56.00 MB
CPU time              : 1051.83 s

SATISFIABLE
