WARNING: for repeatability, setting FPU to use double precision
============================[ Problem Statistics ]=============================
|                                                                             |
|  Number of variables:          1168                                         |
|  Number of clauses:           15100                                         |
|  Parse time:                   0.01 s                                       |
|  Eliminated clauses:           0.01 Mb                                      |
|  Simplification time:          0.05 s                                       |
|                                                                             |
=============================[ Search Statistics ]==============================
| Conflicts  |          ORIGINAL         |          LEARNT          | Progress |
|            |    Vars  Clauses Literals |    Limit  Clauses Lit/Cl |          |
================================================================================
|        100 |     784    14108    86686 |     5172      100     15 | 12.329 % |
|        250 |     784    14108    86686 |     5690      250     15 | 12.329 % |
|        475 |     784    14108    86686 |     6259      475     14 | 12.329 % |
|        812 |     784    14108    86686 |     6885      812     14 | 12.329 % |
|       1318 |     784    14108    86686 |     7573     1318     14 | 12.329 % |
|       2077 |     784    14108    86686 |     8331     2077     14 | 12.329 % |
|       3216 |     784    14108    86686 |     9164     3216     14 | 12.329 % |
|       4924 |     784    14108    86686 |    10080     4924     14 | 12.329 % |
|       7486 |     784    14108    86686 |    11088     7486     14 | 12.329 % |
|      11330 |     784    14108    86686 |    12197     5711     14 | 12.329 % |
|      17096 |     784    14108    86686 |    13417    11477     15 | 12.329 % |
|      25745 |     784    14108    86686 |    14758    13312     15 | 12.329 % |
|      38719 |     784    14108    86686 |    16234    11231     15 | 12.329 % |
|      58180 |     784    14108    86686 |    17858    14141     14 | 12.329 % |
|      87372 |     784    14108    86686 |    19644    16033     15 | 12.329 % |
|     131161 |     784    14108    86686 |    21608     9962     14 | 12.329 % |
|     196845 |     784    14108    86686 |    23769    20912     16 | 12.329 % |
|     295371 |     784    14108    86686 |    26146    23024     15 | 12.329 % |
|     443160 |     784    14108    86686 |    28761    25378     15 | 12.329 % |
|     664843 |     784    14108    86686 |    31637    19502     15 | 12.329 % |
|     997368 |     784    14108    86686 |    34800    23699     15 | 12.329 % |
|    1496156 |     784    14108    86686 |    38280    27076     15 | 12.329 % |
|    2244338 |     784    14108    86686 |    42109    26964     16 | 12.329 % |
|    3366612 |     784    14108    86686 |    46320    27812     14 | 12.329 % |
|    5050023 |     784    14108    86686 |    50952    25243     18 | 12.329 % |
|    7575139 |     784    14108    86686 |    56047    39252     19 | 12.329 % |
|   11362814 |     784    14108    86686 |    61651    45480     17 | 12.329 % |
|   17044326 |     784    14108    86686 |    67817    43750     17 | 12.329 % |
|   25566595 |     784    14108    86686 |    74598    43709     18 | 12.329 % |
|   38349998 |     784    14108    86686 |    82058    51927     16 | 12.329 % |
===============================================================================
restarts              : 57112
conflicts             : 40519636       (73683319 /sec)
decisions             : 53558741       (0.00 % random) (97394404 /sec)
propagations          : 1189568958     (2163183028 /sec)
conflict literals     : 719145171      (8.14 % deleted)
Memory used           : 108.00 MB
CPU time              : 0.549916 s

SATISFIABLE
