WARNING: for repeatability, setting FPU to use double precision
============================[ Problem Statistics ]=============================
|                                                                             |
|  Number of variables:           608                                         |
|  Number of clauses:            7582                                         |
|  Parse time:                   0.00 s                                       |
|  Eliminated clauses:           0.01 Mb                                      |
|  Simplification time:          0.02 s                                       |
|                                                                             |
=============================[ Search Statistics ]==============================
| Conflicts  |          ORIGINAL         |          LEARNT          | Progress |
|            |    Vars  Clauses Literals |    Limit  Clauses Lit/Cl |          |
================================================================================
|        100 |     392     7038    43279 |     2580      100     13 | 14.474 % |
|        250 |     392     7038    43279 |     2838      250     12 | 14.474 % |
|        475 |     392     7038    43279 |     3122      475     13 | 14.474 % |
|        812 |     392     7038    43279 |     3434      812     14 | 14.474 % |
|       1318 |     392     7038    43279 |     3778     1318     14 | 14.474 % |
|       2077 |     392     7038    43279 |     4156     2077     14 | 14.474 % |
|       3216 |     392     7038    43279 |     4571     3216     14 | 14.474 % |
|       4924 |     392     7038    43279 |     5028     2517     14 | 14.474 % |
|       7486 |     392     7038    43279 |     5531     5079     15 | 14.474 % |
|      11330 |     392     7038    43279 |     6084     3203     14 | 14.474 % |
|      17096 |     392     7038    43279 |     6693     5815     15 | 14.474 % |
|      25745 |     392     7038    43279 |     7362     4177     14 | 14.474 % |
|      38719 |     392     7038    43279 |     8099     5872     15 | 14.474 % |
|      58180 |     392     7038    43279 |     8908     4654     13 | 14.474 % |
|      87372 |     392     7038    43279 |     9799     6614     22 | 14.474 % |
|     131161 |     392     7038    43279 |    10779     5676     14 | 14.474 % |
|     196845 |     392     7038    43279 |    11857     5597     16 | 14.474 % |
|     295371 |     392     7038    43279 |    13043     7745     16 | 14.474 % |
|     443160 |     392     7038    43279 |    14347    10087     15 | 14.474 % |
|     664843 |     392     7038    43279 |    15782    14161     16 | 14.474 % |
|     997368 |     392     7038    43279 |    17360    11630     17 | 14.474 % |
|    1496156 |     392     7038    43279 |    19097    11322     14 | 14.474 % |
|    2244338 |     392     7038    43279 |    21006    18663     15 | 14.474 % |
|    3366612 |     392     7038    43279 |    23107    19283     15 | 14.474 % |
|    5050023 |     392     7038    43279 |    25418    15827     18 | 14.474 % |
|    7575139 |     392     7038    43279 |    27960    22027     15 | 14.474 % |
|   11362814 |     392     7038    43279 |    30756    18894     16 | 14.474 % |
|   17044326 |     392     7038    43279 |    33831    27902     16 | 14.474 % |
===============================================================================
restarts              : 29497
conflicts             : 19618960       (30311 /sec)
decisions             : 24879983       (0.00 % random) (38439 /sec)
propagations          : 522475478      (807205 /sec)
conflict literals     : 335681530      (8.47 % deleted)
Memory used           : 42.00 MB
CPU time              : 647.265 s

SATISFIABLE
