WARNING: for repeatability, setting FPU to use double precision
============================[ Problem Statistics ]=============================
|                                                                             |
|  Number of variables:           848                                         |
|  Number of clauses:           10804                                         |
|  Parse time:                   0.00 s                                       |
|  Eliminated clauses:           0.01 Mb                                      |
|  Simplification time:          0.04 s                                       |
|                                                                             |
=============================[ Search Statistics ]==============================
| Conflicts  |          ORIGINAL         |          LEARNT          | Progress |
|            |    Vars  Clauses Literals |    Limit  Clauses Lit/Cl |          |
================================================================================
|        100 |     560    10068    61882 |     3691      100     14 | 13.208 % |
|        250 |     560    10068    61882 |     4060      250     15 | 13.208 % |
|        475 |     560    10068    61882 |     4466      475     15 | 13.208 % |
|        812 |     560    10068    61882 |     4913      812     15 | 13.208 % |
|       1318 |     560    10068    61882 |     5404     1318     15 | 13.208 % |
|       2077 |     560    10068    61882 |     5945     2077     15 | 13.208 % |
|       3216 |     560    10068    61882 |     6539     3216     15 | 13.208 % |
|       4924 |     560    10068    61882 |     7193     4924     15 | 13.208 % |
|       7486 |     560    10068    61882 |     7913     3748     14 | 13.208 % |
|      11330 |     560    10068    61882 |     8704     7592     14 | 13.208 % |
|      17096 |     560    10068    61882 |     9575     8918     15 | 13.208 % |
|      25745 |     560    10068    61882 |    10532     7821     15 | 13.208 % |
|      38719 |     560    10068    61882 |    11585    10110     15 | 13.208 % |
|      58180 |     560    10068    61882 |    12744     5947     14 | 13.208 % |
|      87372 |     560    10068    61882 |    14018     9220     15 | 13.208 % |
|     131161 |     560    10068    61882 |    15420    10303     14 | 13.208 % |
|     196845 |     560    10068    61882 |    16962    13415     16 | 13.208 % |
|     295371 |     560    10068    61882 |    18659     9055     15 | 13.208 % |
|     443160 |     560    10068    61882 |    20524    15275     14 | 13.208 % |
|     664843 |     560    10068    61882 |    22577    19318     15 | 13.208 % |
|     997368 |     560    10068    61882 |    24835    21068     16 | 13.208 % |
|    1496156 |     560    10068    61882 |    27318    18049     14 | 13.208 % |
|    2244338 |     560    10068    61882 |    30050    16385     14 | 13.208 % |
|    3366612 |     560    10068    61882 |    33055    21639     14 | 13.208 % |
|    5050023 |     560    10068    61882 |    36361    28591     16 | 13.208 % |
|    7575139 |     560    10068    61882 |    39997    31845     17 | 13.208 % |
|   11362814 |     560    10068    61882 |    43997    29599     24 | 13.208 % |
|   17044326 |     560    10068    61882 |    48396    42427     17 | 13.208 % |
|   25566595 |     560    10068    61882 |    53236    31769     16 | 13.208 % |
|   38349998 |     560    10068    61882 |    58560    15577     16 | 13.208 % |
|   57525103 |     560    10068    61882 |    64416    49372     19 | 13.208 % |
|   86287761 |     560    10068    61882 |    70857    61024     15 | 13.208 % |
|  129431749 |     560    10068    61882 |    77943    32037     17 | 13.208 % |
===============================================================================
restarts              : 171874
conflicts             : 140562500      (15787 /sec)
decisions             : 172050835      (0.00 % random) (19324 /sec)
propagations          : 5135111118     (576755 /sec)
conflict literals     : 2582279718     (9.75 % deleted)
Memory used           : 151.00 MB
CPU time              : 8903.46 s

SATISFIABLE
