WARNING: for repeatability, setting FPU to use double precision
============================[ Problem Statistics ]=============================
|                                                                             |
|  Number of variables:          1168                                         |
|  Number of clauses:           15100                                         |
|  Parse time:                   0.01 s                                       |
|  Eliminated clauses:           0.01 Mb                                      |
|  Simplification time:          0.05 s                                       |
|                                                                             |
=============================[ Search Statistics ]==============================
| Conflicts  |          ORIGINAL         |          LEARNT          | Progress |
|            |    Vars  Clauses Literals |    Limit  Clauses Lit/Cl |          |
================================================================================
|        100 |     784    14108    86686 |     5172      100     15 | 12.329 % |
|        250 |     784    14108    86686 |     5690      250     15 | 12.329 % |
|        475 |     784    14108    86686 |     6259      475     13 | 12.329 % |
|        812 |     784    14108    86686 |     6885      812     13 | 12.329 % |
|       1318 |     784    14108    86686 |     7573     1318     14 | 12.329 % |
|       2077 |     784    14108    86686 |     8331     2077     14 | 12.329 % |
|       3216 |     784    14108    86686 |     9164     3216     15 | 12.329 % |
|       4924 |     784    14108    86686 |    10080     4924     14 | 12.329 % |
|       7486 |     784    14108    86686 |    11088     7486     14 | 12.329 % |
|      11330 |     784    14108    86686 |    12197     5713     14 | 12.329 % |
|      17096 |     784    14108    86686 |    13417    11479     15 | 12.329 % |
|      25745 |     784    14108    86686 |    14758    13316     15 | 12.329 % |
|      38719 |     784    14108    86686 |    16234    11262     15 | 12.329 % |
|      58180 |     784    14108    86686 |    17858    14127     15 | 12.329 % |
|      87372 |     784    14108    86686 |    19644    16112     15 | 12.329 % |
|     131161 |     784    14108    86686 |    21608    10241     13 | 12.329 % |
|     196845 |     784    14108    86686 |    23769    21221     16 | 12.329 % |
|     295371 |     784    14108    86686 |    26146    23501     14 | 12.329 % |
|     443160 |     784    14108    86686 |    28761    25182     16 | 12.329 % |
|     664843 |     784    14108    86686 |    31637    15145     15 | 12.329 % |
|     997368 |     784    14108    86686 |    34800    23526     16 | 12.329 % |
|    1496156 |     784    14108    86686 |    38280    25420     15 | 12.329 % |
|    2244338 |     784    14108    86686 |    42109    28769     18 | 12.329 % |
|    3366612 |     784    14108    86686 |    46320    29652     14 | 12.329 % |
|    5050023 |     784    14108    86686 |    50952    30242     16 | 12.329 % |
|    7575139 |     784    14108    86686 |    56047    32082     17 | 12.329 % |
|   11362814 |     784    14108    86686 |    61651    39181     22 | 12.329 % |
|   17044326 |     784    14108    86686 |    67817    24883     16 | 12.329 % |
|   25566595 |     784    14108    86686 |    74598    42895     17 | 12.329 % |
|   38349998 |     784    14108    86686 |    82058    38924     17 | 12.329 % |
|   57525103 |     784    14108    86686 |    90264    79454     19 | 12.329 % |
===============================================================================
restarts              : 86359
conflicts             : 66541356       (18481 /sec)
decisions             : 86048680       (0.00 % random) (23899 /sec)
propagations          : 2109785670     (585965 /sec)
conflict literals     : 1213509466     (8.54 % deleted)
Memory used           : 143.00 MB
CPU time              : 3600.53 s

SATISFIABLE
