WARNING: for repeatability, setting FPU to use double precision
============================[ Problem Statistics ]=============================
|                                                                             |
|  Number of variables:          1328                                         |
|  Number of clauses:           17248                                         |
|  Parse time:                   0.01 s                                       |
|  Eliminated clauses:           0.01 Mb                                      |
|  Simplification time:          0.06 s                                       |
|                                                                             |
=============================[ Search Statistics ]==============================
| Conflicts  |          ORIGINAL         |          LEARNT          | Progress |
|            |    Vars  Clauses Literals |    Limit  Clauses Lit/Cl |          |
================================================================================
|        100 |     896    16128    99088 |     5913      100     13 | 12.048 % |
|        250 |     896    16128    99088 |     6504      250     14 | 12.048 % |
|        475 |     896    16128    99088 |     7155      475     14 | 12.048 % |
|        812 |     896    16128    99088 |     7871      812     14 | 12.048 % |
|       1318 |     896    16128    99088 |     8658     1318     14 | 12.048 % |
|       2077 |     896    16128    99088 |     9523     2077     14 | 12.048 % |
|       3216 |     896    16128    99088 |    10476     3216     14 | 12.048 % |
|       4924 |     896    16128    99088 |    11523     4924     14 | 12.048 % |
|       7486 |     896    16128    99088 |    12676     7486     14 | 12.048 % |
|      11330 |     896    16128    99088 |    13943    11330     15 | 12.048 % |
|      17096 |     896    16128    99088 |    15338     9929     15 | 12.048 % |
|      25745 |     896    16128    99088 |    16872    10753     15 | 12.048 % |
|      38719 |     896    16128    99088 |    18559    15181     15 | 12.048 % |
|      58180 |     896    16128    99088 |    20415    15596     14 | 12.048 % |
|      87372 |     896    16128    99088 |    22456    13755     16 | 12.048 % |
|     131161 |     896    16128    99088 |    24702    12122     14 | 12.048 % |
|     196845 |     896    16128    99088 |    27172    15091     15 | 12.048 % |
|     295371 |     896    16128    99088 |    29890    13842     15 | 12.048 % |
|     443160 |     896    16128    99088 |    32879    19226     16 | 12.048 % |
|     664843 |     896    16128    99088 |    36167    31060     15 | 12.048 % |
|     997368 |     896    16128    99088 |    39783    35466     18 | 12.048 % |
|    1496156 |     896    16128    99088 |    43762    24757     14 | 12.048 % |
|    2244338 |     896    16128    99088 |    48138    21191     16 | 12.048 % |
|    3366612 |     896    16128    99088 |    52952    42985     15 | 12.048 % |
|    5050023 |     896    16128    99088 |    58247    35743     16 | 12.048 % |
|    7575139 |     896    16128    99088 |    64072    53656     19 | 12.048 % |
|   11362814 |     896    16128    99088 |    70479    63837     17 | 12.048 % |
|   17044326 |     896    16128    99088 |    77527    43349     16 | 12.048 % |
|   25566595 |     896    16128    99088 |    85279    73255     16 | 12.048 % |
|   38349998 |     896    16128    99088 |    93807    84766     17 | 12.048 % |
|   57525103 |     896    16128    99088 |   103188    25729     17 | 12.048 % |
|   86287761 |     896    16128    99088 |   113507    49048     15 | 12.048 % |
|  129431749 |     896    16128    99088 |   124858    29879     14 | 12.048 % |
|  194147731 |     896    16128    99088 |   137344   111257     17 | 12.048 % |
|  291221704 |     896    16128    99088 |   151078    63768     14 | 12.048 % |
===============================================================================
restarts              : 415521
conflicts             : 362402500      (10268 /sec)
decisions             : 452289172      (0.00 % random) (12815 /sec)
propagations          : 15062905347    (426799 /sec)
conflict literals     : 6904483602     (10.05 % deleted)
Memory used           : 377.00 MB
CPU time              : 35292.8 s

SATISFIABLE
