WARNING: for repeatability, setting FPU to use double precision
============================[ Problem Statistics ]=============================
|                                                                             |
|  Number of variables:          1008                                         |
|  Number of clauses:           12952                                         |
|  Parse time:                   0.01 s                                       |
|  Eliminated clauses:           0.01 Mb                                      |
|  Simplification time:          0.04 s                                       |
|                                                                             |
=============================[ Search Statistics ]==============================
| Conflicts  |          ORIGINAL         |          LEARNT          | Progress |
|            |    Vars  Clauses Literals |    Limit  Clauses Lit/Cl |          |
================================================================================
|        100 |     672    12088    74284 |     4432      100     14 | 12.699 % |
|        250 |     672    12088    74284 |     4875      250     16 | 12.699 % |
|        475 |     672    12088    74284 |     5363      475     16 | 12.699 % |
|        812 |     672    12088    74284 |     5899      812     15 | 12.699 % |
|       1318 |     672    12088    74284 |     6489     1318     15 | 12.699 % |
|       2077 |     672    12088    74284 |     7138     2077     14 | 12.699 % |
|       3216 |     672    12088    74284 |     7852     3216     15 | 12.699 % |
|       4924 |     672    12088    74284 |     8637     4924     15 | 12.699 % |
|       7486 |     672    12088    74284 |     9500     7486     15 | 12.699 % |
|      11330 |     672    12088    74284 |    10451     6468     14 | 12.699 % |
|      17096 |     672    12088    74284 |    11496     6776     14 | 12.699 % |
|      25745 |     672    12088    74284 |    12645     9552     15 | 12.699 % |
|      38719 |     672    12088    74284 |    13910     9663     15 | 12.699 % |
|      58180 |     672    12088    74284 |    15301     7894     14 | 12.699 % |
|      87372 |     672    12088    74284 |    16831    13770     15 | 12.699 % |
|     131161 |     672    12088    74284 |    18514    14971     15 | 12.699 % |
|     196845 |     672    12088    74284 |    20366    15050     16 | 12.699 % |
|     295371 |     672    12088    74284 |    22402    10536     14 | 12.699 % |
|     443160 |     672    12088    74284 |    24643    11328     16 | 12.699 % |
|     664843 |     672    12088    74284 |    27107    20878     15 | 12.699 % |
|     997368 |     672    12088    74284 |    29818    22621     16 | 12.699 % |
|    1496156 |     672    12088    74284 |    32799    16259     14 | 12.699 % |
|    2244338 |     672    12088    74284 |    36079    28982     19 | 12.699 % |
|    3366612 |     672    12088    74284 |    39687    28662     15 | 12.699 % |
|    5050023 |     672    12088    74284 |    43656    30231     18 | 12.699 % |
|    7575139 |     672    12088    74284 |    48022    38923     16 | 12.699 % |
|   11362814 |     672    12088    74284 |    52824    48056     19 | 12.699 % |
|   17044326 |     672    12088    74284 |    58106    45760     16 | 12.699 % |
|   25566595 |     672    12088    74284 |    63917    32791     16 | 12.699 % |
|   38349998 |     672    12088    74284 |    70309    51222     16 | 12.699 % |
|   57525103 |     672    12088    74284 |    77340    42148     18 | 12.699 % |
|   86287761 |     672    12088    74284 |    85074    41866     15 | 12.699 % |
|  129431749 |     672    12088    74284 |    93581    74204     18 | 12.699 % |
===============================================================================
restarts              : 200951
conflicts             : 166511813      (14525 /sec)
decisions             : 205936149      (0.00 % random) (17964 /sec)
propagations          : 6173728546     (538552 /sec)
conflict literals     : 3107408389     (9.81 % deleted)
Memory used           : 192.00 MB
CPU time              : 11463.6 s

SATISFIABLE
