WARNING: for repeatability, setting FPU to use double precision
============================[ Problem Statistics ]=============================
|                                                                             |
|  Number of variables:          1008                                         |
|  Number of clauses:           12952                                         |
|  Parse time:                   0.01 s                                       |
|  Eliminated clauses:           0.01 Mb                                      |
|  Simplification time:          0.04 s                                       |
|                                                                             |
=============================[ Search Statistics ]==============================
| Conflicts  |          ORIGINAL         |          LEARNT          | Progress |
|            |    Vars  Clauses Literals |    Limit  Clauses Lit/Cl |          |
================================================================================
|        100 |     672    12088    74284 |     4432      100     14 | 12.699 % |
|        250 |     672    12088    74284 |     4875      250     13 | 12.699 % |
|        475 |     672    12088    74284 |     5363      475     14 | 12.699 % |
|        812 |     672    12088    74284 |     5899      812     15 | 12.699 % |
|       1318 |     672    12088    74284 |     6489     1318     14 | 12.699 % |
|       2077 |     672    12088    74284 |     7138     2077     14 | 12.699 % |
|       3216 |     672    12088    74284 |     7852     3216     14 | 12.699 % |
|       4924 |     672    12088    74284 |     8637     4924     14 | 12.699 % |
|       7486 |     672    12088    74284 |     9500     7486     15 | 12.699 % |
|      11330 |     672    12088    74284 |    10451     6515     15 | 12.699 % |
|      17096 |     672    12088    74284 |    11496     6923     14 | 12.699 % |
|      25745 |     672    12088    74284 |    12645     9726     15 | 12.699 % |
|      38719 |     672    12088    74284 |    13910     9855     15 | 12.699 % |
|      58180 |     672    12088    74284 |    15301     8012     14 | 12.699 % |
|      87372 |     672    12088    74284 |    16831    13878     15 | 12.699 % |
|     131161 |     672    12088    74284 |    18514    15000     15 | 12.699 % |
|     196845 |     672    12088    74284 |    20366    15055     16 | 12.699 % |
|     295371 |     672    12088    74284 |    22402    10755     14 | 12.699 % |
|     443160 |     672    12088    74284 |    24643    22723     15 | 12.699 % |
|     664843 |     672    12088    74284 |    27107    20639     14 | 12.699 % |
|     997368 |     672    12088    74284 |    29818    21145     15 | 12.699 % |
|    1496156 |     672    12088    74284 |    32799    26595     15 | 12.699 % |
|    2244338 |     672    12088    74284 |    36079    24870     19 | 12.699 % |
|    3366612 |     672    12088    74284 |    39687    34687     15 | 12.699 % |
|    5050023 |     672    12088    74284 |    43656    27131     16 | 12.699 % |
|    7575139 |     672    12088    74284 |    48022    31197     16 | 12.699 % |
|   11362814 |     672    12088    74284 |    52824    30005     16 | 12.699 % |
|   17044326 |     672    12088    74284 |    58106    45889     17 | 12.699 % |
|   25566595 |     672    12088    74284 |    63917    48924     16 | 12.699 % |
|   38349998 |     672    12088    74284 |    70309    61459     17 | 12.699 % |
|   57525103 |     672    12088    74284 |    77340    47217     16 | 12.699 % |
|   86287761 |     672    12088    74284 |    85074    35376     14 | 12.699 % |
===============================================================================
restarts              : 133012
conflicts             : 112396503      (559272838 /sec)
decisions             : 139528521      (0.00 % random) (694278824 /sec)
propagations          : 4036412616     (20084752454 /sec)
conflict literals     : 2069725762     (9.60 % deleted)
Memory used           : 164.00 MB
CPU time              : 0.200969 s

SATISFIABLE
