WARNING: for repeatability, setting FPU to use double precision
============================[ Problem Statistics ]=============================
|                                                                             |
|  Number of variables:          1168                                         |
|  Number of clauses:           15100                                         |
|  Parse time:                   0.01 s                                       |
|  Eliminated clauses:           0.01 Mb                                      |
|  Simplification time:          0.05 s                                       |
|                                                                             |
=============================[ Search Statistics ]==============================
| Conflicts  |          ORIGINAL         |          LEARNT          | Progress |
|            |    Vars  Clauses Literals |    Limit  Clauses Lit/Cl |          |
================================================================================
|        100 |     784    14108    86686 |     5172      100     12 | 12.329 % |
|        250 |     784    14108    86686 |     5690      250     12 | 12.329 % |
|        475 |     784    14108    86686 |     6259      475     13 | 12.329 % |
|        812 |     784    14108    86686 |     6885      812     14 | 12.329 % |
|       1318 |     784    14108    86686 |     7573     1318     14 | 12.329 % |
|       2077 |     784    14108    86686 |     8331     2077     14 | 12.329 % |
|       3216 |     784    14108    86686 |     9164     3216     14 | 12.329 % |
|       4924 |     784    14108    86686 |    10080     4924     14 | 12.329 % |
|       7486 |     784    14108    86686 |    11088     7486     14 | 12.329 % |
|      11330 |     784    14108    86686 |    12197     5709     14 | 12.329 % |
|      17096 |     784    14108    86686 |    13417    11475     15 | 12.329 % |
|      25745 |     784    14108    86686 |    14758    13318     15 | 12.329 % |
|      38719 |     784    14108    86686 |    16234    11336     15 | 12.329 % |
|      58180 |     784    14108    86686 |    17858    14248     15 | 12.329 % |
|      87372 |     784    14108    86686 |    19644    16000     15 | 12.329 % |
|     131161 |     784    14108    86686 |    21608    10081     14 | 12.329 % |
|     196845 |     784    14108    86686 |    23769    21213     16 | 12.329 % |
|     295371 |     784    14108    86686 |    26146    22928     15 | 12.329 % |
|     443160 |     784    14108    86686 |    28761    24956     16 | 12.329 % |
|     664843 |     784    14108    86686 |    31637    17941     14 | 12.329 % |
|     997368 |     784    14108    86686 |    34800    19734     17 | 12.329 % |
|    1496156 |     784    14108    86686 |    38280    26008     14 | 12.329 % |
|    2244338 |     784    14108    86686 |    42109    21869     16 | 12.329 % |
|    3366612 |     784    14108    86686 |    46320    17798     14 | 12.329 % |
|    5050023 |     784    14108    86686 |    50952    18738     17 | 12.329 % |
|    7575139 |     784    14108    86686 |    56047    27735     17 | 12.329 % |
|   11362814 |     784    14108    86686 |    61651    20210     15 | 12.329 % |
|   17044326 |     784    14108    86686 |    67817    48296     16 | 12.329 % |
|   25566595 |     784    14108    86686 |    74598    33874     16 | 12.329 % |
|   38349998 |     784    14108    86686 |    82058    67156     16 | 12.329 % |
|   57525103 |     784    14108    86686 |    90264    64015     18 | 12.329 % |
|   86287761 |     784    14108    86686 |    99291    85748     16 | 12.329 % |
|  129431749 |     784    14108    86686 |   109220    42394     20 | 12.329 % |
===============================================================================
restarts              : 175865
conflicts             : 143390783      (13896 /sec)
decisions             : 181065826      (0.00 % random) (17547 /sec)
propagations          : 5388857251     (522236 /sec)
conflict literals     : 2679012577     (9.58 % deleted)
Memory used           : 209.00 MB
CPU time              : 10318.8 s

SATISFIABLE
