WARNING: for repeatability, setting FPU to use double precision
============================[ Problem Statistics ]=============================
|                                                                             |
|  Number of variables:           848                                         |
|  Number of clauses:           10804                                         |
|  Parse time:                   0.01 s                                       |
|  Eliminated clauses:           0.01 Mb                                      |
|  Simplification time:          0.03 s                                       |
|                                                                             |
=============================[ Search Statistics ]==============================
| Conflicts  |          ORIGINAL         |          LEARNT          | Progress |
|            |    Vars  Clauses Literals |    Limit  Clauses Lit/Cl |          |
================================================================================
|        100 |     560    10068    61882 |     3691      100     14 | 13.208 % |
|        250 |     560    10068    61882 |     4060      250     14 | 13.208 % |
|        475 |     560    10068    61882 |     4466      475     14 | 13.208 % |
|        812 |     560    10068    61882 |     4913      812     14 | 13.208 % |
|       1318 |     560    10068    61882 |     5404     1318     15 | 13.208 % |
|       2077 |     560    10068    61882 |     5945     2077     15 | 13.208 % |
|       3216 |     560    10068    61882 |     6539     3216     14 | 13.208 % |
|       4924 |     560    10068    61882 |     7193     4924     15 | 13.208 % |
|       7486 |     560    10068    61882 |     7913     7486     15 | 13.208 % |
|      11330 |     560    10068    61882 |     8704     7274     15 | 13.208 % |
|      17096 |     560    10068    61882 |     9575     8602     15 | 13.208 % |
|      25745 |     560    10068    61882 |    10532     7420     14 | 13.208 % |
|      38719 |     560    10068    61882 |    11585     9692     15 | 13.208 % |
|      58180 |     560    10068    61882 |    12744    11467     15 | 13.208 % |
|      87372 |     560    10068    61882 |    14018     8258     15 | 13.208 % |
|     131161 |     560    10068    61882 |    15420     9328     14 | 13.208 % |
|     196845 |     560    10068    61882 |    16962    12428     16 | 13.208 % |
|     295371 |     560    10068    61882 |    18659    16533     14 | 13.208 % |
|     443160 |     560    10068    61882 |    20524    13156     15 | 13.208 % |
|     664843 |     560    10068    61882 |    22577    17416     15 | 13.208 % |
|     997368 |     560    10068    61882 |    24835    19379     17 | 13.208 % |
|    1496156 |     560    10068    61882 |    27318    14327     14 | 13.208 % |
|    2244338 |     560    10068    61882 |    30050    27051     17 | 13.208 % |
|    3366612 |     560    10068    61882 |    33055    21349     14 | 13.208 % |
|    5050023 |     560    10068    61882 |    36361    31695     19 | 13.208 % |
|    7575139 |     560    10068    61882 |    39997    30636     17 | 13.208 % |
|   11362814 |     560    10068    61882 |    43997    39297     17 | 13.208 % |
|   17044326 |     560    10068    61882 |    48396    30617     16 | 13.208 % |
|   25566595 |     560    10068    61882 |    53236    28489     17 | 13.208 % |
===============================================================================
restarts              : 43769
conflicts             : 31370288       (25750 /sec)
decisions             : 40090619       (0.00 % random) (32907 /sec)
propagations          : 871755959      (715561 /sec)
conflict literals     : 553864108      (8.24 % deleted)
Memory used           : 69.00 MB
CPU time              : 1218.28 s

SATISFIABLE
