WARNING: for repeatability, setting FPU to use double precision
============================[ Problem Statistics ]=============================
|                                                                             |
|  Number of variables:          1008                                         |
|  Number of clauses:           12952                                         |
|  Parse time:                   0.01 s                                       |
|  Eliminated clauses:           0.01 Mb                                      |
|  Simplification time:          0.04 s                                       |
|                                                                             |
=============================[ Search Statistics ]==============================
| Conflicts  |          ORIGINAL         |          LEARNT          | Progress |
|            |    Vars  Clauses Literals |    Limit  Clauses Lit/Cl |          |
================================================================================
|        100 |     672    12088    74284 |     4432      100     12 | 12.699 % |
|        250 |     672    12088    74284 |     4875      250     15 | 12.699 % |
|        475 |     672    12088    74284 |     5363      475     15 | 12.699 % |
|        812 |     672    12088    74284 |     5899      812     14 | 12.699 % |
|       1318 |     672    12088    74284 |     6489     1318     15 | 12.699 % |
|       2077 |     672    12088    74284 |     7138     2077     14 | 12.699 % |
|       3216 |     672    12088    74284 |     7852     3216     14 | 12.699 % |
|       4924 |     672    12088    74284 |     8637     4924     14 | 12.699 % |
|       7486 |     672    12088    74284 |     9500     7486     15 | 12.699 % |
|      11330 |     672    12088    74284 |    10451     6516     14 | 12.699 % |
|      17096 |     672    12088    74284 |    11496     6969     14 | 12.699 % |
|      25745 |     672    12088    74284 |    12645     9668     14 | 12.699 % |
|      38719 |     672    12088    74284 |    13910     9838     15 | 12.699 % |
|      58180 |     672    12088    74284 |    15301     7997     14 | 12.699 % |
|      87372 |     672    12088    74284 |    16831    13930     15 | 12.699 % |
|     131161 |     672    12088    74284 |    18514    14993     15 | 12.699 % |
|     196845 |     672    12088    74284 |    20366    14877     15 | 12.699 % |
|     295371 |     672    12088    74284 |    22402    10499     14 | 12.699 % |
|     443160 |     672    12088    74284 |    24643    22649     16 | 12.699 % |
|     664843 |     672    12088    74284 |    27107    20341     14 | 12.699 % |
|     997368 |     672    12088    74284 |    29818    21895     16 | 12.699 % |
|    1496156 |     672    12088    74284 |    32799    26049     15 | 12.699 % |
|    2244338 |     672    12088    74284 |    36079    29763     19 | 12.699 % |
|    3366612 |     672    12088    74284 |    39687    19628     14 | 12.699 % |
|    5050023 |     672    12088    74284 |    43656    22869     21 | 12.699 % |
|    7575139 |     672    12088    74284 |    48022    23808     22 | 12.699 % |
|   11362814 |     672    12088    74284 |    52824    32069     18 | 12.699 % |
|   17044326 |     672    12088    74284 |    58106    40002     15 | 12.699 % |
|   25566595 |     672    12088    74284 |    63917    56814     16 | 12.699 % |
|   38349998 |     672    12088    74284 |    70309    46788     15 | 12.699 % |
|   57525103 |     672    12088    74284 |    77340    58751     19 | 12.699 % |
===============================================================================
restarts              : 105582
conflicts             : 81203877       (18394 /sec)
decisions             : 102858632      (0.00 % random) (23300 /sec)
propagations          : 2672546542     (605385 /sec)
conflict literals     : 1478671353     (8.79 % deleted)
Memory used           : 137.00 MB
CPU time              : 4414.62 s

SATISFIABLE
