WARNING: for repeatability, setting FPU to use double precision
============================[ Problem Statistics ]=============================
|                                                                             |
|  Number of variables:          1248                                         |
|  Number of clauses:           16174                                         |
|  Parse time:                   0.01 s                                       |
|  Eliminated clauses:           0.01 Mb                                      |
|  Simplification time:          0.05 s                                       |
|                                                                             |
=============================[ Search Statistics ]==============================
| Conflicts  |          ORIGINAL         |          LEARNT          | Progress |
|            |    Vars  Clauses Literals |    Limit  Clauses Lit/Cl |          |
================================================================================
|        100 |     840    15118    92887 |     5543      100     14 | 12.180 % |
|        250 |     840    15118    92887 |     6097      250     15 | 12.180 % |
|        475 |     840    15118    92887 |     6707      475     14 | 12.180 % |
|        812 |     840    15118    92887 |     7378      812     13 | 12.180 % |
|       1318 |     840    15118    92887 |     8115     1318     15 | 12.180 % |
|       2077 |     840    15118    92887 |     8927     2077     14 | 12.180 % |
|       3216 |     840    15118    92887 |     9820     3216     15 | 12.180 % |
|       4924 |     840    15118    92887 |    10802     4924     15 | 12.180 % |
|       7486 |     840    15118    92887 |    11882     7486     15 | 12.180 % |
|      11330 |     840    15118    92887 |    13070    11330     15 | 12.180 % |
|      17096 |     840    15118    92887 |    14377    10477     14 | 12.180 % |
|      25745 |     840    15118    92887 |    15815    11839     14 | 12.180 % |
|      38719 |     840    15118    92887 |    17397     8736     14 | 12.180 % |
|      58180 |     840    15118    92887 |    19136    10470     14 | 12.180 % |
|      87372 |     840    15118    92887 |    21050    10470     16 | 12.180 % |
|     131161 |     840    15118    92887 |    23155    11572     14 | 12.180 % |
|     196845 |     840    15118    92887 |    25471    18339     16 | 12.180 % |
|     295371 |     840    15118    92887 |    28018    24593     15 | 12.180 % |
|     443160 |     840    15118    92887 |    30820    25625     17 | 12.180 % |
|     664843 |     840    15118    92887 |    33902    17995     14 | 12.180 % |
|     997368 |     840    15118    92887 |    37292    34072     16 | 12.180 % |
|    1496156 |     840    15118    92887 |    41021    17048     13 | 12.180 % |
|    2244338 |     840    15118    92887 |    45123    36356     17 | 12.180 % |
|    3366612 |     840    15118    92887 |    49636    33346     15 | 12.180 % |
|    5050023 |     840    15118    92887 |    54599    26197     17 | 12.180 % |
|    7575139 |     840    15118    92887 |    60059    42864     17 | 12.180 % |
|   11362814 |     840    15118    92887 |    66065    38535     17 | 12.180 % |
|   17044326 |     840    15118    92887 |    72672    61298     16 | 12.180 % |
|   25566595 |     840    15118    92887 |    79939    70891     17 | 12.180 % |
===============================================================================
restarts              : 50853
conflicts             : 36876384       (21296 /sec)
decisions             : 48770212       (0.00 % random) (28165 /sec)
propagations          : 1090237542     (629616 /sec)
conflict literals     : 662146208      (8.29 % deleted)
Memory used           : 116.00 MB
CPU time              : 1731.59 s

SATISFIABLE
