WARNING: for repeatability, setting FPU to use double precision
============================[ Problem Statistics ]=============================
|                                                                             |
|  Number of variables:           848                                         |
|  Number of clauses:           10804                                         |
|  Parse time:                   0.01 s                                       |
|  Eliminated clauses:           0.01 Mb                                      |
|  Simplification time:          0.03 s                                       |
|                                                                             |
=============================[ Search Statistics ]==============================
| Conflicts  |          ORIGINAL         |          LEARNT          | Progress |
|            |    Vars  Clauses Literals |    Limit  Clauses Lit/Cl |          |
================================================================================
|        100 |     560    10068    61882 |     3691      100     14 | 13.208 % |
|        250 |     560    10068    61882 |     4060      250     14 | 13.208 % |
|        475 |     560    10068    61882 |     4466      475     14 | 13.208 % |
|        812 |     560    10068    61882 |     4913      812     14 | 13.208 % |
|       1318 |     560    10068    61882 |     5404     1318     14 | 13.208 % |
|       2077 |     560    10068    61882 |     5945     2077     14 | 13.208 % |
|       3216 |     560    10068    61882 |     6539     3216     14 | 13.208 % |
|       4924 |     560    10068    61882 |     7193     4924     14 | 13.208 % |
|       7486 |     560    10068    61882 |     7913     3789     14 | 13.208 % |
|      11330 |     560    10068    61882 |     8704     7633     14 | 13.208 % |
|      17096 |     560    10068    61882 |     9575     4532     15 | 13.208 % |
|      25745 |     560    10068    61882 |    10532     8294     15 | 13.208 % |
|      38719 |     560    10068    61882 |    11585    10499     15 | 13.208 % |
|      58180 |     560    10068    61882 |    12744     6388     14 | 13.208 % |
|      87372 |     560    10068    61882 |    14018     9700     15 | 13.208 % |
|     131161 |     560    10068    61882 |    15420    10789     14 | 13.208 % |
|     196845 |     560    10068    61882 |    16962    13881     16 | 13.208 % |
|     295371 |     560    10068    61882 |    18659     9313     15 | 13.208 % |
|     443160 |     560    10068    61882 |    20524    15599     16 | 13.208 % |
|     664843 |     560    10068    61882 |    22577    19850     15 | 13.208 % |
|     997368 |     560    10068    61882 |    24835    21747     16 | 13.208 % |
|    1496156 |     560    10068    61882 |    27318    15867     14 | 13.208 % |
|    2244338 |     560    10068    61882 |    30050    19010     15 | 13.208 % |
|    3366612 |     560    10068    61882 |    33055    25066     14 | 13.208 % |
|    5050023 |     560    10068    61882 |    36361    32051     17 | 13.208 % |
|    7575139 |     560    10068    61882 |    39997    33795     17 | 13.208 % |
|   11362814 |     560    10068    61882 |    43997    36784     19 | 13.208 % |
|   17044326 |     560    10068    61882 |    48396    35744     17 | 13.208 % |
|   25566595 |     560    10068    61882 |    53236    38517     16 | 13.208 % |
|   38349998 |     560    10068    61882 |    58560    26478     16 | 13.208 % |
===============================================================================
restarts              : 68985
conflicts             : 54250425       (20703 /sec)
decisions             : 67811724       (0.00 % random) (25878 /sec)
propagations          : 1737406413     (663030 /sec)
conflict literals     : 972876125      (9.04 % deleted)
Memory used           : 97.00 MB
CPU time              : 2620.4 s

SATISFIABLE
