WARNING: for repeatability, setting FPU to use double precision
============================[ Problem Statistics ]=============================
|                                                                             |
|  Number of variables:           848                                         |
|  Number of clauses:           10804                                         |
|  Parse time:                   0.01 s                                       |
|  Eliminated clauses:           0.01 Mb                                      |
|  Simplification time:          0.03 s                                       |
|                                                                             |
=============================[ Search Statistics ]==============================
| Conflicts  |          ORIGINAL         |          LEARNT          | Progress |
|            |    Vars  Clauses Literals |    Limit  Clauses Lit/Cl |          |
================================================================================
|        100 |     560    10068    61882 |     3691      100     14 | 13.208 % |
|        250 |     560    10068    61882 |     4060      250     13 | 13.208 % |
|        475 |     560    10068    61882 |     4466      475     14 | 13.208 % |
|        812 |     560    10068    61882 |     4913      812     14 | 13.208 % |
|       1318 |     560    10068    61882 |     5404     1318     14 | 13.208 % |
|       2077 |     560    10068    61882 |     5945     2077     14 | 13.208 % |
|       3216 |     560    10068    61882 |     6539     3216     14 | 13.208 % |
|       4924 |     560    10068    61882 |     7193     4924     14 | 13.208 % |
|       7486 |     560    10068    61882 |     7913     3796     15 | 13.208 % |
|      11330 |     560    10068    61882 |     8704     7640     14 | 13.208 % |
|      17096 |     560    10068    61882 |     9575     8977     14 | 13.208 % |
|      25745 |     560    10068    61882 |    10532     7794     14 | 13.208 % |
|      38719 |     560    10068    61882 |    11585    10008     15 | 13.208 % |
|      58180 |     560    10068    61882 |    12744    11606     14 | 13.208 % |
|      87372 |     560    10068    61882 |    14018     8156     15 | 13.208 % |
|     131161 |     560    10068    61882 |    15420     9340     14 | 13.208 % |
|     196845 |     560    10068    61882 |    16962    12465     15 | 13.208 % |
|     295371 |     560    10068    61882 |    18659    16641     15 | 13.208 % |
|     443160 |     560    10068    61882 |    20524    13219     15 | 13.208 % |
|     664843 |     560    10068    61882 |    22577    17186     15 | 13.208 % |
|     997368 |     560    10068    61882 |    24835    19281     16 | 13.208 % |
|    1496156 |     560    10068    61882 |    27318    16605     14 | 13.208 % |
|    2244338 |     560    10068    61882 |    30050    23429     16 | 13.208 % |
|    3366612 |     560    10068    61882 |    33055    25332     14 | 13.208 % |
|    5050023 |     560    10068    61882 |    36361    19534     17 | 13.208 % |
|    7575139 |     560    10068    61882 |    39997    24706     17 | 13.208 % |
|   11362814 |     560    10068    61882 |    43997    24155     18 | 13.208 % |
===============================================================================
restarts              : 20699
conflicts             : 14012676       (30039 /sec)
decisions             : 18196147       (0.00 % random) (39007 /sec)
propagations          : 358372624      (768242 /sec)
conflict literals     : 244499113      (7.63 % deleted)
Memory used           : 52.00 MB
CPU time              : 466.484 s

SATISFIABLE
