WARNING: for repeatability, setting FPU to use double precision
============================[ Problem Statistics ]=============================
|                                                                             |
|  Number of variables:          1088                                         |
|  Number of clauses:           14026                                         |
|  Parse time:                   0.01 s                                       |
|  Eliminated clauses:           0.01 Mb                                      |
|  Simplification time:          0.05 s                                       |
|                                                                             |
=============================[ Search Statistics ]==============================
| Conflicts  |          ORIGINAL         |          LEARNT          | Progress |
|            |    Vars  Clauses Literals |    Limit  Clauses Lit/Cl |          |
================================================================================
|        100 |     728    13098    80485 |     4802      100     13 | 12.500 % |
|        250 |     728    13098    80485 |     5282      250     14 | 12.500 % |
|        475 |     728    13098    80485 |     5811      475     13 | 12.500 % |
|        812 |     728    13098    80485 |     6392      812     14 | 12.500 % |
|       1318 |     728    13098    80485 |     7031     1318     14 | 12.500 % |
|       2077 |     728    13098    80485 |     7734     2077     14 | 12.500 % |
|       3216 |     728    13098    80485 |     8508     3216     14 | 12.500 % |
|       4924 |     728    13098    80485 |     9358     4924     14 | 12.500 % |
|       7486 |     728    13098    80485 |    10294     7486     14 | 12.500 % |
|      11330 |     728    13098    80485 |    11324     6031     14 | 12.500 % |
|      17096 |     728    13098    80485 |    12456     5972     14 | 12.500 % |
|      25745 |     728    13098    80485 |    13702     8306     14 | 12.500 % |
|      38719 |     728    13098    80485 |    15072     7314     16 | 12.500 % |
|      58180 |     728    13098    80485 |    16579    11493     14 | 12.500 % |
|      87372 |     728    13098    80485 |    18237    15435     15 | 12.500 % |
|     131161 |     728    13098    80485 |    20061    12963     15 | 12.500 % |
|     196845 |     728    13098    80485 |    22067    17578     15 | 12.500 % |
|     295371 |     728    13098    80485 |    24274    15862     14 | 12.500 % |
|     443160 |     728    13098    80485 |    26702    16221     16 | 12.500 % |
|     664843 |     728    13098    80485 |    29372    19639     15 | 12.500 % |
|     997368 |     728    13098    80485 |    32309    19146     16 | 12.500 % |
|    1496156 |     728    13098    80485 |    35540    23248     14 | 12.500 % |
|    2244338 |     728    13098    80485 |    39094    12266     15 | 12.500 % |
|    3366612 |     728    13098    80485 |    43003    29857     15 | 12.500 % |
|    5050023 |     728    13098    80485 |    47304    40578     18 | 12.500 % |
|    7575139 |     728    13098    80485 |    52034    18417     17 | 12.500 % |
|   11362814 |     728    13098    80485 |    57238    25841     18 | 12.500 % |
|   17044326 |     728    13098    80485 |    62962    45227     16 | 12.500 % |
|   25566595 |     728    13098    80485 |    69258    36443     14 | 12.500 % |
|   38349998 |     728    13098    80485 |    76184    64265     18 | 12.500 % |
|   57525103 |     728    13098    80485 |    83802    22358     16 | 12.500 % |
|   86287761 |     728    13098    80485 |    92182    37573     15 | 12.500 % |
|  129431749 |     728    13098    80485 |   101401    66739     19 | 12.500 % |
===============================================================================
restarts              : 170847
conflicts             : 140048657      (14477 /sec)
decisions             : 175082795      (0.00 % random) (18099 /sec)
propagations          : 5152833166     (532660 /sec)
conflict literals     : 2620503164     (9.42 % deleted)
Memory used           : 190.00 MB
CPU time              : 9673.78 s

SATISFIABLE
