WARNING: for repeatability, setting FPU to use double precision
============================[ Problem Statistics ]=============================
|                                                                             |
|  Number of variables:          1088                                         |
|  Number of clauses:           14026                                         |
|  Parse time:                   0.01 s                                       |
|  Eliminated clauses:           0.01 Mb                                      |
|  Simplification time:          0.05 s                                       |
|                                                                             |
=============================[ Search Statistics ]==============================
| Conflicts  |          ORIGINAL         |          LEARNT          | Progress |
|            |    Vars  Clauses Literals |    Limit  Clauses Lit/Cl |          |
================================================================================
|        100 |     728    13098    80485 |     4802      100     12 | 12.500 % |
|        250 |     728    13098    80485 |     5282      250     14 | 12.500 % |
|        475 |     728    13098    80485 |     5811      475     15 | 12.500 % |
|        812 |     728    13098    80485 |     6392      812     14 | 12.500 % |
|       1318 |     728    13098    80485 |     7031     1318     14 | 12.500 % |
|       2077 |     728    13098    80485 |     7734     2077     15 | 12.500 % |
|       3216 |     728    13098    80485 |     8508     3216     15 | 12.500 % |
|       4924 |     728    13098    80485 |     9358     4924     14 | 12.500 % |
|       7486 |     728    13098    80485 |    10294     7486     15 | 12.500 % |
|      11330 |     728    13098    80485 |    11324     5994     14 | 12.500 % |
|      17096 |     728    13098    80485 |    12456     5936     14 | 12.500 % |
|      25745 |     728    13098    80485 |    13702     8239     14 | 12.500 % |
|      38719 |     728    13098    80485 |    15072     7237     15 | 12.500 % |
|      58180 |     728    13098    80485 |    16579    11481     14 | 12.500 % |
|      87372 |     728    13098    80485 |    18237    15377     15 | 12.500 % |
|     131161 |     728    13098    80485 |    20061    12828     14 | 12.500 % |
|     196845 |     728    13098    80485 |    22067    17721     15 | 12.500 % |
|     295371 |     728    13098    80485 |    24274    15818     14 | 12.500 % |
|     443160 |     728    13098    80485 |    26702    16522     15 | 12.500 % |
|     664843 |     728    13098    80485 |    29372    20962     15 | 12.500 % |
|     997368 |     728    13098    80485 |    32309    20127     16 | 12.500 % |
|    1496156 |     728    13098    80485 |    35540    32297     15 | 12.500 % |
|    2244338 |     728    13098    80485 |    39094    35508     16 | 12.500 % |
|    3366612 |     728    13098    80485 |    43003    24362     14 | 12.500 % |
|    5050023 |     728    13098    80485 |    47304    42021     17 | 12.500 % |
|    7575139 |     728    13098    80485 |    52034    30616     17 | 12.500 % |
|   11362814 |     728    13098    80485 |    57238    48926     16 | 12.500 % |
|   17044326 |     728    13098    80485 |    62962    45997     16 | 12.500 % |
|   25566595 |     728    13098    80485 |    69258    34032     16 | 12.500 % |
|   38349998 |     728    13098    80485 |    76184    52129     22 | 12.500 % |
===============================================================================
restarts              : 63247
conflicts             : 44719651       (22386 /sec)
decisions             : 58595123       (0.00 % random) (29331 /sec)
propagations          : 1277851192     (639662 /sec)
conflict literals     : 793248184      (7.93 % deleted)
Memory used           : 101.00 MB
CPU time              : 1997.7 s

SATISFIABLE
