WARNING: for repeatability, setting FPU to use double precision
============================[ Problem Statistics ]=============================
|                                                                             |
|  Number of variables:           928                                         |
|  Number of clauses:           11878                                         |
|  Parse time:                   0.01 s                                       |
|  Eliminated clauses:           0.01 Mb                                      |
|  Simplification time:          0.04 s                                       |
|                                                                             |
=============================[ Search Statistics ]==============================
| Conflicts  |          ORIGINAL         |          LEARNT          | Progress |
|            |    Vars  Clauses Literals |    Limit  Clauses Lit/Cl |          |
================================================================================
|        100 |     616    11078    68083 |     4061      100     12 | 12.931 % |
|        250 |     616    11078    68083 |     4468      250     14 | 12.931 % |
|        475 |     616    11078    68083 |     4914      475     14 | 12.931 % |
|        812 |     616    11078    68083 |     5406      812     14 | 12.931 % |
|       1318 |     616    11078    68083 |     5947     1318     15 | 12.931 % |
|       2077 |     616    11078    68083 |     6541     2077     15 | 12.931 % |
|       3216 |     616    11078    68083 |     7195     3216     15 | 12.931 % |
|       4924 |     616    11078    68083 |     7915     4924     15 | 12.931 % |
|       7486 |     616    11078    68083 |     8707     7486     15 | 12.931 % |
|      11330 |     616    11078    68083 |     9577     6873     15 | 12.931 % |
|      17096 |     616    11078    68083 |    10535     7758     14 | 12.931 % |
|      25745 |     616    11078    68083 |    11589     5576     14 | 12.931 % |
|      38719 |     616    11078    68083 |    12748     6710     15 | 12.931 % |
|      58180 |     616    11078    68083 |    14022     6736     14 | 12.931 % |
|      87372 |     616    11078    68083 |    15425     7328     14 | 12.931 % |
|     131161 |     616    11078    68083 |    16967    11961     15 | 12.931 % |
|     196845 |     616    11078    68083 |    18664     8858     15 | 12.931 % |
|     295371 |     616    11078    68083 |    20530    12514     14 | 12.931 % |
|     443160 |     616    11078    68083 |    22584    15055     17 | 12.931 % |
|     664843 |     616    11078    68083 |    24842    19720     15 | 12.931 % |
|     997368 |     616    11078    68083 |    27326    12973     21 | 12.931 % |
|    1496156 |     616    11078    68083 |    30059    24961     15 | 12.931 % |
|    2244338 |     616    11078    68083 |    33065    17657     17 | 12.931 % |
|    3366612 |     616    11078    68083 |    36371    27805     15 | 12.931 % |
|    5050023 |     616    11078    68083 |    40008    35347     17 | 12.931 % |
|    7575139 |     616    11078    68083 |    44009    39898     16 | 12.931 % |
|   11362814 |     616    11078    68083 |    48410    37850     18 | 12.931 % |
|   17044326 |     616    11078    68083 |    53251    20852     13 | 12.931 % |
|   25566595 |     616    11078    68083 |    58577    19124     14 | 12.931 % |
===============================================================================
restarts              : 46140
conflicts             : 32921358       (23950 /sec)
decisions             : 42255687       (0.00 % random) (30740 /sec)
propagations          : 949036615      (690412 /sec)
conflict literals     : 585396886      (8.45 % deleted)
Memory used           : 79.00 MB
CPU time              : 1374.59 s

SATISFIABLE
