WARNING: for repeatability, setting FPU to use double precision
============================[ Problem Statistics ]=============================
|                                                                             |
|  Number of variables:          1328                                         |
|  Number of clauses:           17248                                         |
|  Parse time:                   0.01 s                                       |
|  Eliminated clauses:           0.01 Mb                                      |
|  Simplification time:          0.06 s                                       |
|                                                                             |
=============================[ Search Statistics ]==============================
| Conflicts  |          ORIGINAL         |          LEARNT          | Progress |
|            |    Vars  Clauses Literals |    Limit  Clauses Lit/Cl |          |
================================================================================
|        100 |     896    16128    99088 |     5913      100     17 | 12.048 % |
|        250 |     896    16128    99088 |     6504      250     13 | 12.048 % |
|        475 |     896    16128    99088 |     7155      475     14 | 12.048 % |
|        812 |     896    16128    99088 |     7871      812     14 | 12.048 % |
|       1318 |     896    16128    99088 |     8658     1318     14 | 12.048 % |
|       2077 |     896    16128    99088 |     9523     2077     14 | 12.048 % |
|       3216 |     896    16128    99088 |    10476     3216     14 | 12.048 % |
|       4924 |     896    16128    99088 |    11523     4924     14 | 12.048 % |
|       7486 |     896    16128    99088 |    12676     7486     15 | 12.048 % |
|      11330 |     896    16128    99088 |    13943    11330     15 | 12.048 % |
|      17096 |     896    16128    99088 |    15338     9873     14 | 12.048 % |
|      25745 |     896    16128    99088 |    16872    10718     14 | 12.048 % |
|      38719 |     896    16128    99088 |    18559    15161     15 | 12.048 % |
|      58180 |     896    16128    99088 |    20415    15837     14 | 12.048 % |
|      87372 |     896    16128    99088 |    22456    13803     16 | 12.048 % |
|     131161 |     896    16128    99088 |    24702    12113     14 | 12.048 % |
|     196845 |     896    16128    99088 |    27172    15137     15 | 12.048 % |
|     295371 |     896    16128    99088 |    29890    14497     14 | 12.048 % |
|     443160 |     896    16128    99088 |    32879    19338     15 | 12.048 % |
|     664843 |     896    16128    99088 |    36167    31769     15 | 12.048 % |
|     997368 |     896    16128    99088 |    39783    22721     16 | 12.048 % |
|    1496156 |     896    16128    99088 |    43762    26967     14 | 12.048 % |
|    2244338 |     896    16128    99088 |    48138    18788     16 | 12.048 % |
|    3366612 |     896    16128    99088 |    52952    30647     14 | 12.048 % |
|    5050023 |     896    16128    99088 |    58247    38635     16 | 12.048 % |
|    7575139 |     896    16128    99088 |    64072    27929     16 | 12.048 % |
|   11362814 |     896    16128    99088 |    70479    36532     16 | 12.048 % |
|   17044326 |     896    16128    99088 |    77527    60123     16 | 12.048 % |
|   25566595 |     896    16128    99088 |    85279    32610     14 | 12.048 % |
===============================================================================
restarts              : 42352
conflicts             : 30575991       (23942 /sec)
decisions             : 41443901       (0.00 % random) (32452 /sec)
propagations          : 831772882      (651301 /sec)
conflict literals     : 536769814      (7.55 % deleted)
Memory used           : 98.00 MB
CPU time              : 1277.09 s

SATISFIABLE
