WARNING: for repeatability, setting FPU to use double precision
============================[ Problem Statistics ]=============================
|                                                                             |
|  Number of variables:           768                                         |
|  Number of clauses:            9730                                         |
|  Parse time:                   0.00 s                                       |
|  Eliminated clauses:           0.01 Mb                                      |
|  Simplification time:          0.03 s                                       |
|                                                                             |
=============================[ Search Statistics ]==============================
| Conflicts  |          ORIGINAL         |          LEARNT          | Progress |
|            |    Vars  Clauses Literals |    Limit  Clauses Lit/Cl |          |
================================================================================
|        100 |     504     9058    55681 |     3321      100     12 | 13.542 % |
|        250 |     504     9058    55681 |     3653      250     13 | 13.542 % |
|        475 |     504     9058    55681 |     4018      475     13 | 13.542 % |
|        812 |     504     9058    55681 |     4420      812     13 | 13.542 % |
|       1318 |     504     9058    55681 |     4862     1318     13 | 13.542 % |
|       2077 |     504     9058    55681 |     5348     2077     14 | 13.542 % |
|       3216 |     504     9058    55681 |     5883     3216     14 | 13.542 % |
|       4924 |     504     9058    55681 |     6472     4924     14 | 13.542 % |
|       7486 |     504     9058    55681 |     7119     4157     14 | 13.542 % |
|      11330 |     504     9058    55681 |     7831     4339     14 | 13.542 % |
|      17096 |     504     9058    55681 |     8614     6098     14 | 13.542 % |
|      25745 |     504     9058    55681 |     9475     5982     14 | 13.542 % |
|      38719 |     504     9058    55681 |    10423     9297     15 | 13.542 % |
|      58180 |     504     9058    55681 |    11465     7479     14 | 13.542 % |
|      87372 |     504     9058    55681 |    12612     7583     15 | 13.542 % |
|     131161 |     504     9058    55681 |    13873     6481     14 | 13.542 % |
|     196845 |     504     9058    55681 |    15261     8848     14 | 13.542 % |
|     295371 |     504     9058    55681 |    16787    14633     15 | 13.542 % |
|     443160 |     504     9058    55681 |    18465     9557     14 | 13.542 % |
|     664843 |     504     9058    55681 |    20312    16615     15 | 13.542 % |
|     997368 |     504     9058    55681 |    22343    10631     14 | 13.542 % |
|    1496156 |     504     9058    55681 |    24578    13732     14 | 13.542 % |
|    2244338 |     504     9058    55681 |    27036    18080     18 | 13.542 % |
|    3366612 |     504     9058    55681 |    29739    18568     14 | 13.542 % |
|    5050023 |     504     9058    55681 |    32713    20966     15 | 13.542 % |
|    7575139 |     504     9058    55681 |    35984    19086     14 | 13.542 % |
|   11362814 |     504     9058    55681 |    39583    20862     18 | 13.542 % |
|   17044326 |     504     9058    55681 |    43541    30405     16 | 13.542 % |
|   25566595 |     504     9058    55681 |    47895    37318     16 | 13.542 % |
|   38349998 |     504     9058    55681 |    52685    42597     21 | 13.542 % |
|   57525103 |     504     9058    55681 |    57954    28980     18 | 13.542 % |
|   86287761 |     504     9058    55681 |    63749    32988     13 | 13.542 % |
===============================================================================
restarts              : 131068
conflicts             : 99588792       (18278 /sec)
decisions             : 122541926      (0.00 % random) (22491 /sec)
propagations          : 3384967795     (621256 /sec)
conflict literals     : 1791036838     (9.47 % deleted)
Memory used           : 107.00 MB
CPU time              : 5448.59 s

SATISFIABLE
