WARNING: for repeatability, setting FPU to use double precision
============================[ Problem Statistics ]=============================
|                                                                             |
|  Number of variables:          1088                                         |
|  Number of clauses:           14026                                         |
|  Parse time:                   0.01 s                                       |
|  Eliminated clauses:           0.01 Mb                                      |
|  Simplification time:          0.05 s                                       |
|                                                                             |
=============================[ Search Statistics ]==============================
| Conflicts  |          ORIGINAL         |          LEARNT          | Progress |
|            |    Vars  Clauses Literals |    Limit  Clauses Lit/Cl |          |
================================================================================
|        100 |     728    13098    80485 |     4802      100     12 | 12.500 % |
|        250 |     728    13098    80485 |     5282      250     13 | 12.500 % |
|        475 |     728    13098    80485 |     5811      475     13 | 12.500 % |
|        812 |     728    13098    80485 |     6392      812     13 | 12.500 % |
|       1318 |     728    13098    80485 |     7031     1318     13 | 12.500 % |
|       2077 |     728    13098    80485 |     7734     2077     14 | 12.500 % |
|       3216 |     728    13098    80485 |     8508     3216     14 | 12.500 % |
|       4924 |     728    13098    80485 |     9358     4924     14 | 12.500 % |
|       7486 |     728    13098    80485 |    10294     7486     15 | 12.500 % |
|      11330 |     728    13098    80485 |    11324     5967     15 | 12.500 % |
|      17096 |     728    13098    80485 |    12456    11733     15 | 12.500 % |
|      25745 |     728    13098    80485 |    13702     7629     14 | 12.500 % |
|      38719 |     728    13098    80485 |    15072    13660     15 | 12.500 % |
|      58180 |     728    13098    80485 |    16579    10164     14 | 12.500 % |
|      87372 |     728    13098    80485 |    18237    14161     15 | 12.500 % |
|     131161 |     728    13098    80485 |    20061    11759     14 | 12.500 % |
|     196845 |     728    13098    80485 |    22067    16523     16 | 12.500 % |
|     295371 |     728    13098    80485 |    24274    14450     14 | 12.500 % |
|     443160 |     728    13098    80485 |    26702    14616     16 | 12.500 % |
|     664843 |     728    13098    80485 |    29372    17019     15 | 12.500 % |
|     997368 |     728    13098    80485 |    32309    28614     17 | 12.500 % |
|    1496156 |     728    13098    80485 |    35540    22793     14 | 12.500 % |
|    2244338 |     728    13098    80485 |    39094    25524     18 | 12.500 % |
|    3366612 |     728    13098    80485 |    43003    26000     15 | 12.500 % |
|    5050023 |     728    13098    80485 |    47304    29958     16 | 12.500 % |
|    7575139 |     728    13098    80485 |    52034    47169     17 | 12.500 % |
|   11362814 |     728    13098    80485 |    57238    27895     16 | 12.500 % |
|   17044326 |     728    13098    80485 |    62962    56029     15 | 12.500 % |
|   25566595 |     728    13098    80485 |    69258    17821     17 | 12.500 % |
|   38349998 |     728    13098    80485 |    76184    34890     17 | 12.500 % |
|   57525103 |     728    13098    80485 |    83802    68540     17 | 12.500 % |
|   86287761 |     728    13098    80485 |    92182    79065     16 | 12.500 % |
|  129431749 |     728    13098    80485 |   101401    84264     20 | 12.500 % |
|  194147731 |     728    13098    80485 |   111541    76545     17 | 12.500 % |
===============================================================================
restarts              : 240121
conflicts             : 195223962      (1346585748 /sec)
decisions             : 242796752      (0.00 % random) (1674726005 /sec)
propagations          : 7363561562     (50791239728 /sec)
conflict literals     : 3652982574     (9.50 % deleted)
Memory used           : 212.00 MB
CPU time              : 0.144977 s

SATISFIABLE
