WARNING: for repeatability, setting FPU to use double precision
============================[ Problem Statistics ]=============================
|                                                                             |
|  Number of variables:          1328                                         |
|  Number of clauses:           17248                                         |
|  Parse time:                   0.01 s                                       |
|  Eliminated clauses:           0.01 Mb                                      |
|  Simplification time:          0.06 s                                       |
|                                                                             |
=============================[ Search Statistics ]==============================
| Conflicts  |          ORIGINAL         |          LEARNT          | Progress |
|            |    Vars  Clauses Literals |    Limit  Clauses Lit/Cl |          |
================================================================================
|        100 |     896    16128    99088 |     5913      100     14 | 12.048 % |
|        250 |     896    16128    99088 |     6504      250     14 | 12.048 % |
|        475 |     896    16128    99088 |     7155      475     13 | 12.048 % |
|        812 |     896    16128    99088 |     7871      812     14 | 12.048 % |
|       1318 |     896    16128    99088 |     8658     1318     14 | 12.048 % |
|       2077 |     896    16128    99088 |     9523     2077     14 | 12.048 % |
|       3216 |     896    16128    99088 |    10476     3216     14 | 12.048 % |
|       4924 |     896    16128    99088 |    11523     4924     14 | 12.048 % |
|       7486 |     896    16128    99088 |    12676     7486     14 | 12.048 % |
|      11330 |     896    16128    99088 |    13943    11330     15 | 12.048 % |
|      17096 |     896    16128    99088 |    15338     9947     14 | 12.048 % |
|      25745 |     896    16128    99088 |    16872    10839     14 | 12.048 % |
|      38719 |     896    16128    99088 |    18559    15222     15 | 12.048 % |
|      58180 |     896    16128    99088 |    20415    15821     14 | 12.048 % |
|      87372 |     896    16128    99088 |    22456    14006     15 | 12.048 % |
|     131161 |     896    16128    99088 |    24702    12039     14 | 12.048 % |
|     196845 |     896    16128    99088 |    27172    15155     16 | 12.048 % |
|     295371 |     896    16128    99088 |    29890    14606     14 | 12.048 % |
|     443160 |     896    16128    99088 |    32879    14139     15 | 12.048 % |
|     664843 |     896    16128    99088 |    36167    25873     15 | 12.048 % |
|     997368 |     896    16128    99088 |    39783    34592     16 | 12.048 % |
|    1496156 |     896    16128    99088 |    43762    34722     15 | 12.048 % |
|    2244338 |     896    16128    99088 |    48138    14197     17 | 12.048 % |
|    3366612 |     896    16128    99088 |    52952    33616     14 | 12.048 % |
|    5050023 |     896    16128    99088 |    58247    30678     21 | 12.048 % |
|    7575139 |     896    16128    99088 |    64072    25618     15 | 12.048 % |
|   11362814 |     896    16128    99088 |    70479    56990     17 | 12.048 % |
|   17044326 |     896    16128    99088 |    77527    44335     15 | 12.048 % |
|   25566595 |     896    16128    99088 |    85279    38039     16 | 12.048 % |
|   38349998 |     896    16128    99088 |    93807    75192     18 | 12.048 % |
|   57525103 |     896    16128    99088 |   103188    80890     17 | 12.048 % |
|   86287761 |     896    16128    99088 |   113507    92750     16 | 12.048 % |
|  129431749 |     896    16128    99088 |   124858    56638     23 | 12.048 % |
===============================================================================
restarts              : 179415
conflicts             : 145601052      (14186 /sec)
decisions             : 187165293      (0.00 % random) (18236 /sec)
propagations          : 5149330829     (501713 /sec)
conflict literals     : 2715242853     (9.10 % deleted)
Memory used           : 239.00 MB
CPU time              : 10263.5 s

SATISFIABLE
