WARNING: for repeatability, setting FPU to use double precision
============================[ Problem Statistics ]=============================
|                                                                             |
|  Number of variables:           768                                         |
|  Number of clauses:            9730                                         |
|  Parse time:                   0.01 s                                       |
|  Eliminated clauses:           0.01 Mb                                      |
|  Simplification time:          0.03 s                                       |
|                                                                             |
=============================[ Search Statistics ]==============================
| Conflicts  |          ORIGINAL         |          LEARNT          | Progress |
|            |    Vars  Clauses Literals |    Limit  Clauses Lit/Cl |          |
================================================================================
|        100 |     504     9058    55681 |     3321      100     12 | 13.542 % |
|        250 |     504     9058    55681 |     3653      250     14 | 13.542 % |
|        475 |     504     9058    55681 |     4018      475     14 | 13.542 % |
|        812 |     504     9058    55681 |     4420      812     14 | 13.542 % |
|       1318 |     504     9058    55681 |     4862     1318     14 | 13.542 % |
|       2077 |     504     9058    55681 |     5348     2077     14 | 13.542 % |
|       3216 |     504     9058    55681 |     5883     3216     14 | 13.542 % |
|       4924 |     504     9058    55681 |     6472     4924     15 | 13.542 % |
|       7486 |     504     9058    55681 |     7119     4177     15 | 13.542 % |
|      11330 |     504     9058    55681 |     7831     4386     14 | 13.542 % |
|      17096 |     504     9058    55681 |     8614     6038     16 | 13.542 % |
|      25745 |     504     9058    55681 |     9475     5895     14 | 13.542 % |
|      38719 |     504     9058    55681 |    10423     9185     15 | 13.542 % |
|      58180 |     504     9058    55681 |    11465     7493     14 | 13.542 % |
|      87372 |     504     9058    55681 |    12612     7540     15 | 13.542 % |
|     131161 |     504     9058    55681 |    13873     6488     14 | 13.542 % |
|     196845 |     504     9058    55681 |    15261     8862     19 | 13.542 % |
|     295371 |     504     9058    55681 |    16787    14667     15 | 13.542 % |
|     443160 |     504     9058    55681 |    18465     9739     14 | 13.542 % |
|     664843 |     504     9058    55681 |    20312    16864     15 | 13.542 % |
|     997368 |     504     9058    55681 |    22343    11188     15 | 13.542 % |
|    1496156 |     504     9058    55681 |    24578    14291     14 | 13.542 % |
|    2244338 |     504     9058    55681 |    27036    16808     16 | 13.542 % |
|    3366612 |     504     9058    55681 |    29739    16275     14 | 13.542 % |
|    5050023 |     504     9058    55681 |    32713    27437     16 | 13.542 % |
|    7575139 |     504     9058    55681 |    35984    32352     17 | 13.542 % |
|   11362814 |     504     9058    55681 |    39583    35539     16 | 13.542 % |
|   17044326 |     504     9058    55681 |    43541    19530     17 | 13.542 % |
|   25566595 |     504     9058    55681 |    47895    34695     17 | 13.542 % |
|   38349998 |     504     9058    55681 |    52685    38071     16 | 13.542 % |
===============================================================================
restarts              : 55126
conflicts             : 39410023       (23721 /sec)
decisions             : 49535752       (0.00 % random) (29816 /sec)
propagations          : 1160364085     (698424 /sec)
conflict literals     : 696502037      (8.70 % deleted)
Memory used           : 70.00 MB
CPU time              : 1661.4 s

SATISFIABLE
