WARNING: for repeatability, setting FPU to use double precision
============================[ Problem Statistics ]=============================
|                                                                             |
|  Number of variables:           928                                         |
|  Number of clauses:           11878                                         |
|  Parse time:                   0.01 s                                       |
|  Eliminated clauses:           0.01 Mb                                      |
|  Simplification time:          0.04 s                                       |
|                                                                             |
=============================[ Search Statistics ]==============================
| Conflicts  |          ORIGINAL         |          LEARNT          | Progress |
|            |    Vars  Clauses Literals |    Limit  Clauses Lit/Cl |          |
================================================================================
|        100 |     616    11078    68083 |     4061      100     13 | 12.931 % |
|        250 |     616    11078    68083 |     4468      250     14 | 12.931 % |
|        475 |     616    11078    68083 |     4914      475     15 | 12.931 % |
|        812 |     616    11078    68083 |     5406      812     14 | 12.931 % |
|       1318 |     616    11078    68083 |     5947     1318     14 | 12.931 % |
|       2077 |     616    11078    68083 |     6541     2077     14 | 12.931 % |
|       3216 |     616    11078    68083 |     7195     3216     15 | 12.931 % |
|       4924 |     616    11078    68083 |     7915     4924     15 | 12.931 % |
|       7486 |     616    11078    68083 |     8707     7486     15 | 12.931 % |
|      11330 |     616    11078    68083 |     9577     6804     14 | 12.931 % |
|      17096 |     616    11078    68083 |    10535     7672     14 | 12.931 % |
|      25745 |     616    11078    68083 |    11589     5538     15 | 12.931 % |
|      38719 |     616    11078    68083 |    12748     6569     15 | 12.931 % |
|      58180 |     616    11078    68083 |    14022     6595     14 | 12.931 % |
|      87372 |     616    11078    68083 |    15425     7288     18 | 12.931 % |
|     131161 |     616    11078    68083 |    16967    11944     14 | 12.931 % |
|     196845 |     616    11078    68083 |    18664    17291     15 | 12.931 % |
|     295371 |     616    11078    68083 |    20530    11918     14 | 12.931 % |
|     443160 |     616    11078    68083 |    22584    14195     15 | 12.931 % |
|     664843 |     616    11078    68083 |    24842    18878     14 | 12.931 % |
|     997368 |     616    11078    68083 |    27326    24595     16 | 12.931 % |
|    1496156 |     616    11078    68083 |    30059    22369     14 | 12.931 % |
|    2244338 |     616    11078    68083 |    33065    24394     17 | 12.931 % |
|    3366612 |     616    11078    68083 |    36371    17986     14 | 12.931 % |
|    5050023 |     616    11078    68083 |    40008    19110     14 | 12.931 % |
|    7575139 |     616    11078    68083 |    44009    20661     16 | 12.931 % |
|   11362814 |     616    11078    68083 |    48410    35929     17 | 12.931 % |
|   17044326 |     616    11078    68083 |    53251    30685     16 | 12.931 % |
===============================================================================
restarts              : 33274
conflicts             : 24780904       (24724 /sec)
decisions             : 31807625       (0.00 % random) (31734 /sec)
propagations          : 715404953      (713760 /sec)
conflict literals     : 444547616      (8.35 % deleted)
Memory used           : 76.00 MB
CPU time              : 1002.3 s

SATISFIABLE
