WARNING: for repeatability, setting FPU to use double precision
============================[ Problem Statistics ]=============================
|                                                                             |
|  Number of variables:          1008                                         |
|  Number of clauses:           12952                                         |
|  Parse time:                   0.01 s                                       |
|  Eliminated clauses:           0.01 Mb                                      |
|  Simplification time:          0.04 s                                       |
|                                                                             |
=============================[ Search Statistics ]==============================
| Conflicts  |          ORIGINAL         |          LEARNT          | Progress |
|            |    Vars  Clauses Literals |    Limit  Clauses Lit/Cl |          |
================================================================================
|        100 |     672    12088    74284 |     4432      100     13 | 12.699 % |
|        250 |     672    12088    74284 |     4875      250     12 | 12.699 % |
|        475 |     672    12088    74284 |     5363      475     13 | 12.699 % |
|        812 |     672    12088    74284 |     5899      812     14 | 12.699 % |
|       1318 |     672    12088    74284 |     6489     1318     14 | 12.699 % |
|       2077 |     672    12088    74284 |     7138     2077     14 | 12.699 % |
|       3216 |     672    12088    74284 |     7852     3216     15 | 12.699 % |
|       4924 |     672    12088    74284 |     8637     4924     15 | 12.699 % |
|       7486 |     672    12088    74284 |     9500     7486     15 | 12.699 % |
|      11330 |     672    12088    74284 |    10451     6516     14 | 12.699 % |
|      17096 |     672    12088    74284 |    11496     6882     14 | 12.699 % |
|      25745 |     672    12088    74284 |    12645     9568     15 | 12.699 % |
|      38719 |     672    12088    74284 |    13910     9724     14 | 12.699 % |
|      58180 |     672    12088    74284 |    15301     7925     14 | 12.699 % |
|      87372 |     672    12088    74284 |    16831    13837     15 | 12.699 % |
|     131161 |     672    12088    74284 |    18514    14902     15 | 12.699 % |
|     196845 |     672    12088    74284 |    20366    14877     17 | 12.699 % |
|     295371 |     672    12088    74284 |    22402    10410     14 | 12.699 % |
|     443160 |     672    12088    74284 |    24643    22503     15 | 12.699 % |
|     664843 |     672    12088    74284 |    27107    19653     15 | 12.699 % |
|     997368 |     672    12088    74284 |    29818    19781     16 | 12.699 % |
|    1496156 |     672    12088    74284 |    32799    26575     14 | 12.699 % |
|    2244338 |     672    12088    74284 |    36079    29256     20 | 12.699 % |
|    3366612 |     672    12088    74284 |    39687    33894     15 | 12.699 % |
|    5050023 |     672    12088    74284 |    43656    26476     15 | 12.699 % |
|    7575139 |     672    12088    74284 |    48022    35256     18 | 12.699 % |
|   11362814 |     672    12088    74284 |    52824    45898     23 | 12.699 % |
|   17044326 |     672    12088    74284 |    58106    25294     16 | 12.699 % |
|   25566595 |     672    12088    74284 |    63917    21634     14 | 12.699 % |
|   38349998 |     672    12088    74284 |    70309    57210     18 | 12.699 % |
|   57525103 |     672    12088    74284 |    77340    44969     16 | 12.699 % |
|   86287761 |     672    12088    74284 |    85074    66001     18 | 12.699 % |
===============================================================================
restarts              : 120441
conflicts             : 91799853       (16863 /sec)
decisions             : 115668292      (0.00 % random) (21247 /sec)
propagations          : 3175448222     (583297 /sec)
conflict literals     : 1691497777     (9.03 % deleted)
Memory used           : 143.00 MB
CPU time              : 5443.97 s

SATISFIABLE
