WARNING: for repeatability, setting FPU to use double precision
============================[ Problem Statistics ]=============================
|                                                                             |
|  Number of variables:          1088                                         |
|  Number of clauses:           14026                                         |
|  Parse time:                   0.01 s                                       |
|  Eliminated clauses:           0.01 Mb                                      |
|  Simplification time:          0.05 s                                       |
|                                                                             |
=============================[ Search Statistics ]==============================
| Conflicts  |          ORIGINAL         |          LEARNT          | Progress |
|            |    Vars  Clauses Literals |    Limit  Clauses Lit/Cl |          |
================================================================================
|        100 |     728    13098    80485 |     4802      100     12 | 12.500 % |
|        250 |     728    13098    80485 |     5282      250     13 | 12.500 % |
|        475 |     728    13098    80485 |     5811      475     13 | 12.500 % |
|        812 |     728    13098    80485 |     6392      812     14 | 12.500 % |
|       1318 |     728    13098    80485 |     7031     1318     14 | 12.500 % |
|       2077 |     728    13098    80485 |     7734     2077     14 | 12.500 % |
|       3216 |     728    13098    80485 |     8508     3216     14 | 12.500 % |
|       4924 |     728    13098    80485 |     9358     4924     14 | 12.500 % |
|       7486 |     728    13098    80485 |    10294     7486     15 | 12.500 % |
|      11330 |     728    13098    80485 |    11324     6114     14 | 12.500 % |
|      17096 |     728    13098    80485 |    12456    11880     15 | 12.500 % |
|      25745 |     728    13098    80485 |    13702     7887     14 | 12.500 % |
|      38719 |     728    13098    80485 |    15072     6954     15 | 12.500 % |
|      58180 |     728    13098    80485 |    16579    11173     14 | 12.500 % |
|      87372 |     728    13098    80485 |    18237    15139     15 | 12.500 % |
|     131161 |     728    13098    80485 |    20061    12513     14 | 12.500 % |
|     196845 |     728    13098    80485 |    22067    17083     15 | 12.500 % |
|     295371 |     728    13098    80485 |    24274    15303     14 | 12.500 % |
|     443160 |     728    13098    80485 |    26702    15975     15 | 12.500 % |
|     664843 |     728    13098    80485 |    29372    18435     15 | 12.500 % |
|     997368 |     728    13098    80485 |    32309    27514     15 | 12.500 % |
|    1496156 |     728    13098    80485 |    35540    15881     13 | 12.500 % |
|    2244338 |     728    13098    80485 |    39094    26920     20 | 12.500 % |
|    3366612 |     728    13098    80485 |    43003    23075     13 | 12.500 % |
|    5050023 |     728    13098    80485 |    47304    24583     16 | 12.500 % |
|    7575139 |     728    13098    80485 |    52034    21426     18 | 12.500 % |
|   11362814 |     728    13098    80485 |    57238    23661     18 | 12.500 % |
|   17044326 |     728    13098    80485 |    62962    27389     15 | 12.500 % |
|   25566595 |     728    13098    80485 |    69258    39372     17 | 12.500 % |
|   38349998 |     728    13098    80485 |    76184    60938     18 | 12.500 % |
|   57525103 |     728    13098    80485 |    83802    30356     16 | 12.500 % |
|   86287761 |     728    13098    80485 |    92182    43698     14 | 12.500 % |
|  129431749 |     728    13098    80485 |   101401    68264     20 | 12.500 % |
|  194147731 |     728    13098    80485 |   111541    68662     17 | 12.500 % |
|  291221704 |     728    13098    80485 |   122695    88810     16 | 12.500 % |
===============================================================================
restarts              : 442103
conflicts             : 381963719      (10798 /sec)
decisions             : 466753667      (0.00 % random) (13195 /sec)
propagations          : 16153693314    (456672 /sec)
conflict literals     : 7268446493     (10.25 % deleted)
Memory used           : 297.00 MB
CPU time              : 35372.7 s

SATISFIABLE
