WARNING: for repeatability, setting FPU to use double precision
============================[ Problem Statistics ]=============================
|                                                                             |
|  Number of variables:          1008                                         |
|  Number of clauses:           12952                                         |
|  Parse time:                   0.01 s                                       |
|  Eliminated clauses:           0.01 Mb                                      |
|  Simplification time:          0.04 s                                       |
|                                                                             |
=============================[ Search Statistics ]==============================
| Conflicts  |          ORIGINAL         |          LEARNT          | Progress |
|            |    Vars  Clauses Literals |    Limit  Clauses Lit/Cl |          |
================================================================================
|        100 |     672    12088    74284 |     4432      100     13 | 12.699 % |
|        250 |     672    12088    74284 |     4875      250     13 | 12.699 % |
|        475 |     672    12088    74284 |     5363      475     13 | 12.699 % |
|        812 |     672    12088    74284 |     5899      812     13 | 12.699 % |
|       1318 |     672    12088    74284 |     6489     1318     14 | 12.699 % |
|       2077 |     672    12088    74284 |     7138     2077     14 | 12.699 % |
|       3216 |     672    12088    74284 |     7852     3216     14 | 12.699 % |
|       4924 |     672    12088    74284 |     8637     4924     14 | 12.699 % |
|       7486 |     672    12088    74284 |     9500     7486     14 | 12.699 % |
|      11330 |     672    12088    74284 |    10451     6511     14 | 12.699 % |
|      17096 |     672    12088    74284 |    11496     6958     14 | 12.699 % |
|      25745 |     672    12088    74284 |    12645     9650     15 | 12.699 % |
|      38719 |     672    12088    74284 |    13910     9781     16 | 12.699 % |
|      58180 |     672    12088    74284 |    15301     8069     15 | 12.699 % |
|      87372 |     672    12088    74284 |    16831    13968     15 | 12.699 % |
|     131161 |     672    12088    74284 |    18514    15035     14 | 12.699 % |
|     196845 |     672    12088    74284 |    20366    15037     14 | 12.699 % |
|     295371 |     672    12088    74284 |    22402    10377     14 | 12.699 % |
|     443160 |     672    12088    74284 |    24643    22390     16 | 12.699 % |
|     664843 |     672    12088    74284 |    27107    20264     15 | 12.699 % |
|     997368 |     672    12088    74284 |    29818    19712     16 | 12.699 % |
|    1496156 |     672    12088    74284 |    32799    25214     15 | 12.699 % |
|    2244338 |     672    12088    74284 |    36079    25638     16 | 12.699 % |
|    3366612 |     672    12088    74284 |    39687    31390     15 | 12.699 % |
|    5050023 |     672    12088    74284 |    43656    21419     17 | 12.699 % |
|    7575139 |     672    12088    74284 |    48022    27403     19 | 12.699 % |
|   11362814 |     672    12088    74284 |    52824    31580     16 | 12.699 % |
|   17044326 |     672    12088    74284 |    58106    24697     13 | 12.699 % |
|   25566595 |     672    12088    74284 |    63917    29687     15 | 12.699 % |
|   38349998 |     672    12088    74284 |    70309    16059     15 | 12.699 % |
|   57525103 |     672    12088    74284 |    77340    51537     18 | 12.699 % |
|   86287761 |     672    12088    74284 |    85074    37490     14 | 12.699 % |
|  129431749 |     672    12088    74284 |    93581    83554     17 | 12.699 % |
===============================================================================
restarts              : 187877
conflicts             : 151857245      (14684 /sec)
decisions             : 188979139      (0.00 % random) (18274 /sec)
propagations          : 5465875744     (528535 /sec)
conflict literals     : 2812173684     (9.38 % deleted)
Memory used           : 176.00 MB
CPU time              : 10341.6 s

SATISFIABLE
