WARNING: for repeatability, setting FPU to use double precision
============================[ Problem Statistics ]=============================
|                                                                             |
|  Number of variables:           848                                         |
|  Number of clauses:           10804                                         |
|  Parse time:                   0.01 s                                       |
|  Eliminated clauses:           0.01 Mb                                      |
|  Simplification time:          0.04 s                                       |
|                                                                             |
=============================[ Search Statistics ]==============================
| Conflicts  |          ORIGINAL         |          LEARNT          | Progress |
|            |    Vars  Clauses Literals |    Limit  Clauses Lit/Cl |          |
================================================================================
|        100 |     560    10068    61882 |     3691      100     12 | 13.208 % |
|        250 |     560    10068    61882 |     4060      250     13 | 13.208 % |
|        475 |     560    10068    61882 |     4466      475     13 | 13.208 % |
|        812 |     560    10068    61882 |     4913      812     14 | 13.208 % |
|       1318 |     560    10068    61882 |     5404     1318     13 | 13.208 % |
|       2077 |     560    10068    61882 |     5945     2077     14 | 13.208 % |
|       3216 |     560    10068    61882 |     6539     3216     15 | 13.208 % |
|       4924 |     560    10068    61882 |     7193     4924     15 | 13.208 % |
|       7486 |     560    10068    61882 |     7913     3806     15 | 13.208 % |
|      11330 |     560    10068    61882 |     8704     7650     15 | 13.208 % |
|      17096 |     560    10068    61882 |     9575     8986     15 | 13.208 % |
|      25745 |     560    10068    61882 |    10532     7848     14 | 13.208 % |
|      38719 |     560    10068    61882 |    11585    10016     16 | 13.208 % |
|      58180 |     560    10068    61882 |    12744    11625     14 | 13.208 % |
|      87372 |     560    10068    61882 |    14018     8348     15 | 13.208 % |
|     131161 |     560    10068    61882 |    15420     9400     14 | 13.208 % |
|     196845 |     560    10068    61882 |    16962    12513     16 | 13.208 % |
|     295371 |     560    10068    61882 |    18659    16551     15 | 13.208 % |
|     443160 |     560    10068    61882 |    20524    13569     16 | 13.208 % |
|     664843 |     560    10068    61882 |    22577    17641     15 | 13.208 % |
|     997368 |     560    10068    61882 |    24835    19734     15 | 13.208 % |
|    1496156 |     560    10068    61882 |    27318    16390     14 | 13.208 % |
|    2244338 |     560    10068    61882 |    30050    26234     16 | 13.208 % |
|    3366612 |     560    10068    61882 |    33055    16193     14 | 13.208 % |
|    5050023 |     560    10068    61882 |    36361    27546     17 | 13.208 % |
|    7575139 |     560    10068    61882 |    39997    18578     14 | 13.208 % |
|   11362814 |     560    10068    61882 |    43997    35424     18 | 13.208 % |
|   17044326 |     560    10068    61882 |    48396    39348     16 | 13.208 % |
|   25566595 |     560    10068    61882 |    53236    38028     16 | 13.208 % |
|   38349998 |     560    10068    61882 |    58560    36455     16 | 13.208 % |
|   57525103 |     560    10068    61882 |    64416    50358     17 | 13.208 % |
|   86287761 |     560    10068    61882 |    70857    60004     16 | 13.208 % |
|  129431749 |     560    10068    61882 |    77943    26688     15 | 13.208 % |
|  194147731 |     560    10068    61882 |    85737    32456     13 | 13.208 % |
===============================================================================
restarts              : 274210
conflicts             : 243422469      (13756 /sec)
decisions             : 292937268      (0.00 % random) (16554 /sec)
propagations          : 9515949807     (537765 /sec)
conflict literals     : 4513204916     (10.39 % deleted)
Memory used           : 188.00 MB
CPU time              : 17695.4 s

SATISFIABLE
