WARNING: for repeatability, setting FPU to use double precision
============================[ Problem Statistics ]=============================
|                                                                             |
|  Number of variables:           528                                         |
|  Number of clauses:            6508                                         |
|  Parse time:                   0.01 s                                       |
|  Eliminated clauses:           0.01 Mb                                      |
|  Simplification time:          0.02 s                                       |
|                                                                             |
=============================[ Search Statistics ]==============================
| Conflicts  |          ORIGINAL         |          LEARNT          | Progress |
|            |    Vars  Clauses Literals |    Limit  Clauses Lit/Cl |          |
================================================================================
|        100 |     336     6028    37078 |     2210      100     12 | 15.152 % |
|        250 |     336     6028    37078 |     2431      250     13 | 15.152 % |
|        475 |     336     6028    37078 |     2674      475     14 | 15.152 % |
|        812 |     336     6028    37078 |     2941      812     14 | 15.152 % |
|       1318 |     336     6028    37078 |     3236     1318     14 | 15.152 % |
|       2077 |     336     6028    37078 |     3559     2077     14 | 15.152 % |
|       3216 |     336     6028    37078 |     3915     3216     14 | 15.152 % |
|       4924 |     336     6028    37078 |     4307     2919     14 | 15.152 % |
|       7486 |     336     6028    37078 |     4737     3276     15 | 15.152 % |
|      11330 |     336     6028    37078 |     5211     4684     14 | 15.152 % |
|      17096 |     336     6028    37078 |     5732     5111     14 | 15.152 % |
|      25745 |     336     6028    37078 |     6306     4952     14 | 15.152 % |
|      38719 |     336     6028    37078 |     6936     5025     15 | 15.152 % |
|      58180 |     336     6028    37078 |     7630     6779     14 | 15.152 % |
|      87372 |     336     6028    37078 |     8393     4878     15 | 15.152 % |
|     131161 |     336     6028    37078 |     9232     5917     15 | 15.152 % |
|     196845 |     336     6028    37078 |    10156     5997     15 | 15.152 % |
|     295371 |     336     6028    37078 |    11171     6650     13 | 15.152 % |
|     443160 |     336     6028    37078 |    12288     7366     15 | 15.152 % |
|     664843 |     336     6028    37078 |    13517    11262     16 | 15.152 % |
|     997368 |     336     6028    37078 |    14869     9116     15 | 15.152 % |
|    1496156 |     336     6028    37078 |    16356    12560     14 | 15.152 % |
|    2244338 |     336     6028    37078 |    17992    10412     14 | 15.152 % |
|    3366612 |     336     6028    37078 |    19791    17513     15 | 15.152 % |
|    5050023 |     336     6028    37078 |    21770    16612     15 | 15.152 % |
|    7575139 |     336     6028    37078 |    23947    11723     16 | 15.152 % |
|   11362814 |     336     6028    37078 |    26342    18700     16 | 15.152 % |
===============================================================================
restarts              : 24030
conflicts             : 15756465       (34486 /sec)
decisions             : 20001976       (0.00 % random) (43778 /sec)
propagations          : 393522077      (861294 /sec)
conflict literals     : 262657480      (8.68 % deleted)
Memory used           : 31.00 MB
CPU time              : 456.897 s

SATISFIABLE
