# Generated in OKlibrary version 0.1.0.16, commit 3feb28fbe6f57c2b738c9cfed85b47a47e5c8256, date 2011-12-11
# For instructions on generation, see "Minisat-2.2.0" in Investigations/Cryptography/AdvancedEncryptionStandard/plans/KeyDiscovery/012/1_3_4/general.hpp
# in the OKlibrary.
n c l t sat cfs dec rts r1 mem ptime stime cfl r s 
64 232 664 0 1 6 12 1 130 8.00 0.00 0.00 23 1 1 
64 232 664 0 1 24 27 1 484 8.00 0.00 0.00 79 1 2 
64 232 664 0.000999 1 19 24 1 363 8.00 0.00 0.00 70 1 3 
64 232 664 0.000999 1 22 27 1 527 8.00 0.00 0.00 71 1 4 
64 232 664 0.000999 1 9 13 1 224 8.00 0.00 0.00 33 1 5 
64 232 664 0.001999 1 27 28 1 562 8.00 0.00 0.00 100 1 6 
64 232 664 0.001999 1 2 6 1 76 8.00 0.00 0.00 9 1 7 
64 232 664 0.000999 1 38 42 1 682 8.00 0.00 0.00 130 1 8 
64 232 664 0.000999 1 15 20 1 361 8.00 0.00 0.00 51 1 9 
64 232 664 0.001999 1 10 16 1 235 8.00 0.00 0.00 43 1 10 
64 232 664 0.001999 1 17 20 1 283 8.00 0.00 0.00 84 1 11 
64 232 664 0 1 11 21 1 274 8.00 0.00 0.00 42 1 12 
64 232 664 0.001999 1 1 6 1 69 8.00 0.00 0.00 3 1 13 
64 232 664 0.001999 1 24 29 1 434 8.00 0.00 0.00 100 1 14 
64 232 664 0.001999 1 5 12 1 130 8.00 0.00 0.00 22 1 15 
64 232 664 0 1 3 7 1 119 8.00 0.00 0.00 12 1 16 
64 232 664 0.001999 1 11 14 1 249 8.00 0.00 0.00 43 1 17 
64 232 664 0.001999 1 7 16 1 146 8.00 0.00 0.00 36 1 18 
64 232 664 0.001999 1 0 5 1 68 8.00 0.00 0.00 0 1 19 
64 232 664 0.000999 1 1 5 1 69 8.00 0.00 0.00 3 1 20 
116 464 1376 0.004999 1 329 353 3 12031 8.00 0.00 0.00 2092 2 1 
116 464 1376 0.002999 1 188 202 2 5672 8.00 0.00 0.00 1390 2 2 
116 464 1376 0.003999 1 253 284 3 9513 8.00 0.00 0.00 1597 2 3 
116 464 1376 0.002999 1 286 318 3 7494 8.00 0.00 0.00 2018 2 4 
116 464 1376 0.001999 1 46 55 1 1592 8.00 0.00 0.00 360 2 5 
116 464 1376 0.003999 1 114 134 2 4143 8.00 0.00 0.00 800 2 6 
116 464 1376 0.000999 1 29 39 1 979 8.00 0.00 0.00 213 2 7 
116 464 1376 0.001999 1 234 266 3 6093 8.00 0.00 0.00 1751 2 8 
116 464 1376 0.003999 1 188 202 2 6363 8.00 0.00 0.00 1312 2 9 
116 464 1376 0.002999 1 102 119 2 3302 8.00 0.00 0.00 820 2 10 
116 464 1376 0.002999 1 151 161 2 4976 8.00 0.00 0.00 1103 2 11 
116 464 1376 0.004999 1 221 243 3 7936 8.00 0.00 0.00 1434 2 12 
116 464 1376 0.000999 1 67 79 1 2165 8.00 0.00 0.00 482 2 13 
116 464 1376 0.003999 1 119 138 2 4054 8.00 0.00 0.00 923 2 14 
116 464 1376 0.001999 1 98 114 1 3102 8.00 0.00 0.00 779 2 15 
116 464 1376 0.003999 1 131 148 2 4579 8.00 0.00 0.00 940 2 16 
116 464 1376 0.001999 1 50 61 1 1286 8.00 0.00 0.00 395 2 17 
116 464 1376 0.000999 1 74 85 1 2387 8.00 0.00 0.00 547 2 18 
116 464 1376 0.002999 1 153 172 2 5374 8.00 0.00 0.00 1173 2 19 
116 464 1376 0.002999 1 203 227 3 7087 8.00 0.00 0.00 1398 2 20 
168 696 2088 0.005999 1 846 986 7 23478 8.00 0.00 0.00 7140 3 1 
168 696 2088 0.002999 1 247 320 3 7678 8.00 0.00 0.00 2389 3 2 
168 696 2088 0.002999 1 184 218 2 7180 8.00 0.00 0.00 2007 3 3 
168 696 2088 0.012998 1 897 995 7 32504 8.00 0.00 0.00 7200 3 4 
168 696 2088 0.015997 1 1482 1635 10 49859 8.00 0.00 0.00 12125 3 5 
168 696 2088 0.033994 1 3614 3998 18 129526 8.00 0.00 0.00 28083 3 6 
168 696 2088 0.021996 1 2281 2592 14 69430 8.00 0.00 0.00 18020 3 7 
168 696 2088 0.001999 1 152 196 2 5034 8.00 0.00 0.00 1509 3 8 
168 696 2088 0.008998 1 496 566 4 17995 8.00 0.00 0.00 4658 3 9 
168 696 2088 0.004999 1 231 268 3 8121 8.00 0.00 0.00 2280 3 10 
168 696 2088 0.008998 1 776 892 6 20966 8.00 0.00 0.00 6467 3 11 
168 696 2088 0.015997 1 1437 1550 10 55736 8.00 0.00 0.00 10456 3 12 
168 696 2088 0.010998 1 1035 1162 7 35537 8.00 0.00 0.00 9602 3 13 
168 696 2088 0.008998 1 574 681 5 20524 8.00 0.00 0.00 4800 3 14 
168 696 2088 0.002999 1 55 77 1 1603 8.00 0.00 0.00 527 3 15 
168 696 2088 0.004999 1 393 475 3 9713 8.00 0.00 0.00 3557 3 16 
168 696 2088 0.015997 1 1174 1304 7 41585 8.00 0.00 0.00 9327 3 17 
168 696 2088 0.030995 1 3300 3638 16 111137 8.00 0.00 0.00 26509 3 18 
168 696 2088 0.011998 1 1152 1247 7 41756 8.00 0.00 0.00 8753 3 19 
168 696 2088 0.007998 1 425 485 4 16087 8.00 0.00 0.00 4297 3 20 
220 928 2800 0.024996 1 2393 2677 14 109997 8.00 0.00 0.00 22643 4 1 
220 928 2800 0.028995 1 1924 2154 13 132427 8.00 0.00 0.00 23806 4 2 
220 928 2800 0.007998 1 434 529 4 18662 8.00 0.00 0.00 4606 4 3 
220 928 2800 0.022996 1 1319 1473 9 92403 8.00 0.00 0.00 16349 4 4 
220 928 2800 0.001999 1 47 88 1 2418 8.00 0.00 0.00 519 4 5 
220 928 2800 0.012998 1 1053 1193 7 46938 8.00 0.00 0.00 10338 4 6 
220 928 2800 0.039993 1 2528 2782 15 183326 8.00 0.00 0.00 28818 4 7 
220 928 2800 0.004999 1 359 432 3 16166 8.00 0.00 0.00 3961 4 8 
220 928 2800 0.038994 1 3424 3757 18 166894 8.00 0.00 0.00 34615 4 9 
220 928 2800 0.007998 1 837 986 7 37775 8.00 0.00 0.00 8049 4 10 
220 928 2800 0.065989 1 5731 6184 30 276682 8.00 0.00 0.00 51765 4 11 
220 928 2800 0.012998 1 1031 1198 7 47719 8.00 0.00 0.00 10061 4 12 
220 928 2800 0.039993 1 3457 3744 18 165796 8.00 0.00 0.00 32216 4 13 
220 928 2800 0.009998 1 569 688 5 25653 8.00 0.00 0.00 5697 4 14 
220 928 2800 0.015997 1 1134 1262 7 52583 8.00 0.00 0.00 11570 4 15 
220 928 2800 0.017997 1 1163 1317 7 51571 8.00 0.00 0.00 10976 4 16 
220 928 2800 0.032994 1 3151 3468 15 147489 8.00 0.00 0.00 30919 4 17 
220 928 2800 0.009998 1 691 802 6 28250 8.00 0.00 0.00 7105 4 18 
220 928 2800 0.005999 1 313 380 3 11660 8.00 0.00 0.00 3279 4 19 
220 928 2800 0.019996 1 1088 1226 7 66538 8.00 0.00 0.00 12783 4 20 
272 1160 3512 0.071989 1 3946 4302 21 375133 8.00 0.00 0.00 45764 5 1 
272 1160 3512 0.030995 1 1564 1746 10 133272 8.00 0.00 0.00 19942 5 2 
272 1160 3512 0.014997 1 787 898 6 64647 8.00 0.00 0.00 8856 5 3 
272 1160 3512 0.032994 1 1487 1706 10 127910 8.00 0.00 0.00 18047 5 4 
272 1160 3512 0.000999 1 8 28 1 480 8.00 0.00 0.00 66 5 5 
272 1160 3512 0.011998 1 609 739 6 45201 8.00 0.00 0.00 7132 5 6 
272 1160 3512 0.090986 1 4734 5167 25 458713 8.00 0.00 0.00 54857 5 7 
272 1160 3512 0.189971 1 12149 13087 53 899674 8.00 0.00 0.00 119895 5 8 
272 1160 3512 0.075988 1 3848 4251 21 373581 8.00 0.00 0.00 46530 5 9 
272 1160 3512 0.024996 1 1305 1488 9 106209 8.00 0.00 0.00 16052 5 10 
272 1160 3512 0.009998 1 379 462 3 26249 8.00 0.00 0.00 4402 5 11 
272 1160 3512 0.003999 1 96 113 1 6559 8.00 0.00 0.00 1124 5 12 
272 1160 3512 0.014997 1 790 938 6 63415 8.00 0.00 0.00 9367 5 13 
272 1160 3512 0.024996 1 1054 1186 7 89982 8.00 0.00 0.00 12068 5 14 
272 1160 3512 0.099984 1 5527 6095 29 530986 8.00 0.00 0.00 66812 5 15 
272 1160 3512 0.039993 1 1851 2143 13 163192 8.00 0.00 0.00 22637 5 16 
272 1160 3512 0.003999 1 108 146 2 6510 8.00 0.00 0.00 1276 5 17 
272 1160 3512 0.093985 1 5033 5556 28 471397 8.00 0.00 0.00 57313 5 18 
272 1160 3512 0.025996 1 1374 1574 9 113712 8.00 0.00 0.00 16505 5 19 
272 1160 3512 0.026995 1 2114 2423 14 124587 8.00 0.00 0.00 21124 5 20 
324 1392 4224 0.048992 1 2246 2641 14 237701 8.00 0.00 0.00 22983 6 1 
324 1392 4224 0.06099 1 2793 3195 15 282985 8.00 0.00 0.00 31891 6 2 
324 1392 4224 0.051992 1 2413 2720 15 239975 8.00 0.00 0.00 26949 6 3 
324 1392 4224 0.19297 1 8747 9633 37 988145 8.00 0.00 0.00 95803 6 4 
324 1392 4224 0.042993 1 2087 2395 14 193454 8.00 0.00 0.00 24760 6 5 
324 1392 4224 0.058991 1 2821 3190 15 287556 8.00 0.00 0.00 33441 6 6 
324 1392 4224 0.109983 1 5090 5740 28 556581 8.00 0.00 0.00 60489 6 7 
324 1392 4224 0.205968 1 9290 10294 39 1053167 8.00 0.00 0.00 103814 6 8 
324 1392 4224 0.188971 1 8480 9374 35 969036 8.00 0.00 0.00 86578 6 9 
324 1392 4224 0.007998 1 355 444 3 28295 8.00 0.00 0.00 3760 6 10 
324 1392 4224 0.055991 1 2561 2962 15 270643 8.00 0.00 0.00 30046 6 11 
324 1392 4224 0.007998 1 467 584 4 36382 8.00 0.00 0.00 5236 6 12 
324 1392 4224 0.012998 1 599 714 5 47317 8.00 0.00 0.00 6929 6 13 
324 1392 4224 0.024996 1 959 1150 7 85443 8.00 0.00 0.00 11406 6 14 
324 1392 4224 0.041993 1 1999 2310 13 190587 8.00 0.00 0.00 21966 6 15 
324 1392 4224 0.181972 1 8171 9042 33 925030 8.00 0.00 0.00 89065 6 16 
324 1392 4224 0.071989 1 3357 3841 17 326072 8.00 0.00 0.00 39415 6 17 
324 1392 4224 0.06399 1 2787 3169 15 307876 8.00 0.00 0.00 33364 6 18 
324 1392 4224 0.018997 1 974 1184 7 75883 8.00 0.00 0.00 11675 6 19 
324 1392 4224 0.115982 1 5243 5857 29 582003 8.00 0.00 0.00 60135 6 20 
376 1624 4936 0.143978 1 5829 6642 30 717406 8.00 0.00 0.00 70372 7 1 
376 1624 4936 0.235964 1 9532 10659 41 1184913 8.00 0.00 0.00 100689 7 2 
376 1624 4936 0.211967 1 8141 9125 33 1063533 8.00 0.00 0.00 89743 7 3 
376 1624 4936 0.090986 1 3784 4312 20 456995 8.00 0.00 0.00 42133 7 4 
376 1624 4936 0.032994 1 1183 1360 7 137837 8.00 0.00 0.00 12473 7 5 
376 1624 4936 0.047992 1 2020 2419 14 217553 8.00 0.00 0.00 23903 7 6 
376 1624 4936 0.053991 1 2171 2620 14 233824 8.00 0.00 0.00 27415 7 7 
376 1624 4936 0.046992 1 2059 2453 14 221375 8.00 0.00 0.00 22959 7 8 
376 1624 4936 0.074988 1 3107 3556 15 365450 8.00 0.00 0.00 34934 7 9 
376 1624 4936 0.075988 1 2977 3460 15 367164 8.00 0.00 0.00 35647 7 10 
376 1624 4936 0.085986 1 3578 4077 18 435410 8.00 0.00 0.00 39289 7 11 
376 1624 4936 0.003999 1 30 49 1 2119 8.00 0.00 0.00 306 7 12 
376 1624 4936 0.099984 1 3924 4525 21 488363 8.00 0.00 0.00 44448 7 13 
376 1624 4936 0.004999 1 118 162 2 5972 8.00 0.00 0.00 1195 7 14 
376 1624 4936 0.031995 1 1465 1737 10 148443 8.00 0.00 0.00 16067 7 15 
376 1624 4936 0.245962 1 9114 9964 38 1236544 8.00 0.00 0.00 93965 7 16 
376 1624 4936 0.084987 1 3395 3874 17 428011 8.00 0.00 0.00 38271 7 17 
376 1624 4936 0.226965 1 8847 9971 38 1169280 8.00 0.00 0.00 100704 7 18 
376 1624 4936 0.025996 1 1078 1334 7 97899 8.00 0.00 0.00 12212 7 19 
376 1624 4936 0.197969 1 7907 8805 31 979856 8.00 0.00 0.00 85403 7 20 
428 1856 5648 0.228965 1 7781 8755 31 1195158 8.00 0.00 0.00 77713 8 1 
428 1856 5648 0.073988 1 2956 3483 15 365878 8.00 0.00 0.00 31397 8 2 
428 1856 5648 0.040993 1 1556 1845 10 164484 8.00 0.00 0.00 18411 8 3 
428 1856 5648 0.021996 1 827 1077 7 71722 8.00 0.00 0.00 9568 8 4 
428 1856 5648 0.123981 1 4635 5314 25 615919 8.00 0.00 0.00 51072 8 5 
428 1856 5648 0.022996 1 1065 1397 7 102838 8.00 0.00 0.00 12278 8 6 
428 1856 5648 0.057991 1 2170 2532 14 261626 8.00 0.00 0.00 24217 8 7 
428 1856 5648 0.096985 1 3609 4338 19 481953 8.00 0.00 0.00 39431 8 8 
428 1856 5648 0.016997 1 616 826 6 46825 8.00 0.00 0.00 6604 8 9 
428 1856 5648 0.06199 1 2475 2940 15 289566 8.00 0.00 0.00 30783 8 10 
428 1856 5648 0.014997 1 644 939 6 48478 8.00 0.00 0.00 7208 8 11 
428 1856 5648 0.030995 1 1211 1532 8 125462 8.00 0.00 0.00 13223 8 12 
428 1856 5648 0.037994 1 1429 1788 10 152040 8.00 0.00 0.00 17756 8 13 
428 1856 5648 0.009998 1 500 688 4 28464 8.00 0.00 0.00 5753 8 14 
428 1856 5648 0.018997 1 741 949 6 65610 8.00 0.00 0.00 7961 8 15 
428 1856 5648 0.095985 1 3383 3880 17 455964 8.00 0.00 0.00 36648 8 16 
428 1856 5648 0.008998 1 268 445 3 16885 8.00 0.00 0.00 2593 8 17 
428 1856 5648 0.329949 1 11630 12966 49 1704241 8.00 0.00 0.00 121468 8 18 
428 1856 5648 0.075988 1 3071 3650 15 339144 8.00 0.00 0.00 35996 8 19 
428 1856 5648 0.087986 1 3319 3913 17 401788 8.00 0.00 0.00 37869 8 20 
480 2088 6360 0.025996 1 1024 1327 7 107437 8.00 0.00 0.00 11195 9 1 
480 2088 6360 0.171973 1 5309 6117 29 862753 8.00 0.00 0.00 62199 9 2 
480 2088 6360 0.06499 1 2271 2770 14 314004 8.00 0.00 0.00 25603 9 3 
480 2088 6360 0.282956 1 8906 10072 38 1431681 8.00 0.00 0.00 90115 9 4 
480 2088 6360 0.040993 1 1565 1951 10 170133 8.00 0.00 0.00 17653 9 5 
480 2088 6360 0.311952 1 9474 10514 41 1606866 8.00 0.00 0.00 101423 9 6 
480 2088 6360 0.25796 1 8101 9319 32 1317912 8.00 0.00 0.00 87467 9 7 
480 2088 6360 0.234964 1 7351 8421 31 1202724 8.00 0.00 0.00 75559 9 8 
480 2088 6360 0.055991 1 1952 2356 13 252228 8.00 0.00 0.00 23520 9 9 
480 2088 6360 0.110983 1 3799 4456 20 540596 8.00 0.00 0.00 44855 9 10 
480 2088 6360 0.041993 1 1653 2134 11 186079 8.00 0.00 0.00 18602 9 11 
480 2088 6360 0.080987 1 2833 3476 15 391683 8.00 0.00 0.00 34089 9 12 
480 2088 6360 0.024996 1 1015 1307 7 99962 8.00 0.00 0.00 12072 9 13 
480 2088 6360 0.046992 1 1870 2240 13 214028 8.00 0.00 0.00 22552 9 14 
480 2088 6360 0.136979 1 4453 5209 23 647509 8.00 0.00 0.00 52609 9 15 
480 2088 6360 0.065989 1 2363 2841 14 312462 8.00 0.00 0.00 25339 9 16 
480 2088 6360 0.093985 1 3240 3759 16 437096 8.00 0.00 0.00 34596 9 17 
480 2088 6360 0.093985 1 3263 3855 16 456402 8.00 0.00 0.00 38272 9 18 
480 2088 6360 0.12998 1 4120 4845 22 638312 8.00 0.00 0.00 44002 9 19 
480 2088 6360 0.06399 1 2212 2676 14 299414 8.00 0.00 0.00 26701 9 20 
532 2320 7072 0.224965 1 6638 7692 31 1115306 8.00 0.00 0.00 74208 10 1 
532 2320 7072 0.182972 1 5587 6585 29 889772 8.00 0.00 0.00 65457 10 2 
532 2320 7072 0.086986 1 2966 3645 15 397154 8.00 0.00 0.00 33947 10 3 
532 2320 7072 0.180972 1 5547 6459 29 883919 8.00 0.00 0.00 62242 10 4 
532 2320 7072 0.040993 1 1396 1769 9 158172 8.00 0.00 0.00 15332 10 5 
532 2320 7072 0.094985 1 2802 3419 15 443964 8.00 0.00 0.00 30707 10 6 
532 2320 7072 0.071989 1 2406 3076 15 318784 8.00 0.00 0.00 26713 10 7 
532 2320 7072 0.044993 1 1445 1867 10 189398 8.00 0.00 0.00 16400 10 8 
532 2320 7072 0.041993 1 1455 1908 10 173493 8.00 0.00 0.00 15108 10 9 
532 2320 7072 0.038994 1 1426 1866 10 169467 8.00 0.00 0.00 15958 10 10 
532 2320 7072 0.321951 1 9785 11145 43 1573469 8.00 0.00 0.00 107335 10 11 
532 2320 7072 0.25896 1 7421 8456 31 1289262 8.00 0.00 0.00 82869 10 12 
532 2320 7072 0.077988 1 2918 3634 15 325019 8.00 0.00 0.00 30371 10 13 
532 2320 7072 0.023996 1 1015 1415 7 90787 8.00 0.00 0.00 12183 10 14 
532 2320 7072 0.052991 1 1790 2293 12 220169 8.00 0.00 0.00 21806 10 15 
532 2320 7072 0.338948 1 9247 10460 39 1746761 8.00 0.00 0.00 96551 10 16 
532 2320 7072 0.025996 1 1105 1518 7 86499 8.00 0.00 0.00 12326 10 17 
532 2320 7072 0.080987 1 2686 3297 15 351132 8.00 0.00 0.00 31846 10 18 
532 2320 7072 0.222966 1 6505 7605 31 1119386 8.00 0.00 0.00 70800 10 19 
532 2320 7072 0.176973 1 5238 6146 29 890887 8.00 0.00 0.00 62245 10 20 
584 2552 7784 0.208968 1 5729 6766 30 1080745 8.00 0.00 0.00 60245 11 1 
584 2552 7784 0.080987 1 2617 3255 15 361966 8.00 0.00 0.00 28596 11 2 
584 2552 7784 0.116982 1 3444 4151 18 565311 8.00 0.00 0.00 38202 11 3 
584 2552 7784 0.217966 1 6326 7281 30 1088083 8.00 0.00 0.00 70500 11 4 
584 2552 7784 0.051992 1 1676 2199 11 229101 8.00 0.00 0.00 18418 11 5 
584 2552 7784 0.018997 1 753 1226 6 57938 8.00 0.00 0.00 8578 11 6 
584 2552 7784 0.110983 1 4213 5219 22 509255 8.00 0.00 0.00 47805 11 7 
584 2552 7784 0.069989 1 2276 2989 14 320798 8.00 0.00 0.00 26442 11 8 
584 2552 7784 0.25796 1 6906 7993 31 1314706 8.00 0.00 0.00 70270 11 9 
584 2552 7784 0.017997 1 647 969 6 57310 8.00 0.00 0.00 7389 11 10 
584 2552 7784 0.008998 1 515 825 5 35160 8.00 0.00 0.00 5677 11 11 
584 2552 7784 0.167974 1 5090 6270 28 818145 8.00 0.00 0.00 58304 11 12 
584 2552 7784 0.233964 1 6354 7456 30 1155184 8.00 0.00 0.00 73305 11 13 
584 2552 7784 0.149977 1 4478 5411 23 716562 8.00 0.00 0.00 49727 11 14 
584 2552 7784 0.131979 1 4022 4904 22 587912 8.00 0.00 0.00 47811 11 15 
584 2552 7784 0.26196 1 7152 8320 31 1286366 8.00 0.00 0.00 77634 11 16 
584 2552 7784 0.153976 1 4191 5044 22 742464 8.00 0.00 0.00 44959 11 17 
584 2552 7784 0.024996 1 802 1239 7 77137 8.00 0.00 0.00 9354 11 18 
584 2552 7784 0.06499 1 2150 2775 14 284429 8.00 0.00 0.00 25248 11 19 
584 2552 7784 0.163975 1 4572 5532 24 781861 8.00 0.00 0.00 50204 11 20 
636 2784 8496 0.291955 1 7866 9216 31 1431929 8.00 0.00 0.00 95417 12 1 
636 2784 8496 0.400939 1 10636 12415 46 1916129 8.00 0.00 0.00 117536 12 2 
636 2784 8496 0.138978 1 4057 4981 22 646943 8.00 0.00 0.00 41618 12 3 
636 2784 8496 0.122981 1 3725 4707 20 555668 8.00 0.00 0.00 45031 12 4 
636 2784 8496 0.121981 1 3753 4716 20 576064 8.00 0.00 0.00 45494 12 5 
636 2784 8496 0.083987 1 2441 3189 15 390666 8.00 0.00 0.00 27878 12 6 
636 2784 8496 0.096985 1 2837 3681 15 428627 8.00 0.00 0.00 35639 12 7 
636 2784 8496 0.285956 1 7748 9203 31 1383725 8.00 0.00 0.00 89130 12 8 
636 2784 8496 0.108983 1 3620 4622 19 508038 8.00 0.00 0.00 41419 12 9 
636 2784 8496 0.118981 1 3366 4252 17 553664 8.00 0.00 0.00 41908 12 10 
636 2784 8496 0.221966 1 5965 7202 30 1092096 8.00 0.00 0.00 72332 12 11 
636 2784 8496 0.065989 1 2236 3083 14 280673 8.00 0.00 0.00 24952 12 12 
636 2784 8496 0.202969 1 5259 6331 29 977334 8.00 0.00 0.00 67892 12 13 
636 2784 8496 0.174973 1 4519 5642 24 851088 8.00 0.00 0.00 52085 12 14 
636 2784 8496 0.067989 1 1968 2862 13 304174 8.00 0.00 0.00 20681 12 15 
636 2784 8496 0.156976 1 4269 5206 22 748063 8.00 0.00 0.00 49972 12 16 
636 2784 8496 0.146977 1 3869 4804 21 703138 8.00 0.00 0.00 39002 12 17 
636 2784 8496 0.12598 1 3632 4655 19 558016 8.00 0.00 0.00 44142 12 18 
636 2784 8496 0.174973 1 4903 6064 26 835822 8.00 0.00 0.00 59060 12 19 
636 2784 8496 0.115982 1 3199 4110 15 541679 8.00 0.00 0.00 32817 12 20 
688 3016 9208 0.118981 1 3557 4842 18 542921 8.00 0.00 0.00 43942 13 1 
688 3016 9208 0.25896 1 6953 8432 31 1222216 8.00 0.00 0.00 74568 13 2 
688 3016 9208 0.038994 1 1657 2292 11 151599 8.00 0.00 0.00 20558 13 3 
688 3016 9208 0.242963 1 5980 7493 30 1194149 8.00 0.00 0.00 64076 13 4 
688 3016 9208 0.12598 1 3299 4252 16 607058 8.00 0.00 0.00 33285 13 5 
688 3016 9208 0.083987 1 2622 3551 15 392545 8.00 0.00 0.00 29890 13 6 
688 3016 9208 0.010998 1 409 660 4 20415 8.00 0.00 0.00 4783 13 7 
688 3016 9208 0.111982 1 2921 3831 15 524380 8.00 0.00 0.00 35723 13 8 
688 3016 9208 0.113982 1 3375 4533 17 518654 8.00 0.00 0.00 40482 13 9 
688 3016 9208 0.132979 1 3923 5241 21 599228 8.00 0.00 0.00 43092 13 10 
688 3016 9208 0.038994 1 1594 2260 10 157271 8.00 0.00 0.00 17624 13 11 
688 3016 9208 0.197969 1 5342 6675 29 940569 8.00 0.00 0.00 59667 13 12 
688 3016 9208 0.056991 1 1888 2814 13 233596 8.00 0.00 0.00 21950 13 13 
688 3016 9208 0.091986 1 2478 3314 15 427107 8.00 0.00 0.00 29732 13 14 
688 3016 9208 0.017997 1 841 1404 7 57043 8.00 0.00 0.00 9271 13 15 
688 3016 9208 0.040993 1 1751 2587 12 157952 8.00 0.00 0.00 20161 13 16 
688 3016 9208 0.242963 1 6285 7620 30 1159208 8.00 0.00 0.00 67517 13 17 
688 3016 9208 0.007998 1 124 340 2 5779 8.00 0.00 0.00 1103 13 18 
688 3016 9208 0.027995 1 1070 1743 7 95821 8.00 0.00 0.00 11910 13 19 
688 3016 9208 0.070989 1 2361 3301 14 318487 8.00 0.00 0.00 26549 13 20 
740 3248 9920 0.104984 1 3212 4412 16 461170 8.00 0.00 0.00 38357 14 1 
740 3248 9920 0.047992 1 1697 2651 11 182936 8.00 0.00 0.00 20113 14 2 
740 3248 9920 0.406938 1 9252 11222 39 2018451 8.00 0.00 0.00 97278 14 3 
740 3248 9920 0.099984 1 2896 4004 15 453960 8.00 0.00 0.00 31223 14 4 
740 3248 9920 0.248962 1 5601 7191 29 1222057 8.00 0.00 0.00 63254 14 5 
740 3248 9920 0.067989 1 2220 3131 14 269433 8.00 0.00 0.00 25598 14 6 
740 3248 9920 0.131979 1 3713 4889 20 611358 8.00 0.00 0.00 43945 14 7 
740 3248 9920 0.089986 1 3313 4540 16 378594 8.00 0.00 0.00 38203 14 8 
740 3248 9920 0.078987 1 2605 3619 15 335323 8.00 0.00 0.00 30206 14 9 
740 3248 9920 0.111982 1 3337 4455 17 508712 8.00 0.00 0.00 40776 14 10 
740 3248 9920 0.032994 1 1547 2442 10 126243 8.00 0.00 0.00 19847 14 11 
740 3248 9920 0.071989 1 2508 3691 15 280592 8.00 0.00 0.00 31056 14 12 
740 3248 9920 0.113982 1 3269 4378 16 517261 8.00 0.00 0.00 39058 14 13 
740 3248 9920 0.043993 1 1700 2445 11 180705 8.00 0.00 0.00 20494 14 14 
740 3248 9920 0.197969 1 4670 6025 25 956415 8.00 0.00 0.00 52665 14 15 
740 3248 9920 0.044993 1 1701 2699 11 165843 8.00 0.00 0.00 19716 14 16 
740 3248 9920 0.031995 1 1098 1846 7 111518 8.00 0.00 0.00 12018 14 17 
740 3248 9920 0.263959 1 6157 7755 30 1283339 8.00 0.00 0.00 65173 14 18 
740 3248 9920 0.165974 1 4711 6141 25 735930 8.00 0.00 0.00 60677 14 19 
740 3248 9920 0.12898 1 3446 4547 18 602395 8.00 0.00 0.00 41602 14 20 
792 3480 10632 0.164974 1 4859 6642 26 704145 8.00 0.00 0.00 60390 15 1 
792 3480 10632 0.166974 1 4009 5427 22 766739 8.00 0.00 0.00 50253 15 2 
792 3480 10632 0.028995 1 1511 2508 10 113581 8.00 0.00 0.00 18059 15 3 
792 3480 10632 0.163975 1 4274 5495 22 770832 8.00 0.00 0.00 47209 15 4 
792 3480 10632 0.111982 1 3074 4120 15 500597 8.00 0.00 0.00 35064 15 5 
792 3480 10632 0.156976 1 4274 5582 22 726331 8.00 0.00 0.00 48436 15 6 
792 3480 10632 0.204968 1 4640 6184 25 962223 8.00 0.00 0.00 55426 15 7 
792 3480 10632 0.471928 1 9423 11227 41 2345812 8.00 0.00 0.00 94877 15 8 
792 3480 10632 0.263959 1 6669 8343 31 1220350 8.00 0.00 0.00 78549 15 9 
792 3480 10632 0.080987 1 2551 3552 15 337983 8.00 0.00 0.00 31031 15 10 
792 3480 10632 0.100984 1 3372 4985 17 432631 8.00 0.00 0.00 40920 15 11 
792 3480 10632 0.026995 1 1361 2156 9 95942 8.00 0.00 0.00 16560 15 12 
792 3480 10632 0.056991 1 2072 3260 14 233653 8.00 0.00 0.00 25364 15 13 
792 3480 10632 0.032994 1 1242 2167 8 105331 8.00 0.00 0.00 14798 15 14 
792 3480 10632 0.047992 1 1780 2759 12 196911 8.00 0.00 0.00 22073 15 15 
792 3480 10632 0.092985 1 3171 4637 15 411942 8.00 0.00 0.00 37540 15 16 
792 3480 10632 0.19597 1 5160 6691 28 935338 8.00 0.00 0.00 62375 15 17 
792 3480 10632 0.042993 1 1847 2800 13 170992 8.00 0.00 0.00 21840 15 18 
792 3480 10632 0.109983 1 3060 4214 15 468399 8.00 0.00 0.00 37049 15 19 
792 3480 10632 0.347947 1 7845 9820 31 1655137 8.00 0.00 0.00 88096 15 20 
844 3712 11344 0.114982 1 3055 4184 15 506725 8.00 0.00 0.00 37937 16 1 
844 3712 11344 0.018997 1 858 1580 7 47785 8.00 0.00 0.00 9695 16 2 
844 3712 11344 0.12698 1 4150 5631 22 531810 8.00 0.00 0.00 47874 16 3 
844 3712 11344 0.295955 1 6340 8113 30 1408615 8.00 0.00 0.00 71285 16 4 
844 3712 11344 0.508922 1 10954 13150 46 2455814 8.00 0.00 0.00 128131 16 5 
844 3712 11344 0.310952 1 6902 8828 31 1472558 8.00 0.00 0.00 79004 16 6 
844 3712 11344 0.188971 1 4696 6168 25 858066 8.00 0.00 0.00 55593 16 7 
844 3712 11344 0.040993 1 1574 2532 10 145724 8.00 0.00 0.00 19587 16 8 
844 3712 11344 0.157975 1 4272 5907 22 709529 8.00 0.00 0.00 50266 16 9 
844 3712 11344 0.12798 1 3338 4699 17 583030 8.00 0.00 0.00 40067 16 10 
844 3712 11344 0.465929 1 10444 13060 46 2196594 8.00 0.00 0.00 120228 16 11 
844 3712 11344 0.355945 1 8044 10164 32 1671641 8.00 0.00 0.00 94112 16 12 
844 3712 11344 0.236963 1 5850 7871 30 1088904 8.00 0.00 0.00 67944 16 13 
844 3712 11344 0.075988 1 2614 4094 15 324230 8.00 0.00 0.00 32243 16 14 
844 3712 11344 0.442932 1 9470 11850 41 2111524 8.00 0.00 0.00 106577 16 15 
844 3712 11344 0.12598 1 3981 5546 21 549620 8.00 0.00 0.00 46713 16 16 
844 3712 11344 0.080987 1 2845 4220 15 324967 8.00 0.00 0.00 35506 16 17 
844 3712 11344 0.212967 1 5523 7395 29 961632 8.00 0.00 0.00 67461 16 18 
844 3712 11344 0.067989 1 2533 3827 15 282674 8.00 0.00 0.00 29599 16 19 
844 3712 11344 0.212967 1 5133 6856 28 965439 8.00 0.00 0.00 58815 16 20 
896 3944 12056 0.12898 1 3481 5104 18 545905 8.00 0.00 0.00 43204 17 1 
896 3944 12056 0.476927 1 9617 11777 42 2295539 8.00 0.00 0.00 114059 17 2 
896 3944 12056 0.082987 1 2413 3906 15 342166 8.00 0.00 0.00 27518 17 3 
896 3944 12056 0.436933 1 9164 11823 38 2092981 8.00 0.00 0.00 107085 17 4 
896 3944 12056 0.100984 1 2941 4432 15 414490 8.00 0.00 0.00 34076 17 5 
896 3944 12056 0.028995 1 1431 2714 10 104618 8.00 0.00 0.00 16294 17 6 
896 3944 12056 0.13098 1 3492 4870 18 571328 8.00 0.00 0.00 42797 17 7 
896 3944 12056 0.092985 1 2825 4230 15 363715 8.00 0.00 0.00 36040 17 8 
896 3944 12056 0.057991 1 1781 2984 12 226185 8.00 0.00 0.00 20192 17 9 
896 3944 12056 0.395939 1 8811 11042 37 1849394 8.00 0.00 0.00 96304 17 10 
896 3944 12056 0.488925 1 9772 12404 43 2357194 8.00 0.00 0.00 109352 17 11 
896 3944 12056 0.39394 1 8979 11171 38 1821652 8.00 0.00 0.00 102818 17 12 
896 3944 12056 0.053991 1 2071 3481 14 196516 8.00 0.00 0.00 25864 17 13 
896 3944 12056 0.117982 1 3353 4792 17 503073 8.00 0.00 0.00 41073 17 14 
896 3944 12056 0.290955 1 6720 8681 31 1345201 8.00 0.00 0.00 77966 17 15 
896 3944 12056 0.213967 1 4810 6587 25 930806 8.00 0.00 0.00 58525 17 16 
896 3944 12056 0.213967 1 5270 7344 29 949777 8.00 0.00 0.00 62112 17 17 
896 3944 12056 0.032994 1 1691 2858 11 120976 8.00 0.00 0.00 20656 17 18 
896 3944 12056 0.051992 1 1909 3188 13 190695 8.00 0.00 0.00 23441 17 19 
896 3944 12056 0.065989 1 2264 3478 14 250257 8.00 0.00 0.00 26279 17 20 
948 4176 12768 0.412937 1 9691 12313 42 1843590 8.00 0.00 0.00 115212 18 1 
948 4176 12768 0.090986 1 2896 4568 15 360457 8.00 0.00 0.00 35537 18 2 
948 4176 12768 0.164974 1 5096 7560 28 700576 8.00 0.00 0.00 64244 18 3 
948 4176 12768 0.305953 1 7115 9350 31 1421065 8.00 0.00 0.00 88816 18 4 
948 4176 12768 0.053991 1 2385 3867 14 195193 8.00 0.00 0.00 30537 18 5 
948 4176 12768 0.32595 1 6432 8327 31 1590062 8.00 0.00 0.00 71457 18 6 
948 4176 12768 0.513921 1 9915 12420 44 2433548 8.00 0.00 0.00 114170 18 7 
948 4176 12768 0.25696 1 6594 8947 31 1124163 8.00 0.00 0.00 76940 18 8 
948 4176 12768 0.050992 1 2194 3610 14 182724 8.00 0.00 0.01 29136 18 9 
948 4176 12768 0.066989 1 2569 4030 15 276744 8.00 0.00 0.00 32562 18 10 
948 4176 12768 0.033994 1 1654 2769 11 111519 8.00 0.00 0.00 20564 18 11 
948 4176 12768 0.402938 1 8005 10278 31 1942615 8.00 0.00 0.00 85991 18 12 
948 4176 12768 0.530919 1 9882 12688 44 2558907 8.00 0.00 0.00 112208 18 13 
948 4176 12768 0.151976 1 4238 6137 22 635239 8.00 0.00 0.00 50773 18 14 
948 4176 12768 0.092985 1 2932 4374 15 376851 8.00 0.00 0.00 36446 18 15 
948 4176 12768 0.332949 1 6978 9050 31 1559224 8.00 0.00 0.00 81919 18 16 
948 4176 12768 0.069989 1 2481 3891 15 277508 8.00 0.00 0.00 30991 18 17 
948 4176 12768 0.140978 1 4064 5914 22 594596 8.00 0.00 0.00 51342 18 18 
948 4176 12768 0.203968 1 4419 6283 23 926366 8.00 0.00 0.00 51309 18 19 
948 4176 12768 0.180972 1 4754 6714 25 820504 8.00 0.00 0.00 57161 18 20 
1000 4408 13480 0.170974 1 4594 6534 24 724881 8.00 0.00 0.00 57795 19 1 
1000 4408 13480 0.232964 1 5166 7342 28 1032678 8.00 0.00 0.00 60693 19 2 
1000 4408 13480 0.151976 1 4171 6228 22 647716 8.00 0.00 0.00 51709 19 3 
1000 4408 13480 0.112982 1 3183 5203 15 476430 8.00 0.00 0.00 39962 19 4 
1000 4408 13480 0.241963 1 5090 7239 28 1087633 8.00 0.00 0.00 63634 19 5 
1000 4408 13480 0.303953 1 7482 10487 31 1339770 8.00 0.00 0.00 92206 19 6 
1000 4408 13480 0.504923 1 10308 12863 45 2376900 8.00 0.00 0.00 116611 19 7 
1000 4408 13480 0.565913 1 11156 14052 46 2643162 8.00 0.00 0.00 127734 19 8 
1000 4408 13480 0.109983 1 3342 5302 17 461997 8.00 0.00 0.00 39635 19 9 
1000 4408 13480 0.239963 1 5193 7237 28 1104301 8.00 0.00 0.00 60196 19 10 
1000 4408 13480 0.068989 1 3300 5170 16 247487 8.00 0.00 0.01 40527 19 11 
1000 4408 13480 0.248962 1 5633 7892 30 1082957 8.00 0.00 0.00 71011 19 12 
1000 4408 13480 0.505923 1 8846 11128 38 2502600 8.00 0.00 0.00 90417 19 13 
1000 4408 13480 0.082987 1 3497 5587 18 331031 8.00 0.00 0.00 44053 19 14 
1000 4408 13480 0.58791 1 10594 13376 46 2833782 8.00 0.00 0.01 113361 19 15 
1000 4408 13480 0.497924 1 9540 12299 41 2336586 8.00 0.00 0.01 103985 19 16 
1000 4408 13480 0.158975 1 3671 5437 19 729294 8.00 0.00 0.00 39588 19 17 
1000 4408 13480 0.649901 1 11124 14171 46 3280379 8.00 0.00 0.00 125847 19 18 
1000 4408 13480 0.408937 1 8902 11662 38 1895901 8.00 0.00 0.00 107704 19 19 
1000 4408 13480 0.399939 1 8868 11736 38 1822205 8.00 0.00 0.01 99605 19 20 
1052 4640 14192 0.048992 1 2138 3535 14 171767 8.00 0.00 0.00 27035 20 1 
1052 4640 14192 0.449931 1 8814 11553 37 2101127 8.00 0.00 0.00 108770 20 2 
1052 4640 14192 0.075988 1 2355 3997 14 292557 8.00 0.00 0.00 28371 20 3 
1052 4640 14192 0.178972 1 5307 7729 29 778154 8.00 0.00 0.00 69624 20 4 
1052 4640 14192 0.205968 1 4709 6955 25 897863 8.00 0.00 0.00 57874 20 5 
1052 4640 14192 0.197969 1 4577 6862 24 869795 8.00 0.00 0.00 58063 20 6 
1052 4640 14192 0.106983 1 4285 6756 22 418183 8.00 0.00 0.00 52401 20 7 
1052 4640 14192 0.161975 1 4308 6481 22 688131 8.00 0.00 0.00 56075 20 8 
1052 4640 14192 0.439933 1 9705 12816 42 1972762 8.00 0.00 0.00 118132 20 9 
1052 4640 14192 0.135979 1 4951 7412 27 523013 8.00 0.00 0.00 61390 20 10 
1052 4640 14192 0.704892 1 13543 16996 60 3325637 8.00 0.00 0.00 152953 20 11 
1052 4640 14192 0.501923 1 9679 12585 42 2373457 8.00 0.00 0.00 113953 20 12 
1052 4640 14192 0.477927 1 8394 11058 34 2259261 8.00 0.00 0.00 99369 20 13 
1052 4640 14192 0.06499 1 2796 4739 15 248752 8.00 0.00 0.00 34604 20 14 
1052 4640 14192 0.265959 1 5809 8371 30 1201948 8.00 0.00 0.00 66282 20 15 
1052 4640 14192 0.461929 1 8424 11265 35 2183832 8.00 0.00 0.00 97068 20 16 
1052 4640 14192 0.462929 1 9240 12311 39 2079344 8.00 0.00 0.00 115767 20 17 
1052 4640 14192 0.096985 1 3068 5095 15 409067 8.00 0.00 0.00 36355 20 18 
1052 4640 14192 0.464929 1 9076 11783 38 2147663 8.00 0.00 0.00 107508 20 19 
1052 4640 14192 0.416936 1 8798 11552 37 1853157 8.00 0.00 0.00 104277 20 20 
