rn rc t sat cfs dec rts r1 mem ptime stime cfl r s
128 1138 0.004999 1 346 402 3 3745 8.00 0.00 0.00 3245 1 1
128 1138 0.007998 1 233 286 3 2678 8.00 0.00 0.00 2123 1 2
128 1138 0.013997 1 973 1106 7 10307 8.00 0.00 0.00 8709 1 3
128 1138 0.020996 1 2147 2331 14 22993 8.00 0.00 0.00 18191 1 4
128 1138 0.006998 1 468 532 4 4982 8.00 0.00 0.00 4339 1 5
128 1138 0.013997 1 1538 1699 10 16493 8.00 0.00 0.00 13554 1 6
128 1138 0.008998 1 424 493 4 4812 8.00 0.00 0.00 3900 1 7
128 1138 0.005999 1 136 185 2 1557 8.00 0.00 0.00 1268 1 8
128 1138 0.008998 1 482 554 4 5248 8.00 0.00 0.00 4507 1 9
128 1138 0.009998 1 960 1042 7 10277 8.00 0.00 0.00 8533 1 10
128 1138 0.012998 1 1284 1431 8 12765 8.00 0.00 0.01 11403 1 11
128 1138 0.008998 1 465 532 4 5264 8.00 0.00 0.00 4393 1 12
128 1138 0.012998 1 735 828 6 8335 8.00 0.00 0.00 6701 1 13
128 1138 0.011998 1 681 780 6 7467 8.00 0.00 0.00 6131 1 14
128 1138 0.007998 1 246 314 3 3029 8.00 0.00 0.01 2306 1 15
128 1138 0.012998 1 474 548 4 5159 8.00 0.00 0.00 4423 1 16
128 1138 0.006998 1 572 657 5 6116 8.00 0.00 0.00 5300 1 17
128 1138 0.014997 1 1154 1256 7 12127 8.00 0.00 0.00 10473 1 18
128 1138 0.005999 1 188 242 2 2235 8.00 0.00 0.00 1789 1 19
128 1138 0.017997 1 1825 2026 13 19127 8.00 0.00 0.00 15894 1 20
208 2212 0.317951 1 36179 40246 126 551990 8.00 0.00 0.01 497136 2 1
208 2212 0.539917 1 58102 64486 186 951489 8.00 0.00 0.01 770559 2 2
208 2212 0.488925 1 53705 59488 164 850370 8.00 0.00 0.01 723402 2 3
208 2212 0.219966 1 24626 27723 92 384432 8.00 0.00 0.01 335202 2 4
208 2212 0.667898 1 71426 79195 221 1121863 8.00 0.00 0.01 950316 2 5
208 2212 0.186971 1 20889 23317 74 319100 8.00 0.00 0.01 282336 2 6
208 2212 0.160975 1 18796 21060 63 274069 8.00 0.00 0.01 254519 2 7
208 2212 1.58376 1 157383 173282 426 2660203 8.00 0.00 0.01 2029754 2 8
208 2212 0.027995 1 2260 2652 14 35427 8.00 0.00 0.01 32229 2 9
208 2212 0.198969 1 22170 24743 78 349832 8.00 0.00 0.01 308335 2 10
208 2212 0.471928 1 52089 57741 158 818913 8.00 0.00 0.01 707582 2 11
208 2212 0.090986 1 9886 11232 44 147102 8.00 0.00 0.01 139460 2 12
208 2212 2.30265 1 220899 241346 511 3810926 8.00 0.00 0.01 2832057 2 13
208 2212 0.275958 1 29967 33627 109 487107 8.00 0.00 0.01 403801 2 14
208 2212 0.382941 1 42030 46351 127 694812 8.00 0.00 0.01 561856 2 15
208 2212 0.154976 1 18138 20240 63 270928 8.00 0.00 0.01 248688 2 16
208 2212 0.502923 1 53884 59465 165 880286 8.00 0.00 0.01 719453 2 17
208 2212 0.333949 1 36111 40312 126 594833 8.00 0.00 0.01 493298 2 18
208 2212 1.34479 1 139192 153340 381 2213785 8.00 0.00 0.01 1829223 2 19
208 2212 0.58791 1 64924 71897 196 1024761 8.00 0.00 0.01 857506 2 20
288 3286 21.6247 1 1289865 1463307 2491 27083768 8.00 0.00 0.01 18325663 3 1
288 3286 17.2654 1 1084242 1225650 2047 21819397 8.00 0.00 0.01 15511906 3 2
288 3286 5.36118 1 409533 471781 1008 7079032 8.00 0.00 0.01 5794363 3 3
288 3286 5.31119 1 411573 477804 1017 6814185 8.00 0.00 0.01 5800137 3 4
288 3286 7.53585 1 542466 622272 1132 9706738 8.00 0.00 0.01 7573811 3 5
288 3286 2.12668 1 187901 222140 509 2985985 8.00 0.00 0.01 2647034 3 6
288 3286 0.606907 1 59054 71675 188 889164 8.00 0.00 0.01 826319 3 7
288 3286 3.57046 1 293424 338345 701 4868789 8.00 0.00 0.01 4121266 3 8
288 3286 2.25366 1 199067 238487 510 3126064 8.00 0.00 0.01 2798997 3 9
288 3286 1.44578 1 131434 153342 359 2041989 8.00 0.00 0.01 1850579 3 10
288 3286 0.885865 1 85070 101882 254 1304706 8.00 0.00 0.01 1194822 3 11
288 3286 8.10277 1 593409 688798 1276 10389220 8.00 0.00 0.01 8414893 3 12
288 3286 0.144977 1 14814 19126 62 214295 8.00 0.00 0.01 207400 3 13
288 3286 7.56085 1 533603 614278 1096 9884923 8.00 0.00 0.01 7424081 3 14
288 3286 11.5092 1 780130 884335 1660 14823199 8.00 0.00 0.01 11099372 3 15
288 3286 6.76197 1 515555 604643 1038 8790673 8.00 0.00 0.01 7203729 3 16
288 3286 4.35334 1 346849 401532 826 5913856 8.00 0.00 0.01 4882533 3 17
288 3286 0.928858 1 88954 108448 254 1336999 8.00 0.00 0.01 1238422 3 18
288 3286 18.5242 1 1097981 1243742 2047 24049444 8.00 0.00 0.01 15136755 3 19
288 3286 2.59461 1 219856 258157 511 3582725 8.00 0.00 0.01 3123454 3 20
368 4360 21.1798 1 1362697 1753135 2580 25466299 9.00 0.00 0.01 20282734 4 1
368 4360 52.0431 1 2814681 3599725 4935 56663965 11.00 0.00 0.01 41546088 4 2
368 4360 40.5588 1 2354934 3016821 4095 45524169 11.00 0.00 0.01 35114379 4 3
368 4360 6.15206 1 461604 610978 1023 8038932 8.00 0.00 0.01 6866328 4 4
368 4360 16.8974 1 1097089 1423099 2047 20366762 9.00 0.00 0.01 16173093 4 5
368 4360 6.97294 1 516754 678235 1045 8984191 8.00 0.00 0.02 7687927 4 6
368 4360 42.2096 1 2432066 3107946 4095 47386577 11.00 0.00 0.01 36403832 4 7
368 4360 42.5825 1 2364493 3028972 4095 47636630 10.00 0.00 0.01 35149477 4 8
368 4360 37.2903 1 2196925 2826263 4094 42400505 10.00 0.00 0.02 32540402 4 9
368 4360 16.0296 1 1056851 1374670 2047 19063965 9.00 0.00 0.01 15892159 4 10
368 4360 7.63884 1 554519 713370 1150 9706175 8.00 0.00 0.01 8315981 4 11
368 4360 44.7262 1 2436271 3106422 4095 49687016 11.00 0.00 0.01 35984391 4 12
368 4360 3.21251 1 258691 342082 611 4370696 8.00 0.00 0.01 3765895 4 13
368 4360 23.3954 1 1509865 1930413 2960 27501937 10.00 0.00 0.02 22636763 4 14
368 4360 16.4585 1 1078277 1394213 2047 19334616 9.00 0.00 0.01 16091928 4 15
368 4360 5.51416 1 425693 567535 1021 7161557 8.00 0.00 0.01 6355350 4 16
368 4360 36.4745 1 2188220 2812799 4094 41624543 10.00 0.00 0.01 32809325 4 17
368 4360 5.98409 1 452348 593592 1022 7806409 8.00 0.00 0.01 6655497 4 18
368 4360 5.96209 1 448902 589230 1022 7700076 8.00 0.00 0.01 6657263 4 19
368 4360 11.3133 1 807097 1054644 1724 14074851 8.00 0.00 0.02 11935443 4 20
448 5434 9.95949 1 691845 942454 1522 12198531 9.00 0.00 0.02 10656874 5 1
448 5434 76.7523 1 3771103 4930194 6650 79222306 16.00 0.00 0.02 60484348 5 2
448 5434 88.6285 1 4421608 5781050 7931 89406669 16.00 0.00 0.02 70273998 5 3
448 5434 46.245 1 2567657 3332257 4375 50262470 14.00 0.00 0.02 40659058 5 4
448 5434 3.71743 1 280989 383629 667 4782672 8.00 0.01 0.02 4376289 5 5
448 5434 49.2515 1 2562856 3325258 4350 52421458 14.00 0.00 0.02 41030400 5 6
448 5434 7.81981 1 553862 757824 1150 9884874 8.00 0.00 0.02 8580134 5 7
448 5434 32.608 1 1879205 2490424 3612 35673521 12.00 0.01 0.02 29784769 5 8
448 5434 186.707 1 8195797 10583899 13273 179512180 20.00 0.00 0.02 133201358 5 9
448 5434 78.2311 1 3959819 5168806 7034 80893134 15.00 0.00 0.02 62845055 5 10
448 5434 116.666 1 5393490 6945636 8381 116143781 17.00 0.00 0.02 86032497 5 11
448 5434 87.6927 1 4408314 5772414 7919 88742103 15.00 0.01 0.02 70307630 5 12
448 5434 88.5745 1 4458832 5824045 8023 91145217 15.00 0.01 0.02 70487164 5 13
448 5434 3.05953 1 6052625 7833330 9725 130827153 17.00 0.00 0.02 96153209 5 14
448 5434 87.0368 1 4414120 5815113 7929 88582207 15.00 0.01 0.02 69534284 5 15
448 5434 62.6205 1 3245796 4223141 5756 67087300 15.00 0.00 0.02 51814202 5 16
448 5434 184.807 1 8109234 10483173 13051 175953071 21.00 0.00 0.02 129546267 5 17
448 5434 16.9854 1 1043947 1394804 2047 19708912 10.00 0.00 0.02 16512405 5 18
448 5434 81.4736 1 4143756 5426613 7292 84279879 15.00 0.00 0.02 65704438 5 19
448 5434 113.533 1 5348593 6919568 8254 112878324 16.00 0.00 0.02 84692021 5 20
528 6508 231.03 1 8935733 11484696 14396 204879735 25.00 0.00 0.02 147254546 6 1
528 6508 7.84081 1 515609 696633 1038 9650846 10.00 0.00 0.02 8245726 6 2
528 6508 69.7834 1 3310239 4325169 5904 70355017 17.00 0.00 0.02 53715468 6 3
528 6508 456.897 1 15756465 20001976 24030 393522077 31.00 0.01 0.02 262657480 6 4
528 6508 219.85 1 8610277 11094946 14061 200346575 26.00 0.01 0.02 142465622 6 5
528 6508 480.178 1 16070275 20401258 24571 407099818 32.00 0.00 0.02 268693480 6 6
528 6508 238.334 1 9561953 12393976 15711 213601351 24.00 0.00 0.02 156377612 6 7
528 6508 490.116 1 16591348 21076018 24574 415138416 31.00 0.01 0.02 276860399 6 8
528 6508 83.4623 1 3715903 4841297 6490 81976587 16.00 0.00 0.02 60368423 6 9
528 6508 9.8505 1 654147 889263 1405 11813908 10.00 0.01 0.02 10227768 6 10
528 6508 85.1671 1 4166747 5464156 7366 85516919 19.00 0.00 0.02 67721024 6 11
528 6508 78.5411 1 3703468 4859884 6451 78236278 17.00 0.00 0.02 60053430 6 12
528 6508 624.902 1 20097872 25599143 30456 517945266 32.00 0.00 0.02 333816463 6 13
528 6508 2.04869 1 10710474 13650368 16383 263015377 28.00 0.00 0.02 178227702 6 14
528 6508 25.0792 1 1459464 1953400 2813 28034708 13.00 0.01 0.02 23400976 6 15
528 6508 197.741 1 7880476 10122531 12540 181714718 24.00 0.00 0.02 130723306 6 16
528 6508 22.7435 1 1278097 1709797 2444 25115645 12.00 0.00 0.02 20636576 6 17
528 6508 24.1193 1 1403914 1891579 2689 26705279 13.00 0.00 0.02 22383039 6 18
528 6508 792.911 1 24000204 29989701 32767 638327622 38.00 0.00 0.02 405682630 6 19
528 6508 226.991 1 8946462 11539517 14430 205677539 25.00 0.00 0.02 148575092 6 20
608 7582 917.944 1 25269018 31624854 34215 697901342 47.00 0.01 0.03 434190014 7 1
608 7582 954.922 1 26070522 32402825 35626 741690291 46.00 0.01 0.02 448687785 7 2
608 7582 418.247 1 13531778 17170711 20469 350689603 35.00 0.00 0.02 229455512 7 3
608 7582 213.768 1 7970541 10275840 12789 189135825 27.00 0.01 0.02 132538141 7 4
608 7582 1192.71 1 32738648 41014223 45881 915640945 52.00 0.00 0.03 563959701 7 5
608 7582 392.618 1 12873805 16344106 19067 327278996 38.00 0.01 0.02 220257187 7 6
608 7582 33.5129 1 1801228 2438666 3511 34875444 15.00 0.01 0.02 29054991 7 7
608 7582 604.998 1 18839883 23876985 28583 487700850 42.00 0.01 0.03 319399400 7 8
608 7582 986.552 1 27780641 34763762 38396 766563673 52.00 0.01 0.03 477403309 7 9
608 7582 206.535 1 8045734 10414536 12885 185851788 28.00 0.01 0.02 135334348 7 10
608 7582 33.9658 1 1821057 2441294 3576 35646905 15.00 0.01 0.02 29287281 7 11
608 7582 1653.24 1 41882624 52119001 58364 1226147508 54.00 0.01 0.03 724723679 7 12
608 7582 154.554 1 6179907 7984927 9996 145634302 24.00 0.01 0.03 103801820 7 13
608 7582 16.9314 1 8367358 10787821 13499 206526559 29.00 0.01 0.02 141867458 7 14
608 7582 720.819 1 21315828 27030630 32726 571968861 43.00 0.01 0.03 363482467 7 15
608 7582 647.265 1 19618960 24879983 29497 522475478 42.00 0.00 0.02 335681530 7 16
608 7582 1789.74 1 44569947 55449764 62968 1310637866 56.00 0.00 0.02 772987710 7 17
608 7582 507.424 1 16423567 20884632 24574 426461912 40.00 0.00 0.03 279163854 7 18
608 7582 271.8 1 9768549 12632811 16143 240152500 28.00 0.00 0.03 164521616 7 19
608 7582 70.9402 1 3335626 4425619 5991 70422866 19.00 0.01 0.02 54594296 7 20
688 8656 441.462 1 13957315 17953815 20541 351840067 40.00 0.01 0.03 238068836 8 1
688 8656 2916.5 1 62011747 76557478 81166 1979193948 78.00 0.01 0.03 1099904969 8 2
688 8656 370.723 1 12231234 15701094 17948 305853348 37.00 0.00 0.03 208760704 8 3
688 8656 1908.97 1 44520390 55482370 62840 1339125522 70.00 0.01 0.03 781067313 8 4
688 8656 23.4354 1 1295898 1783922 2501 24652009 16.00 0.01 0.03 21063070 8 5
688 8656 585.404 1 17732891 22637865 26604 458573451 43.00 0.01 0.03 304414303 8 6
688 8656 230.244 1 8335818 10840910 13429 198754156 32.00 0.01 0.03 139770471 8 7
688 8656 692.101 1 20162729 25662317 30592 540444867 48.00 0.01 0.03 349038428 8 8
688 8656 1348.8 1 33991971 42548264 48123 993952451 59.00 0.01 0.03 592437143 8 9
688 8656 2531.87 1 55421610 68138274 70653 1769216193 78.00 0.01 0.03 978613174 8 10
688 8656 1051.83 1 27205295 34059345 37244 791725744 56.00 0.01 0.03 474396139 8 11
688 8656 373.811 1 11909430 15228731 17404 305528108 39.00 0.01 0.03 205018763 8 12
688 8656 38.7741 1 2082504 2868078 4092 39806751 17.00 0.01 0.03 33619282 8 13
688 8656 1.9987 1 160407 236091 439 2634845 9.00 0.01 0.03 2477473 8 14
688 8656 2778.68 1 59785280 73616280 77593 1879314599 81.00 0.01 0.03 1058771386 8 15
688 8656 196.044 1 7477812 9814897 12284 172556102 30.00 0.01 0.03 125602824 8 16
688 8656 101.883 1 4532414 6069899 8186 95126924 22.00 0.01 0.03 75126308 8 17
688 8656 437.925 1 14248859 18247530 21240 361734516 41.00 0.01 0.03 244536004 8 18
688 8656 26.9219 1 1424789 1952769 2762 28188642 16.00 0.01 0.03 23064596 8 19
688 8656 1780.55 1 42713971 53432469 59878 1290494791 62.00 0.01 0.03 745061262 8 20
768 9730 1244.09 1 30127601 38070672 41468 863571720 67.00 0.00 0.03 530191994 9 1
768 9730 20.9928 1 1188862 1629904 2237 21910421 17.00 0.01 0.03 18979721 9 2
768 9730 5448.59 1 99588792 122541926 131068 3384967795 107.00 0.00 0.03 1791036838 9 3
768 9730 2878.74 1 59232265 73605020 76500 1872326426 88.00 0.01 0.03 1054153586 9 4
768 9730 10.2634 1 634627 904277 1342 11498402 13.00 0.01 0.03 10038052 9 5
768 9730 2876.53 1 61836595 76679328 80890 1915970826 88.00 0.01 0.03 1103410282 9 6
768 9730 1493.15 1 36421620 45954637 49955 1065322434 73.00 0.01 0.03 641899579 9 7
768 9730 99.4779 1 4213441 5648792 7463 89747660 24.00 0.01 0.03 69360557 9 8
768 9730 1661.4 1 39410023 49535752 55126 1160364085 70.00 0.01 0.03 696502037 9 9
768 9730 423.817 1 13055786 16898719 19452 331858344 43.00 0.01 0.03 225311193 9 10
768 9730 3136.29 1 64737651 79911620 83579 2094045892 92.00 0.01 0.03 1158639821 9 11
768 9730 1332.61 1 33101401 41911557 46586 947377642 67.00 0.01 0.03 581792956 9 12
768 9730 399.732 1 11720753 15071216 16939 316594226 43.00 0.01 0.03 203301004 9 13
768 9730 3.02554 1 17466499 22519028 25979 449521362 49.00 0.01 0.03 302634538 9 14
768 9730 221.712 1 7825628 10216020 12411 190094126 34.00 0.01 0.03 132063183 9 15
768 9730 3030.19 1 63122807 78220528 81917 2000433154 91.00 0.00 0.03 1131486959 9 16
768 9730 3968.61 1 77821191 95862385 99865 2571186988 101.00 0.00 0.03 1398823037 9 17
768 9730 151.442 1 5343718 7001241 8250 131814211 30.00 0.01 0.03 89945806 9 18
768 9730 3215.21 1 63987786 79089644 82043 2101983270 90.00 0.01 0.03 1145755583 9 19
768 9730 3356.45 1 68327345 84755676 89721 2185623009 93.00 0.01 0.03 1223238553 9 20
848 10804 7923.05 1 128392109 157371547 155898 4443870638 142.00 0.01 0.04 2364650475 10 1
848 10804 5200.47 1 94456953 117268037 124089 3167493867 114.00 0.01 0.03 1707709107 10 2
848 10804 17695.4 1 243422469 292937268 274210 9515949807 188.00 0.01 0.04 4513204916 10 3
848 10804 4106.48 1 78895113 98195782 101879 2572240365 110.00 0.01 0.03 1433745595 10 4
848 10804 517.904 1 15760581 20617759 24049 398580220 48.00 0.01 0.03 271830904 10 5
848 10804 2.72358 1 210870 312997 511 3334584 10.00 0.01 0.03 3253726 10 6
848 10804 120.209 1 4906730 6622257 8190 105281498 31.00 0.01 0.03 81821932 10 7
848 10804 2788.1 1 59518861 74435290 77027 1830642033 95.00 0.00 0.04 1066192761 10 8
848 10804 8903.46 1 140562500 172050835 171874 5135111118 151.00 0.00 0.04 2582279718 10 9
848 10804 4439.32 1 82985396 102951588 107735 2755068737 113.00 0.01 0.03 1502214093 10 10
848 10804 2620.4 1 54250425 67811724 68985 1737406413 97.00 0.01 0.03 972876125 10 11
848 10804 1739.19 1 38803440 49121460 53881 1177898970 79.00 0.01 0.04 690357651 10 12
848 10804 82.7364 1 3519359 4758821 6142 76922131 24.00 0.01 0.04 58441395 10 13
848 10804 0.268959 1 92714586 115064876 122040 3092374231 121.00 0.01 0.03 1683435050 10 14
848 10804 7289.18 1 120964246 147978734 146547 4337181055 132.00 0.01 0.04 2215556728 10 15
848 10804 719.691 1 19089058 24667231 28669 527435611 51.00 0.01 0.03 331675494 10 16
848 10804 1218.28 1 31370288 40090619 43769 871755959 69.00 0.01 0.03 553864108 10 17
848 10804 2610.38 1 54222050 67526801 68888 1709655183 101.00 0.01 0.04 976350283 10 18
848 10804 1010.1 1 24706287 31387422 33047 731000161 71.00 0.01 0.04 437169035 10 19
848 10804 466.484 1 14012676 18196147 20699 358372624 52.00 0.01 0.03 244499113 10 20
928 11878 1211.27 1 28422444 36590505 39445 809883084 77.00 0.01 0.04 501967353 11 1
928 11878 4927.42 1 88409591 110533843 114685 2980104452 131.00 0.00 0.04 1618458506 11 2
928 11878 1739.89 1 39388474 50424919 55049 1176680094 85.00 0.01 0.04 706671362 11 3
928 11878 6982.2 1 114170249 140958766 135677 4035466829 147.00 0.01 0.04 2099965672 11 4
928 11878 206.796 1 6624844 8926390 10683 165933634 38.00 0.01 0.04 112689452 11 5
928 11878 1811.83 1 39961281 51275872 55993 1194455405 83.00 0.01 0.04 716216870 11 6
928 11878 4195.47 1 77672761 97244460 99579 2543218390 117.00 0.01 0.04 1404635556 11 7
928 11878 39.397 1 1976894 2785534 3851 38454187 20.00 0.01 0.04 32097800 11 8
928 11878 8741.8 1 136538808 168150085 164860 4970125565 167.00 0.01 0.04 2531135171 11 9
928 11878 199.141 1 6975625 9379787 11286 165097731 35.00 0.01 0.04 118136796 11 10
928 11878 18608.7 1 242206876 292556464 271961 9683605759 217.00 0.01 0.04 4536240476 11 11
928 11878 1374.59 1 32921358 42255687 46140 949036615 79.00 0.01 0.04 585396886 11 12
928 11878 538.271 1 15980579 21146702 24518 408217647 51.00 0.01 0.04 274757526 11 13
928 11878 1.00385 1 61120058 77270896 79650 1943244706 115.00 0.01 0.04 1109580257 11 14
928 11878 1049.9 1 25136533 32291736 33883 733902410 75.00 0.01 0.04 450957997 11 15
928 11878 1722.38 1 39361097 50498593 55030 1150761010 87.00 0.01 0.04 701284808 11 16
928 11878 7310.48 1 120831858 149470117 146422 4255733842 150.00 0.01 0.04 2217792754 11 17
928 11878 1923.7 1 42564677 54402360 59488 1286380435 88.00 0.01 0.04 759521936 11 18
928 11878 64.9951 1 3030789 4221043 5301 60845788 25.00 0.01 0.04 50188797 11 19
928 11878 1002.3 1 24780904 31807625 33274 715404953 76.00 0.01 0.04 444547616 11 20
1008 12952 10341.6 1 151857245 188979139 187877 5465875744 176.00 0.01 0.04 2812173684 12 1
1008 12952 5443.97 1 91799853 115668292 120441 3175448222 143.00 0.01 0.04 1691497777 12 2
1008 12952 5256.19 1 92243072 116548458 121082 3093192827 137.00 0.01 0.04 1689744291 12 3
1008 12952 548.067 1 15702322 20974728 23866 400281318 56.00 0.01 0.04 269250296 12 4
1008 12952 9770.68 1 142821914 176669164 174711 5400840366 171.00 0.01 0.04 2657669882 12 5
1008 12952 2902.2 1 55570388 70559673 70982 1785820186 121.00 0.01 0.04 1008978234 12 6
1008 12952 666.004 1 17456949 23065465 25966 480381079 59.00 0.01 0.04 305204807 12 7
1008 12952 155.437 1 5889311 8114571 9350 128526761 40.00 0.01 0.04 99924820 12 8
1008 12952 478.579 1 14379073 19172090 21500 358044345 53.00 0.01 0.04 248052674 12 9
1008 12952 8321.3 1 126687041 157670158 153913 4610801560 170.00 0.01 0.04 2346322545 12 10
1008 12952 1388.22 1 31060054 40255732 43023 926628241 87.00 0.01 0.04 552824986 12 11
1008 12952 397.153 1 12065594 16056740 17630 305059596 55.00 0.01 0.04 208397835 12 12
1008 12952 11463.6 1 166511813 205936149 200951 6173728546 192.00 0.01 0.04 3107408389 12 13
1008 12952 0.200969 1 112396503 139528521 133012 4036412616 164.00 0.01 0.04 2069725762 12 14
1008 12952 650.793 1 17016239 22417330 25085 473142714 60.00 0.01 0.04 297798613 12 15
1008 12952 187.217 1 7127939 9848271 11683 155839994 37.00 0.01 0.04 119589242 12 16
1008 12952 4414.62 1 81203877 102858632 105582 2672546542 137.00 0.01 0.04 1478671353 12 17
1008 12952 10899 1 156940078 195276905 195576 5833639692 185.00 0.01 0.04 2915514266 12 18
1008 12952 3222.48 1 61521455 78120057 80217 1994140196 118.00 0.01 0.04 1122638072 12 19
1008 12952 21214.7 1 269193819 328977910 308727 10524514586 235.00 0.01 0.04 5064304562 12 20
1088 14026 9673.78 1 140048657 175082795 170847 5152833166 190.00 0.01 0.05 2620503164 13 1
1088 14026 3203.46 1 59006230 75661845 76007 1961392916 122.00 0.01 0.05 1070170860 13 2
1088 14026 5463.69 1 93803397 119293647 122876 3120715168 154.00 0.01 0.05 1722045260 13 3
1088 14026 3063.53 1 58555577 75142898 75294 1872351246 132.00 0.01 0.05 1064421149 13 4
1088 14026 11058.3 1 151984415 189950546 188127 5774694425 195.00 0.01 0.05 2840028425 13 5
1088 14026 2768.6 1 53041785 68057191 66730 1677203523 119.00 0.01 0.05 962526341 13 6
1088 14026 2024.78 1 43063881 56324424 60472 1288781274 103.00 0.01 0.05 767892999 13 7
1088 14026 1997.7 1 44719651 58595123 63247 1277851192 101.00 0.01 0.05 793248184 13 8
1088 14026 7735.33 1 121317790 152958693 147351 4248719061 181.00 0.01 0.05 2248687844 13 9
1088 14026 26088.9 1 297882235 365291252 342930 12262666851 265.00 0.01 0.05 5659655130 13 10
1088 14026 10065.8 1 142063937 177732747 173375 5350696474 197.00 0.01 0.05 2651374979 13 11
1088 14026 378.877 1 11643618 15739411 16828 286958736 56.00 0.01 0.05 202186712 13 12
1088 14026 35372.7 1 381963719 466753667 442103 16153693314 297.00 0.01 0.05 7268446493 13 13
1088 14026 0.144977 1 195223962 242796752 240121 7363561562 212.00 0.01 0.05 3652982574 13 14
1088 14026 5822.13 1 98235563 125152506 130628 3335351476 151.00 0.01 0.05 1800652465 13 15
1088 14026 1016.44 1 25268277 33219981 34213 707209965 86.00 0.01 0.05 446789919 13 16
1088 14026 4369.96 1 79612699 101802833 102650 2577133680 147.00 0.01 0.05 1447924584 13 17
1088 14026 1881.07 1 41686545 54301959 57989 1207212272 102.00 0.01 0.05 748144124 13 18
1088 14026 10231.9 1 143229624 178822623 175534 5401673697 195.00 0.01 0.05 2679730925 13 19
1088 14026 1454.43 1 33064769 43370040 46520 960282324 91.00 0.01 0.05 590228226 13 20
1168 15100 3084.51 1 59465050 77154746 76866 1841387811 139.00 0.01 0.05 1076718420 14 1
1168 15100 1390.38 1 30768446 40750240 42747 906339269 94.00 0.01 0.05 545410445 14 2
1168 15100 2038.03 1 42520467 55801055 59388 1282122774 107.00 0.01 0.05 760228930 14 3
1168 15100 4788.6 1 81225938 104211463 105628 2745558886 155.00 0.01 0.05 1496444552 14 4
1168 15100 7415.95 1 114605288 144853353 136549 4043543464 198.00 0.01 0.05 2122472968 14 5
1168 15100 3180.05 1 60960952 79097931 79352 1889535475 135.00 0.01 0.05 1104640711 14 6
1168 15100 1467.37 1 32586106 43030970 45563 944302132 93.00 0.01 0.05 576399036 14 7
1168 15100 10.4274 1 603606 919158 1278 10858497 16.00 0.01 0.05 9681682 14 8
1168 15100 415.409 1 11836855 16077969 17234 305994817 54.00 0.01 0.05 202383656 14 9
1168 15100 4844.1 1 85253582 110003799 111537 2770714622 158.00 0.01 0.05 1564046750 14 10
1168 15100 10318.8 1 143390783 181065826 175865 5388857251 209.00 0.01 0.05 2679012577 14 11
1168 15100 426.093 1 12929891 17668444 19196 315155760 60.00 0.01 0.05 224113606 14 12
1168 15100 40377.8 1 420322033 518377825 489463 17568155154 341.00 0.01 0.05 8026372976 14 13
1168 15100 0.549916 1 40519636 53558741 57112 1189568958 108.00 0.01 0.05 719145171 14 14
1168 15100 1681.3 1 38015029 50331552 52930 1077270557 98.00 0.01 0.05 675132781 14 15
1168 15100 2444.68 1 49680169 64930813 65535 1494528072 115.00 0.01 0.05 888219982 14 16
1168 15100 3600.53 1 66541356 86048680 86359 2109785670 143.00 0.01 0.05 1213509466 14 17
1168 15100 1430.62 1 32909399 43670247 46107 937933826 94.00 0.01 0.05 584074417 14 18
1168 15100 8107 1 117780601 148895787 141307 4269195863 195.00 0.01 0.05 2190867732 14 19
1168 15100 1696.51 1 36496151 48107036 50170 1087165361 108.00 0.01 0.05 654204026 14 20
1248 16174 1333.55 1 30516775 40813783 42217 858278173 102.00 0.01 0.05 540268100 15 1
1248 16174 3114.38 1 61429235 80582512 79994 1855810630 139.00 0.01 0.05 1106778644 15 2
1248 16174 4395.25 1 72695580 94006779 96249 2506570410 146.00 0.01 0.05 1328129332 15 3
1248 16174 15760 1 201330599 254056981 248207 7692572268 245.00 0.01 0.05 3796236517 15 4
1248 16174 9946.67 1 145061760 185008706 178298 5157365443 225.00 0.01 0.05 2670399268 15 5
1248 16174 1316.38 1 30072649 40091905 41340 850049367 96.00 0.01 0.05 534144347 15 6
1248 16174 8531.15 1 128542121 163988845 156159 4456940248 204.00 0.01 0.05 2374392798 15 7
1248 16174 1731.59 1 36876384 48770212 50853 1090237542 116.00 0.01 0.05 662146208 15 8
1248 16174 318.879 1 9964337 13904435 16380 240020426 51.00 0.01 0.05 169884119 15 9
1248 16174 10449.7 1 144811322 183906682 178152 5305468635 226.00 0.01 0.05 2696940229 15 10
1248 16174 42986.7 1 426189327 526280796 494487 18314244303 356.00 0.01 0.05 8156909507 15 11
1248 16174 21651.5 1 261290326 327312602 296154 10125687182 306.00 0.01 0.05 4940756448 15 12
1248 16174 17012.2 1 208632236 263578597 259710 8061668537 257.00 0.01 0.05 3945138671 15 13
1248 16174 0.758884 1 86843866 112250381 114455 2922295860 163.00 0.01 0.05 1593751624 15 14
1248 16174 17902.5 1 217262513 273933329 262142 8422157330 275.00 0.01 0.05 4095579406 15 15
1248 16174 13088.9 1 178558785 226333661 218470 6593650208 248.00 0.01 0.05 3344928044 15 16
1248 16174 26646.1 1 297822122 371168446 342777 12002627977 318.00 0.01 0.05 5675210275 15 17
1248 16174 7853.79 1 111760428 141810228 131689 4102883216 201.00 0.01 0.05 2064659703 15 18
1248 16174 13599.8 1 180053670 227481830 221177 6735477381 244.00 0.01 0.05 3370081588 15 19
1248 16174 3880 1 68371323 89225562 89848 2251796615 139.00 0.01 0.05 1246108820 15 20
1328 17248 22957 1 261535989 329233839 296698 10194430650 318.00 0.01 0.06 4941176486 16 1
1328 17248 2864.99 1 55686234 73678047 71201 1684304305 138.00 0.01 0.06 998251913 16 2
1328 17248 12330.8 1 164439796 209428249 197629 6040939069 255.00 0.02 0.06 3065064683 16 3
1328 17248 3008 1 55092479 72390493 70058 1743149341 148.00 0.01 0.06 996933272 16 4
1328 17248 25825.9 1 290133757 363953372 330746 11617067670 338.00 0.01 0.06 5518238897 16 5
1328 17248 9365.55 1 130580678 166651485 159740 4730993331 219.00 0.01 0.06 2430840127 16 6
1328 17248 1277.09 1 30575991 41443901 42352 831772882 98.00 0.01 0.06 536769814 16 7
1328 17248 10263.5 1 145601052 187165293 179415 5149330829 239.00 0.01 0.06 2715242853 16 8
1328 17248 35292.8 1 362402500 452289172 415521 15062905347 377.00 0.01 0.06 6904483602 16 9
1328 17248 29261.1 1 317082397 397911302 367352 12876878698 341.00 0.01 0.06 6030397943 16 10
1328 17248 41716.3 1 404340520 503520180 466355 17305917934 375.00 0.01 0.06 7759759479 16 11
1328 17248 9987.56 1 135649953 173274370 163838 5008052189 243.00 0.01 0.06 2539347624 16 12
1328 17248 12773.4 1 169972228 217331569 206238 6303301934 242.00 0.01 0.06 3162806814 16 13
1328 17248 1.24381 1 59316257 78265179 76696 1888405718 145.00 0.01 0.06 1073219450 16 14
1328 17248 11112.2 1 155897874 199835301 193593 5603142556 246.00 0.01 0.06 2902164308 16 15
1328 17248 10944.5 1 151602989 194764489 187385 5395904815 244.00 0.01 0.06 2825081285 16 16
1328 17248 3340.79 1 60870641 80385155 79099 1924576128 148.00 0.01 0.06 1106388687 16 17
1328 17248 13243.3 1 175596163 224048650 213371 6453364753 267.00 0.01 0.06 3287877885 16 18
1328 17248 29657.6 1 313854736 393278332 361913 12921848006 341.00 0.01 0.06 5990577474 16 19
1328 17248 9749.73 1 137355063 176224098 166233 4922662127 236.00 0.01 0.06 2575661942 16 20
1408 18322 12062.4 1 154966809 199233010 192502 5752058724 257.00 0.01 0.06 2902716499 17 1
1408 18322 11565.7 1 156513963 202482160 194617 5698100265 248.00 0.02 0.06 2906813197 17 2
1408 18322 239.984 1 8152938 11760837 13156 182459103 57.00 0.01 0.06 137665720 17 3
1408 18322 2672.67 1 53717039 71398590 67897 1568171069 144.00 0.01 0.06 957504916 17 4
1408 18322 769.14 1 20640731 28714092 31273 527278801 84.00 0.01 0.06 357191745 17 5
1408 18322 2938.82 1 56300247 74584615 72219 1731545546 159.00 0.01 0.06 1019562671 17 6
1408 18322 8986.85 1 130357592 168555957 159712 4619807826 239.00 0.01 0.06 2408769859 17 7
1408 18322 5781.3 1 92086997 121290042 120827 3096615657 184.00 0.01 0.06 1675796395 17 8
1408 18322 60283.6 1 509983602 630329498 540913 22925695530 479.00 0.01 0.06 9903462903 17 9
1408 18322 4781.03 1 79060119 103825990 102199 2612134497 173.00 0.01 0.06 1441344530 17 10
1408 18322 1522.03 1 33126197 45276329 46587 935014572 106.00 0.01 0.06 586845093 17 11
1408 18322 56288.4 1 499673846 617396410 526651 21853209077 504.00 0.01 0.06 9682731958 17 12
1408 18322 545.48 1 15870423 22231281 24247 388510146 71.00 0.01 0.06 274451365 17 13
1408 18322 0.246962 1 65297685 86465336 84476 2004473040 157.00 0.02 0.06 1187066927 17 14
1408 18322 3069.19 1 55871476 74203338 71674 1767191562 149.00 0.02 0.06 1010828078 17 15
1408 18322 4228.78 1 73657030 96917526 97912 2377967724 175.00 0.01 0.06 1333301977 17 16
1408 18322 36308.5 1 357331883 449507788 409271 14944404201 378.00 0.01 0.06 6832692822 17 17
1408 18322 16058.5 1 200840742 257124095 247424 7518314498 288.00 0.01 0.06 3773811393 17 18
1408 18322 42256.9 1 400901267 502795770 460535 17161792899 397.00 0.01 0.06 7676244043 17 19
1408 18322 18503.9 1 215942140 275263065 262141 8444252752 299.00 0.01 0.06 4074740596 17 20
