# Generated in OKlibrary version 0.1.0.16, commit 3feb28fbe6f57c2b738c9cfed85b47a47e5c8256, date 2011-12-11
# For instructions on generation, see "Minisat-2.2.0" in Investigations/Cryptography/AdvancedEncryptionStandard/plans/KeyDiscovery/012/1_3_4/general.hpp
# in the OKlibrary.
n c l t sat cfs dec rts r1 mem ptime stime cfl r s 
64 252 720 0.001999 1 6 10 1 190 8.00 0.00 0.00 23 1 1 
64 252 720 0.000999 1 19 22 1 481 8.00 0.00 0.00 56 1 2 
64 252 720 0.000999 1 25 31 1 515 8.00 0.00 0.00 91 1 3 
64 252 720 0.000999 1 17 22 1 385 8.00 0.00 0.00 62 1 4 
64 252 720 0 1 16 19 1 352 8.00 0.00 0.00 55 1 5 
64 252 720 0.000999 1 21 23 1 527 8.00 0.00 0.00 74 1 6 
64 252 720 0.000999 1 0 4 1 68 8.00 0.00 0.00 0 1 7 
64 252 720 0.000999 1 26 30 1 602 8.00 0.00 0.00 69 1 8 
64 252 720 0 1 19 21 1 477 8.00 0.00 0.00 65 1 9 
64 252 720 0.001999 1 9 13 1 232 8.00 0.00 0.00 31 1 10 
64 252 720 0.000999 1 4 10 1 155 8.00 0.00 0.00 17 1 11 
64 252 720 0 1 11 17 1 330 8.00 0.00 0.00 35 1 12 
64 252 720 0.000999 1 0 4 1 68 8.00 0.00 0.00 0 1 13 
64 252 720 0 1 26 31 1 536 8.00 0.00 0.00 96 1 14 
64 252 720 0.001999 1 3 8 1 123 8.00 0.00 0.00 14 1 15 
64 252 720 0.001999 1 1 7 1 99 8.00 0.00 0.00 3 1 16 
64 252 720 0.001999 1 26 30 1 495 8.00 0.00 0.00 103 1 17 
64 252 720 0.000999 1 6 10 1 188 8.00 0.00 0.00 23 1 18 
64 252 720 0.000999 1 0 5 1 68 8.00 0.00 0.00 0 1 19 
64 252 720 0.000999 1 0 4 1 68 8.00 0.00 0.00 0 1 20 
116 504 1488 0.003999 1 135 149 2 5295 8.00 0.00 0.00 1021 2 1 
116 504 1488 0.004999 1 291 313 3 10976 8.00 0.00 0.00 1713 2 2 
116 504 1488 0.004999 1 247 264 3 9227 8.00 0.00 0.00 1647 2 3 
116 504 1488 0.003999 1 230 249 3 8672 8.00 0.00 0.00 1537 2 4 
116 504 1488 0.000999 1 23 32 1 1008 8.00 0.00 0.00 207 2 5 
116 504 1488 0.003999 1 221 239 3 7313 8.00 0.00 0.00 1570 2 6 
116 504 1488 0.000999 1 36 45 1 1138 8.00 0.00 0.00 274 2 7 
116 504 1488 0.001999 1 172 187 2 6054 8.00 0.00 0.00 1293 2 8 
116 504 1488 0.002999 1 199 214 2 6936 8.00 0.00 0.00 1380 2 9 
116 504 1488 0.001999 1 80 93 1 2838 8.00 0.00 0.00 637 2 10 
116 504 1488 0.001999 1 80 96 1 3013 8.00 0.00 0.00 599 2 11 
116 504 1488 0.003999 1 299 328 3 10516 8.00 0.00 0.00 2036 2 12 
116 504 1488 0 1 52 62 1 2217 8.00 0.00 0.00 393 2 13 
116 504 1488 0.002999 1 135 147 2 4844 8.00 0.00 0.00 1032 2 14 
116 504 1488 0.001999 1 49 58 1 1823 8.00 0.00 0.00 412 2 15 
116 504 1488 0.002999 1 143 158 2 5068 8.00 0.00 0.00 1106 2 16 
116 504 1488 0.002999 1 35 44 1 1421 8.00 0.00 0.00 260 2 17 
116 504 1488 0.000999 1 63 74 1 2345 8.00 0.00 0.00 451 2 18 
116 504 1488 0.001999 1 122 133 2 4519 8.00 0.00 0.00 929 2 19 
116 504 1488 0.001999 1 130 138 2 5231 8.00 0.00 0.00 968 2 20 
168 756 2256 0.003999 1 243 281 3 9191 8.00 0.00 0.00 1960 3 1 
168 756 2256 0.012998 1 1071 1208 7 39387 8.00 0.00 0.00 8731 3 2 
168 756 2256 0.003999 1 248 271 3 9887 8.00 0.00 0.00 2096 3 3 
168 756 2256 0.013997 1 843 931 7 33262 8.00 0.00 0.00 6352 3 4 
168 756 2256 0.003999 1 102 121 2 4135 8.00 0.00 0.00 941 3 5 
168 756 2256 0.004999 1 147 169 2 5301 8.00 0.00 0.00 1274 3 6 
168 756 2256 0.012998 1 1178 1276 7 47143 8.00 0.00 0.00 8625 3 7 
168 756 2256 0.011998 1 685 743 6 29041 8.00 0.00 0.00 5475 3 8 
168 756 2256 0.007998 1 349 371 3 15618 8.00 0.00 0.00 2800 3 9 
168 756 2256 0.015997 1 1066 1136 7 41648 8.00 0.00 0.00 7476 3 10 
168 756 2256 0.006998 1 518 594 5 19343 8.00 0.00 0.00 4545 3 11 
168 756 2256 0.012998 1 1021 1099 7 42088 8.00 0.00 0.00 7628 3 12 
168 756 2256 0.000999 1 72 85 1 2135 8.00 0.00 0.00 661 3 13 
168 756 2256 0.003999 1 265 296 3 10362 8.00 0.00 0.00 2253 3 14 
168 756 2256 0.002999 1 27 42 1 1155 8.00 0.00 0.00 264 3 15 
168 756 2256 0.011998 1 767 832 6 31035 8.00 0.00 0.00 5814 3 16 
168 756 2256 0.015997 1 1163 1264 7 46711 8.00 0.00 0.00 8197 3 17 
168 756 2256 0.014997 1 1052 1119 7 45500 8.00 0.00 0.00 7741 3 18 
168 756 2256 0.003999 1 108 125 2 4002 8.00 0.00 0.00 1015 3 19 
168 756 2256 0.002999 1 95 114 1 3724 8.00 0.00 0.00 909 3 20 
220 1008 3024 0.013997 1 730 839 6 36978 8.00 0.00 0.00 7204 4 1 
220 1008 3024 0.038994 1 3152 3427 15 155593 8.00 0.00 0.00 28580 4 2 
220 1008 3024 0.024996 1 1764 1988 12 83290 8.00 0.00 0.00 16238 4 3 
220 1008 3024 0.005999 1 459 534 4 21726 8.00 0.00 0.00 4506 4 4 
220 1008 3024 0.001999 1 42 78 1 2118 8.00 0.00 0.00 438 4 5 
220 1008 3024 0.009998 1 688 801 6 33431 8.00 0.00 0.00 6661 4 6 
220 1008 3024 0.035994 1 3134 3395 15 153928 8.00 0.00 0.00 27068 4 7 
220 1008 3024 0.008998 1 398 479 3 18097 8.00 0.00 0.00 3937 4 8 
220 1008 3024 0.002999 1 245 294 3 14789 8.00 0.00 0.00 2885 4 9 
220 1008 3024 0.014997 1 1120 1249 7 57841 8.00 0.00 0.00 10807 4 10 
220 1008 3024 0.030995 1 2747 2976 15 127829 8.00 0.00 0.00 25068 4 11 
220 1008 3024 0.021996 1 1340 1507 9 66186 8.00 0.00 0.00 12557 4 12 
220 1008 3024 0.030995 1 2461 2717 15 114801 8.00 0.00 0.00 22947 4 13 
220 1008 3024 0.008998 1 438 493 4 23208 8.00 0.00 0.00 4512 4 14 
220 1008 3024 0.010998 1 626 719 6 29807 8.00 0.00 0.00 6418 4 15 
220 1008 3024 0.012998 1 1200 1333 7 58981 8.00 0.00 0.00 11640 4 16 
220 1008 3024 0.037994 1 3278 3523 16 161302 8.00 0.00 0.00 28636 4 17 
220 1008 3024 0.015997 1 855 964 7 47098 8.00 0.00 0.00 8464 4 18 
220 1008 3024 0.034994 1 2990 3260 15 144072 8.00 0.00 0.00 27180 4 19 
220 1008 3024 0.038994 1 2902 3133 15 151184 8.00 0.00 0.00 26592 4 20 
272 1260 3792 0.021996 1 971 1111 7 94856 8.00 0.00 0.00 12770 5 1 
272 1260 3792 0.006998 1 233 282 3 22580 8.00 0.00 0.00 3251 5 2 
272 1260 3792 0.109983 1 5270 5706 29 543624 8.00 0.00 0.00 58928 5 3 
272 1260 3792 0.06199 1 3312 3623 17 324610 8.00 0.00 0.00 40015 5 4 
272 1260 3792 0.001999 1 4 16 1 458 8.00 0.00 0.00 32 5 5 
272 1260 3792 0.055991 1 2702 2981 15 266647 8.00 0.00 0.00 33589 5 6 
272 1260 3792 0.046992 1 2185 2407 14 222709 8.00 0.00 0.00 27795 5 7 
272 1260 3792 0.035994 1 1607 1763 11 156151 8.00 0.00 0.00 21289 5 8 
272 1260 3792 0.020996 1 841 952 7 78593 8.00 0.00 0.00 10487 5 9 
272 1260 3792 0.041993 1 1966 2169 13 198601 8.00 0.00 0.00 24006 5 10 
272 1260 3792 0.011998 1 359 430 3 34064 8.00 0.00 0.00 4687 5 11 
272 1260 3792 0.003999 1 72 90 1 6053 8.00 0.00 0.00 955 5 12 
272 1260 3792 0.090986 1 4300 4683 22 442711 8.00 0.00 0.00 50624 5 13 
272 1260 3792 0.026995 1 1245 1422 8 121931 8.00 0.00 0.00 16306 5 14 
272 1260 3792 0.036994 1 1631 1831 11 164304 8.00 0.00 0.00 20036 5 15 
272 1260 3792 0.080987 1 3826 4213 21 381679 8.00 0.00 0.00 46484 5 16 
272 1260 3792 0.080987 1 3877 4215 21 396756 8.00 0.00 0.00 45948 5 17 
272 1260 3792 0.014997 1 452 536 4 41234 8.00 0.00 0.00 5902 5 18 
272 1260 3792 0.047992 1 2354 2561 14 236253 8.00 0.00 0.00 29850 5 19 
272 1260 3792 0.020996 1 863 986 7 81733 8.00 0.00 0.00 10999 5 20 
324 1512 4560 0.180972 1 7504 8085 31 945950 8.00 0.00 0.00 83627 6 1 
324 1512 4560 0.029995 1 1182 1324 7 130828 8.00 0.00 0.00 14351 6 2 
324 1512 4560 0.048992 1 1999 2276 13 215754 8.00 0.00 0.00 24980 6 3 
324 1512 4560 0.044993 1 1872 2132 13 214711 8.00 0.00 0.00 24678 6 4 
324 1512 4560 0.06099 1 2685 3035 15 312459 8.00 0.00 0.00 32583 6 5 
324 1512 4560 0.072988 1 3135 3502 15 357250 8.00 0.00 0.00 38161 6 6 
324 1512 4560 0.045993 1 1942 2181 13 222968 8.00 0.00 0.00 24844 6 7 
324 1512 4560 0.102984 1 4176 4646 22 499528 8.00 0.00 0.00 47773 6 8 
324 1512 4560 0.079987 1 3477 3916 18 404251 8.00 0.00 0.00 38916 6 9 
324 1512 4560 0.031995 1 1257 1414 8 148454 8.00 0.00 0.00 15734 6 10 
324 1512 4560 0.016997 1 568 682 5 63267 8.00 0.00 0.00 7708 6 11 
324 1512 4560 0.021996 1 773 881 6 85523 8.00 0.00 0.00 10036 6 12 
324 1512 4560 0.017997 1 577 654 5 62576 8.00 0.00 0.00 7698 6 13 
324 1512 4560 0.018997 1 676 786 6 66622 8.00 0.00 0.00 8858 6 14 
324 1512 4560 0.124981 1 5330 5946 29 635124 8.00 0.00 0.00 60638 6 15 
324 1512 4560 0.021996 1 984 1135 7 112445 8.00 0.00 0.00 12437 6 16 
324 1512 4560 0.030995 1 1231 1441 8 141043 8.00 0.00 0.00 17080 6 17 
324 1512 4560 0.030995 1 1391 1574 9 161947 8.00 0.00 0.00 18258 6 18 
324 1512 4560 0.026995 1 968 1147 7 108122 8.00 0.00 0.00 12992 6 19 
324 1512 4560 0.028995 1 1113 1292 7 127057 8.00 0.00 0.00 14079 6 20 
376 1764 5328 0.042993 1 1548 1818 10 199726 8.00 0.00 0.00 18680 7 1 
376 1764 5328 0.06499 1 2485 2871 15 334152 8.00 0.00 0.00 30546 7 2 
376 1764 5328 0.012998 1 475 534 4 56368 8.00 0.00 0.00 5766 7 3 
376 1764 5328 0.236963 1 8503 9324 35 1226977 8.00 0.00 0.00 90641 7 4 
376 1764 5328 0.133979 1 5142 5751 28 691561 8.00 0.00 0.00 61291 7 5 
376 1764 5328 0.053991 1 2042 2320 14 268038 8.00 0.00 0.00 25247 7 6 
376 1764 5328 0.041993 1 1453 1673 10 195876 8.00 0.00 0.00 17606 7 7 
376 1764 5328 0.003999 1 111 139 2 9782 8.00 0.00 0.00 1348 7 8 
376 1764 5328 0.082987 1 3037 3443 15 406745 8.00 0.00 0.00 37058 7 9 
376 1764 5328 0.147977 1 5519 6266 29 764223 8.00 0.00 0.00 67049 7 10 
376 1764 5328 0.144977 1 5439 6124 29 751378 8.00 0.00 0.00 64984 7 11 
376 1764 5328 0.002999 1 6 24 1 795 8.00 0.00 0.00 72 7 12 
376 1764 5328 0.078987 1 3072 3406 15 407006 8.00 0.00 0.00 37155 7 13 
376 1764 5328 0.020996 1 757 912 6 98346 8.00 0.00 0.00 9582 7 14 
376 1764 5328 0.06399 1 2451 2879 15 311849 8.00 0.00 0.00 29648 7 15 
376 1764 5328 0.179972 1 6681 7337 31 919898 8.00 0.00 0.00 75854 7 16 
376 1764 5328 0.009998 1 212 252 3 26471 8.00 0.00 0.00 3329 7 17 
376 1764 5328 0.19497 1 7051 7785 31 990793 8.00 0.00 0.00 82692 7 18 
376 1764 5328 0.008998 1 259 321 3 26752 8.00 0.00 0.00 3111 7 19 
376 1764 5328 0.086986 1 3229 3652 16 451147 8.00 0.00 0.00 38890 7 20 
428 2016 6096 0.013997 1 288 361 3 41692 8.00 0.00 0.00 3861 8 1 
428 2016 6096 0.005999 1 169 220 2 18631 8.00 0.00 0.00 2119 8 2 
428 2016 6096 0.229965 1 7676 8503 31 1197059 8.00 0.00 0.00 85255 8 3 
428 2016 6096 0.017997 1 538 652 5 66421 8.00 0.00 0.00 6477 8 4 
428 2016 6096 0.075988 1 2429 2752 15 375804 8.00 0.00 0.00 28000 8 5 
428 2016 6096 0.087986 1 2951 3366 15 453447 8.00 0.00 0.00 34313 8 6 
428 2016 6096 0.234964 1 7566 8273 31 1236952 8.00 0.00 0.00 86632 8 7 
428 2016 6096 0.144977 1 4704 5275 25 710487 8.00 0.00 0.00 54749 8 8 
428 2016 6096 0.026995 1 869 1005 7 124825 8.00 0.00 0.00 11343 8 9 
428 2016 6096 0.016997 1 444 526 4 58539 8.00 0.00 0.00 5822 8 10 
428 2016 6096 0.13098 1 4499 5116 23 682622 8.00 0.00 0.00 54660 8 11 
428 2016 6096 0.101984 1 3356 3739 17 520701 8.00 0.00 0.00 36383 8 12 
428 2016 6096 0.041993 1 1384 1565 9 212665 8.00 0.00 0.00 17396 8 13 
428 2016 6096 0.055991 1 1886 2225 13 272679 8.00 0.00 0.00 23378 8 14 
428 2016 6096 0.19297 1 6459 7223 31 994224 8.00 0.00 0.00 75231 8 15 
428 2016 6096 0.178972 1 5901 6589 30 932020 8.00 0.00 0.00 68080 8 16 
428 2016 6096 0.036994 1 1180 1377 7 168726 8.00 0.00 0.00 13789 8 17 
428 2016 6096 0.271958 1 8637 9564 37 1421394 8.00 0.00 0.00 95293 8 18 
428 2016 6096 0.012998 1 320 380 3 39423 8.00 0.00 0.00 4182 8 19 
428 2016 6096 0.029995 1 1065 1222 7 143548 8.00 0.00 0.00 12951 8 20 
480 2268 6864 0.170974 1 5193 5840 28 884414 8.00 0.00 0.00 63354 9 1 
480 2268 6864 0.088986 1 2655 3051 15 435693 8.00 0.00 0.00 32127 9 2 
480 2268 6864 0.092985 1 2668 3065 15 461909 8.00 0.00 0.00 33053 9 3 
480 2268 6864 0.251961 1 7722 8604 31 1315715 8.00 0.00 0.00 90279 9 4 
480 2268 6864 0.045993 1 1307 1512 9 212862 8.00 0.00 0.00 17364 9 5 
480 2268 6864 0.26196 1 7457 8224 31 1375503 8.00 0.00 0.00 85023 9 6 
480 2268 6864 0.254961 1 7240 7913 31 1330019 8.00 0.00 0.00 77498 9 7 
480 2268 6864 0.265959 1 7605 8397 31 1368035 8.00 0.00 0.00 83423 9 8 
480 2268 6864 0.032994 1 1004 1204 7 159653 8.00 0.00 0.00 12449 9 9 
480 2268 6864 0.198969 1 5951 6606 30 1046845 8.00 0.00 0.00 65767 9 10 
480 2268 6864 0.227965 1 6711 7508 31 1188707 8.00 0.00 0.00 76563 9 11 
480 2268 6864 0.026995 1 719 875 6 121221 8.00 0.00 0.00 9546 9 12 
480 2268 6864 0.124981 1 3652 4131 19 642842 8.00 0.00 0.00 42773 9 13 
480 2268 6864 0.024996 1 660 781 6 101474 8.00 0.00 0.00 8183 9 14 
480 2268 6864 0.112982 1 3345 3846 17 570186 8.00 0.00 0.00 38540 9 15 
480 2268 6864 0.213967 1 5939 6584 30 1105515 8.00 0.00 0.00 65837 9 16 
480 2268 6864 0.276957 1 7748 8549 31 1428512 8.00 0.00 0.00 82250 9 17 
480 2268 6864 0.135979 1 3946 4397 21 680606 8.00 0.00 0.00 42642 9 18 
480 2268 6864 0.086986 1 2530 2894 15 430551 8.00 0.00 0.00 30663 9 19 
480 2268 6864 0.081987 1 2419 2721 15 429779 8.00 0.00 0.00 27335 9 20 
532 2520 7632 0.306953 1 7936 8722 31 1596471 8.00 0.00 0.00 86791 10 1 
532 2520 7632 0.278957 1 7445 8157 31 1465401 8.00 0.00 0.00 83751 10 2 
532 2520 7632 0.047992 1 1279 1540 8 235920 8.00 0.00 0.00 16245 10 3 
532 2520 7632 0.134979 1 3681 4179 19 678009 8.00 0.00 0.00 43994 10 4 
532 2520 7632 0.011998 1 263 317 3 45526 8.00 0.00 0.00 3363 10 5 
532 2520 7632 0.013997 1 294 368 3 44142 8.00 0.00 0.00 3721 10 6 
532 2520 7632 0.013997 1 182 243 2 31712 8.00 0.00 0.00 2511 10 7 
532 2520 7632 0.292955 1 7865 8650 31 1541408 8.00 0.00 0.00 86593 10 8 
532 2520 7632 0.017997 1 347 416 3 64660 8.00 0.00 0.00 4749 10 9 
532 2520 7632 0.047992 1 1247 1475 8 224765 8.00 0.00 0.00 16074 10 10 
532 2520 7632 0.06499 1 1696 1955 11 319833 8.00 0.00 0.00 21901 10 11 
532 2520 7632 0.098984 1 2551 2940 15 481152 8.00 0.00 0.00 31476 10 12 
532 2520 7632 0.248962 1 6402 7075 30 1311519 8.00 0.00 0.00 71482 10 13 
532 2520 7632 0.142978 1 3818 4287 21 726734 8.00 0.00 0.00 47324 10 14 
532 2520 7632 0.084987 1 2291 2704 14 421712 8.00 0.00 0.00 29508 10 15 
532 2520 7632 0.210967 1 5446 6039 29 1101443 8.00 0.00 0.00 62444 10 16 
532 2520 7632 0.027995 1 746 865 6 132700 8.00 0.00 0.00 9201 10 17 
532 2520 7632 0.169974 1 4560 5118 24 868970 8.00 0.00 0.00 52955 10 18 
532 2520 7632 0.076988 1 2016 2334 14 388467 8.00 0.00 0.00 25533 10 19 
532 2520 7632 0.008998 1 163 215 2 26949 8.00 0.00 0.00 2325 10 20 
584 2772 8400 0.051992 1 1243 1444 8 252488 8.00 0.00 0.00 16488 11 1 
584 2772 8400 0.069989 1 1610 1859 11 349641 8.00 0.00 0.00 19954 11 2 
584 2772 8400 0.050992 1 1177 1351 7 240028 8.00 0.00 0.00 14272 11 3 
584 2772 8400 0.122981 1 3044 3555 15 628795 8.00 0.00 0.00 36179 11 4 
584 2772 8400 0.089986 1 2165 2503 14 454344 8.00 0.00 0.00 26523 11 5 
584 2772 8400 0.029995 1 657 773 6 126798 8.00 0.00 0.00 9506 11 6 
584 2772 8400 0.084987 1 2027 2350 14 440135 8.00 0.00 0.00 25335 11 7 
584 2772 8400 0.031995 1 795 978 6 163574 8.00 0.00 0.00 10067 11 8 
584 2772 8400 0.153976 1 3646 4114 19 793681 8.00 0.00 0.00 42281 11 9 
584 2772 8400 0.079987 1 1945 2259 13 408284 8.00 0.00 0.00 24957 11 10 
584 2772 8400 0.024996 1 583 737 5 112908 8.00 0.00 0.00 8198 11 11 
584 2772 8400 0.179972 1 4442 5028 23 955853 8.00 0.00 0.00 51368 11 12 
584 2772 8400 0.210967 1 5007 5646 27 1101928 8.00 0.00 0.00 57665 11 13 
584 2772 8400 0.053991 1 1306 1527 9 261684 8.00 0.00 0.00 16341 11 14 
584 2772 8400 0.073988 1 1669 1954 11 377038 8.00 0.00 0.00 20007 11 15 
584 2772 8400 0.103984 1 2502 2817 15 546623 8.00 0.00 0.00 29096 11 16 
584 2772 8400 0.077988 1 1914 2227 13 395820 8.00 0.00 0.00 23717 11 17 
584 2772 8400 0.306953 1 7200 8018 31 1589447 8.00 0.00 0.00 80426 11 18 
584 2772 8400 0.048992 1 1142 1301 7 242222 8.00 0.00 0.00 14837 11 19 
584 2772 8400 0.012998 1 232 301 3 38059 8.00 0.00 0.00 3284 11 20 
636 3024 9168 0.046992 1 993 1160 7 220325 8.00 0.00 0.00 13072 12 1 
636 3024 9168 0.077988 1 1869 2176 13 410960 8.00 0.00 0.00 23521 12 2 
636 3024 9168 0.12598 1 2801 3212 15 656703 8.00 0.00 0.00 33825 12 3 
636 3024 9168 0.115982 1 2662 3040 15 608508 8.00 0.00 0.00 32855 12 4 
636 3024 9168 0.242963 1 5245 5905 29 1262627 8.00 0.00 0.00 60793 12 5 
636 3024 9168 0.133979 1 2958 3390 15 720721 8.00 0.00 0.00 34863 12 6 
636 3024 9168 0.331949 1 7276 8110 31 1793373 8.00 0.00 0.00 75232 12 7 
636 3024 9168 0.298954 1 6644 7325 31 1590912 8.00 0.00 0.00 68419 12 8 
636 3024 9168 0.347947 1 7643 8480 31 1882597 8.00 0.00 0.00 83979 12 9 
636 3024 9168 0.050992 1 1151 1339 7 253699 8.00 0.00 0.00 14050 12 10 
636 3024 9168 0.005999 1 96 126 1 7707 8.00 0.00 0.00 1087 12 11 
636 3024 9168 0.161975 1 3654 4187 19 846062 8.00 0.00 0.00 45033 12 12 
636 3024 9168 0.32295 1 7110 7936 31 1706543 8.00 0.00 0.00 82576 12 13 
636 3024 9168 0.098984 1 2045 2407 14 507815 8.00 0.00 0.00 24307 12 14 
636 3024 9168 0.179972 1 4137 4632 22 969794 8.00 0.00 0.00 48295 12 15 
636 3024 9168 0.177972 1 4018 4577 22 922816 8.00 0.00 0.00 47365 12 16 
636 3024 9168 0.104984 1 2444 2821 15 544145 8.00 0.00 0.00 29249 12 17 
636 3024 9168 0.055991 1 1312 1507 9 279845 8.00 0.00 0.00 16987 12 18 
636 3024 9168 0.092985 1 2113 2432 14 472180 8.00 0.00 0.00 26455 12 19 
636 3024 9168 0.300954 1 6480 7205 31 1597282 8.00 0.00 0.00 70214 12 20 
688 3276 9936 0.133979 1 2638 2996 15 690167 8.00 0.00 0.00 32453 13 1 
688 3276 9936 0.051992 1 1089 1278 7 258880 8.00 0.00 0.00 13563 13 2 
688 3276 9936 0.054991 1 1094 1296 7 273174 8.00 0.00 0.00 13728 13 3 
688 3276 9936 0.12698 1 2825 3241 15 678758 8.00 0.00 0.00 33716 13 4 
688 3276 9936 0.185971 1 3969 4496 21 972093 8.00 0.00 0.00 49070 13 5 
688 3276 9936 0.071989 1 1548 1826 10 357563 8.00 0.00 0.00 19612 13 6 
688 3276 9936 0.041993 1 935 1132 7 211288 8.00 0.00 0.00 12300 13 7 
688 3276 9936 0.135979 1 2690 3032 15 721539 8.00 0.00 0.00 32418 13 8 
688 3276 9936 0.099984 1 1998 2348 13 518193 8.00 0.00 0.00 24170 13 9 
688 3276 9936 0.035994 1 727 901 6 175035 8.00 0.00 0.00 9261 13 10 
688 3276 9936 0.19597 1 4031 4643 22 1053790 8.00 0.00 0.00 49110 13 11 
688 3276 9936 0.112982 1 2338 2707 14 592902 8.00 0.00 0.00 28359 13 12 
688 3276 9936 0.115982 1 2401 2761 14 598374 8.00 0.00 0.00 29971 13 13 
688 3276 9936 0.054991 1 1115 1296 7 267286 8.00 0.00 0.00 13557 13 14 
688 3276 9936 0.12798 1 2620 2981 15 676895 8.00 0.00 0.00 32566 13 15 
688 3276 9936 0.139978 1 3077 3532 15 734448 8.00 0.00 0.00 38200 13 16 
688 3276 9936 0.240963 1 4883 5530 26 1262303 8.00 0.00 0.00 57118 13 17 
688 3276 9936 0.108983 1 2441 2837 15 569538 8.00 0.00 0.00 30440 13 18 
688 3276 9936 0.075988 1 1600 1866 10 394697 8.00 0.00 0.00 19933 13 19 
688 3276 9936 0.026995 1 538 653 5 120051 8.00 0.00 0.00 6979 13 20 
740 3528 10704 0.012998 1 221 297 3 55960 8.00 0.00 0.00 3107 14 1 
740 3528 10704 0.094985 1 1780 2086 12 471753 8.00 0.00 0.00 21139 14 2 
740 3528 10704 0.183972 1 3551 4069 18 962565 8.00 0.00 0.00 43378 14 3 
740 3528 10704 0.255961 1 4615 5136 25 1414949 8.00 0.00 0.00 48601 14 4 
740 3528 10704 0.405938 1 7608 8347 31 2197649 8.00 0.00 0.00 85213 14 5 
740 3528 10704 0.263959 1 4937 5456 27 1396377 8.00 0.00 0.00 55929 14 6 
740 3528 10704 0.200969 1 4046 4603 22 1046471 8.00 0.00 0.00 46868 14 7 
740 3528 10704 0.079987 1 1657 1935 11 409972 8.00 0.00 0.00 20249 14 8 
740 3528 10704 0.053991 1 970 1167 7 276863 8.00 0.00 0.00 12129 14 9 
740 3528 10704 0.034994 1 745 904 6 175359 8.00 0.00 0.00 9201 14 10 
740 3528 10704 0.013997 1 232 317 3 55606 8.00 0.00 0.00 3012 14 11 
740 3528 10704 0.119981 1 2170 2505 14 624693 8.00 0.00 0.00 26534 14 12 
740 3528 10704 0.105983 1 2154 2497 14 559892 8.00 0.00 0.00 26354 14 13 
740 3528 10704 0.023996 1 431 550 4 102989 8.00 0.00 0.00 5696 14 14 
740 3528 10704 0.178972 1 3288 3701 16 970555 8.00 0.00 0.00 40314 14 15 
740 3528 10704 0.157975 1 3000 3418 15 845989 8.00 0.00 0.00 35002 14 16 
740 3528 10704 0.169974 1 3315 3801 17 898744 8.00 0.00 0.00 38033 14 17 
740 3528 10704 0.337948 1 6248 6971 30 1801803 8.00 0.00 0.00 70820 14 18 
740 3528 10704 0.13098 1 2378 2774 14 700899 8.00 0.00 0.00 28877 14 19 
740 3528 10704 0.19697 1 3800 4296 20 1051944 8.00 0.00 0.00 42489 14 20 
792 3780 11472 0.32795 1 5670 6269 30 1768740 8.00 0.00 0.00 63494 15 1 
792 3780 11472 0.238963 1 4025 4480 22 1260673 8.00 0.00 0.00 45978 15 2 
792 3780 11472 0.19097 1 3176 3545 15 1002753 8.00 0.00 0.00 38616 15 3 
792 3780 11472 0.071989 1 1305 1529 8 344030 8.00 0.00 0.00 16814 15 4 
792 3780 11472 0.089986 1 1700 1957 11 470593 8.00 0.00 0.00 22221 15 5 
792 3780 11472 0.099984 1 1808 2084 12 516418 8.00 0.00 0.00 22449 15 6 
792 3780 11472 0.244962 1 4426 4980 23 1287479 8.00 0.00 0.00 51119 15 7 
792 3780 11472 0.335948 1 5899 6595 30 1820883 8.00 0.00 0.00 67002 15 8 
792 3780 11472 0.034994 1 657 831 6 164431 8.00 0.00 0.00 8397 15 9 
792 3780 11472 0.294955 1 5100 5802 28 1568897 8.00 0.00 0.00 58305 15 10 
792 3780 11472 0.185971 1 3368 3809 17 1001718 8.00 0.00 0.00 39344 15 11 
792 3780 11472 0.099984 1 1860 2164 13 540525 8.00 0.00 0.00 23590 15 12 
792 3780 11472 0.135979 1 2489 2869 15 717309 8.00 0.00 0.00 31668 15 13 
792 3780 11472 0.132979 1 2366 2679 14 692156 8.00 0.00 0.00 27591 15 14 
792 3780 11472 0.021996 1 364 460 3 98911 8.00 0.00 0.00 5092 15 15 
792 3780 11472 0.348946 1 6311 7052 30 1878771 8.00 0.00 0.00 72865 15 16 
792 3780 11472 0.397939 1 7171 7987 31 2098886 8.00 0.00 0.00 81883 15 17 
792 3780 11472 0.183972 1 3330 3742 17 992453 8.00 0.00 0.00 36977 15 18 
792 3780 11472 0.147977 1 2660 3044 15 801044 8.00 0.00 0.00 30693 15 19 
792 3780 11472 0.444932 1 7761 8578 31 2422059 8.00 0.00 0.00 83964 15 20 
844 4032 12240 0.026995 1 451 581 4 109688 8.00 0.00 0.00 4982 16 1 
844 4032 12240 0.154976 1 2663 3088 15 833883 8.00 0.00 0.00 31862 16 2 
844 4032 12240 0.183972 1 2907 3292 15 993716 8.00 0.00 0.00 32834 16 3 
844 4032 12240 0.046992 1 854 1043 7 231617 8.00 0.00 0.00 10529 16 4 
844 4032 12240 0.370943 1 6014 6665 30 2067735 8.00 0.00 0.00 66634 16 5 
844 4032 12240 0.38994 1 6494 7263 31 2094820 8.00 0.00 0.00 76583 16 6 
844 4032 12240 0.109983 1 1858 2191 13 561562 8.00 0.00 0.00 23182 16 7 
844 4032 12240 0.097985 1 1630 1921 11 519211 8.00 0.00 0.00 19263 16 8 
844 4032 12240 0.06299 1 1015 1205 7 319400 8.00 0.00 0.00 12600 16 9 
844 4032 12240 0.077988 1 1172 1400 7 380762 8.00 0.00 0.00 14616 16 10 
844 4032 12240 0.19697 1 3337 3766 17 1084565 8.00 0.00 0.00 37713 16 11 
844 4032 12240 0.115982 1 2008 2333 14 605853 8.00 0.00 0.00 24685 16 12 
844 4032 12240 0.203968 1 3395 3878 17 1101237 8.00 0.00 0.00 38443 16 13 
844 4032 12240 0.32595 1 5112 5669 28 1804075 8.00 0.00 0.00 56735 16 14 
844 4032 12240 0.280957 1 4633 5263 25 1506605 8.00 0.00 0.00 53440 16 15 
844 4032 12240 0.040993 1 683 834 6 203099 8.00 0.00 0.00 8663 16 16 
844 4032 12240 0.120981 1 1915 2226 13 648610 8.00 0.00 0.00 22657 16 17 
844 4032 12240 0.139978 1 2258 2596 14 741996 8.00 0.00 0.00 27449 16 18 
844 4032 12240 0.252961 1 3999 4527 21 1395158 8.00 0.00 0.00 46795 16 19 
844 4032 12240 0.123981 1 2196 2559 14 661328 8.00 0.00 0.00 26705 16 20 
896 4284 13008 0.112982 1 1741 2024 12 603814 8.00 0.00 0.01 20427 17 1 
896 4284 13008 0.122981 1 1784 2050 12 658252 8.00 0.00 0.00 21176 17 2 
896 4284 13008 0.239963 1 3855 4327 21 1330918 8.00 0.00 0.00 44836 17 3 
896 4284 13008 0.314952 1 4695 5344 25 1752772 8.00 0.00 0.00 52476 17 4 
896 4284 13008 0.086986 1 1423 1694 10 467810 8.00 0.00 0.00 17993 17 5 
896 4284 13008 0.075988 1 1113 1319 7 404256 8.00 0.00 0.00 14319 17 6 
896 4284 13008 0.210967 1 3189 3566 15 1165617 8.00 0.00 0.00 35110 17 7 
896 4284 13008 0.448931 1 6438 7047 31 2493013 8.00 0.00 0.01 69210 17 8 
896 4284 13008 0.119981 1 1840 2128 13 628340 8.00 0.00 0.00 22156 17 9 
896 4284 13008 0.045993 1 644 781 6 221373 8.00 0.00 0.01 8238 17 10 
896 4284 13008 0.031995 1 479 582 4 169402 8.00 0.00 0.00 5719 17 11 
896 4284 13008 0.332949 1 5128 5641 28 1904787 8.00 0.00 0.00 59408 17 12 
896 4284 13008 0.038994 1 550 676 5 188587 8.00 0.00 0.00 6911 17 13 
896 4284 13008 0.277957 1 4287 4825 22 1535834 8.00 0.00 0.00 48565 17 14 
896 4284 13008 0.032994 1 420 530 4 152767 8.00 0.00 0.00 5141 17 15 
896 4284 13008 0.426935 1 6362 7085 30 2415845 8.00 0.00 0.00 67466 17 16 
896 4284 13008 0.230964 1 3549 4024 18 1269357 8.00 0.00 0.00 41947 17 17 
896 4284 13008 0.173973 1 2519 2861 15 944000 8.00 0.00 0.00 29182 17 18 
896 4284 13008 0.120981 1 1799 2065 12 679265 8.00 0.00 0.00 20865 17 19 
896 4284 13008 0.113982 1 1741 2023 12 623497 8.00 0.00 0.01 20465 17 20 
948 4536 13776 0.109983 1 1604 1878 11 598361 8.00 0.00 0.00 20905 18 1 
948 4536 13776 0.072988 1 1081 1268 7 382137 8.00 0.00 0.00 13044 18 2 
948 4536 13776 0.105983 1 1532 1827 10 553648 8.00 0.00 0.00 18984 18 3 
948 4536 13776 0.358945 1 5190 5792 28 1988347 8.00 0.00 0.00 60745 18 4 
948 4536 13776 0.056991 1 832 989 7 285247 8.00 0.00 0.00 10446 18 5 
948 4536 13776 0.277957 1 4086 4625 22 1520721 8.00 0.00 0.00 48541 18 6 
948 4536 13776 0.134979 1 2030 2347 14 711148 8.00 0.00 0.00 25109 18 7 
948 4536 13776 0.025996 1 444 555 4 104433 8.00 0.00 0.00 5670 18 8 
948 4536 13776 0.011998 1 96 154 1 23797 8.00 0.00 0.00 1250 18 9 
948 4536 13776 0.05999 1 862 1017 7 333589 8.00 0.00 0.00 11304 18 10 
948 4536 13776 0.023996 1 246 350 3 67350 8.00 0.00 0.00 2872 18 11 
948 4536 13776 0.065989 1 1051 1232 7 334085 8.00 0.00 0.00 13037 18 12 
948 4536 13776 0.171973 1 2437 2829 15 943221 8.00 0.00 0.00 29258 18 13 
948 4536 13776 0.207968 1 2876 3216 15 1168367 8.00 0.00 0.00 33244 18 14 
948 4536 13776 0.12598 1 1771 2058 12 678394 8.00 0.00 0.00 21149 18 15 
948 4536 13776 0.215967 1 3311 3784 17 1158893 8.00 0.00 0.00 39873 18 16 
948 4536 13776 0.12698 1 1942 2273 13 695116 8.00 0.00 0.00 23927 18 17 
948 4536 13776 0.296954 1 4324 4862 22 1592533 8.00 0.00 0.00 49032 18 18 
948 4536 13776 0.089986 1 1176 1315 7 487673 8.00 0.00 0.00 14162 18 19 
948 4536 13776 0.224965 1 3414 3919 18 1221676 8.00 0.00 0.00 39808 18 20 
1000 4788 14544 0.568913 1 8953 10078 38 3026753 8.00 0.00 0.01 102676 19 1 
1000 4788 14544 0.053991 1 811 982 7 271718 8.00 0.00 0.00 10687 19 2 
1000 4788 14544 0.527919 1 7414 8163 31 2881335 8.00 0.00 0.00 81265 19 3 
1000 4788 14544 0.124981 1 1747 2058 12 657362 8.00 0.00 0.00 23195 19 4 
1000 4788 14544 0.243962 1 3567 4056 18 1334926 8.00 0.00 0.00 41383 19 5 
1000 4788 14544 0.493924 1 6926 7576 31 2740159 8.00 0.00 0.00 76768 19 6 
1000 4788 14544 0.410937 1 5815 6540 30 2237948 8.00 0.00 0.00 67183 19 7 
1000 4788 14544 0.254961 1 3793 4402 20 1354436 8.00 0.00 0.01 46827 19 8 
1000 4788 14544 0.048992 1 591 715 5 234627 8.00 0.00 0.00 7410 19 9 
1000 4788 14544 0.140978 1 1916 2249 13 776728 8.00 0.00 0.00 22650 19 10 
1000 4788 14544 0.310952 1 4451 5035 23 1747798 8.00 0.00 0.00 51837 19 11 
1000 4788 14544 0.164974 1 2330 2691 14 881459 8.00 0.00 0.00 27989 19 12 
1000 4788 14544 0.239963 1 3273 3751 16 1318669 8.00 0.00 0.00 39264 19 13 
1000 4788 14544 0.167974 1 2287 2658 14 887076 8.00 0.00 0.00 28430 19 14 
1000 4788 14544 0.140978 1 1942 2228 13 723990 8.00 0.00 0.00 24348 19 15 
1000 4788 14544 0.296954 1 4097 4659 22 1587642 8.00 0.00 0.00 48060 19 16 
1000 4788 14544 0.211967 1 2948 3365 15 1171322 8.00 0.00 0.00 34911 19 17 
1000 4788 14544 0.171973 1 2385 2751 14 899245 8.00 0.00 0.00 27453 19 18 
1000 4788 14544 0.210967 1 3030 3493 15 1133803 8.00 0.00 0.00 36811 19 19 
1000 4788 14544 0.014997 1 125 215 2 35806 8.00 0.00 0.00 1691 19 20 
1052 5040 15312 0.212967 1 3032 3449 15 1151998 8.00 0.00 0.00 36156 20 1 
1052 5040 15312 0.101984 1 1373 1640 9 568278 8.00 0.00 0.00 18127 20 2 
1052 5040 15312 0.032994 1 452 572 4 165867 8.00 0.00 0.00 6142 20 3 
1052 5040 15312 0.067989 1 874 1054 7 358096 8.00 0.00 0.00 10598 20 4 
1052 5040 15312 0.405938 1 5671 6348 30 2088161 8.00 0.00 0.00 64800 20 5 
1052 5040 15312 0.015997 1 202 284 3 53715 8.00 0.00 0.00 2529 20 6 
1052 5040 15312 0.052991 1 737 919 6 272332 8.00 0.00 0.00 10033 20 7 
1052 5040 15312 0.058991 1 766 913 6 315951 8.00 0.00 0.00 9194 20 8 
1052 5040 15312 0.382941 1 5376 5991 29 2114677 8.00 0.00 0.00 62543 20 9 
1052 5040 15312 0.037994 1 512 660 5 189350 8.00 0.00 0.00 7319 20 10 
1052 5040 15312 0.45393 1 5914 6675 30 2488814 8.00 0.00 0.01 68750 20 11 
1052 5040 15312 0.26096 1 3571 4078 18 1484853 8.00 0.00 0.00 42484 20 12 
1052 5040 15312 0.305953 1 4366 5030 22 1633275 8.00 0.00 0.00 52159 20 13 
1052 5040 15312 0.100984 1 1486 1792 10 543688 8.00 0.00 0.00 18988 20 14 
1052 5040 15312 0.292955 1 4173 4811 22 1578322 8.00 0.00 0.00 49096 20 15 
1052 5040 15312 0.039993 1 533 667 5 203109 8.00 0.00 0.00 6978 20 16 
1052 5040 15312 0.035994 1 499 652 4 158663 8.00 0.00 0.00 6467 20 17 
1052 5040 15312 0.06299 1 809 988 7 326844 8.00 0.00 0.00 10479 20 18 
1052 5040 15312 0.415936 1 6135 6876 30 2160602 8.00 0.00 0.00 69118 20 19 
1052 5040 15312 0.297954 1 4332 4888 22 1589746 8.00 0.00 0.00 49002 20 20 
