WARNING: for repeatability, setting FPU to use double precision
============================[ Problem Statistics ]=============================
|                                                                             |
|  Number of variables:          1408                                         |
|  Number of clauses:           18322                                         |
|  Parse time:                   0.01 s                                       |
|  Eliminated clauses:           0.01 Mb                                      |
|  Simplification time:          0.06 s                                       |
|                                                                             |
=============================[ Search Statistics ]==============================
| Conflicts  |          ORIGINAL         |          LEARNT          | Progress |
|            |    Vars  Clauses Literals |    Limit  Clauses Lit/Cl |          |
================================================================================
|        100 |     952    17138   105289 |     6283      100     12 | 11.932 % |
|        250 |     952    17138   105289 |     6912      250     12 | 11.932 % |
|        475 |     952    17138   105289 |     7603      475     13 | 11.932 % |
|        812 |     952    17138   105289 |     8363      812     13 | 11.932 % |
|       1318 |     952    17138   105289 |     9200     1318     14 | 11.932 % |
|       2077 |     952    17138   105289 |    10120     2077     13 | 11.932 % |
|       3216 |     952    17138   105289 |    11132     3216     14 | 11.932 % |
|       4924 |     952    17138   105289 |    12245     4924     14 | 11.932 % |
|       7486 |     952    17138   105289 |    13470     7486     14 | 11.932 % |
|      11330 |     952    17138   105289 |    14817    11330     15 | 11.932 % |
|      17096 |     952    17138   105289 |    16298     9587     14 | 11.932 % |
|      25745 |     952    17138   105289 |    17928     9963     14 | 11.932 % |
|      38719 |     952    17138   105289 |    19721    13847     14 | 11.932 % |
|      58180 |     952    17138   105289 |    21693    13285     14 | 11.932 % |
|      87372 |     952    17138   105289 |    23863    20474     14 | 11.932 % |
|     131161 |     952    17138   105289 |    26249    15912     14 | 11.932 % |
|     196845 |     952    17138   105289 |    28874    14627     15 | 11.932 % |
|     295371 |     952    17138   105289 |    31761    21009     14 | 11.932 % |
|     443160 |     952    17138   105289 |    34938    28536     15 | 11.932 % |
|     664843 |     952    17138   105289 |    38431    26129     14 | 11.932 % |
|     997368 |     952    17138   105289 |    42275    36790     16 | 11.932 % |
|    1496156 |     952    17138   105289 |    46502    24731     14 | 11.932 % |
|    2244338 |     952    17138   105289 |    51152    28092     14 | 11.932 % |
|    3366612 |     952    17138   105289 |    56268    29078     15 | 11.932 % |
|    5050023 |     952    17138   105289 |    61895    42935     17 | 11.932 % |
|    7575139 |     952    17138   105289 |    68084    50613     16 | 11.932 % |
|   11362814 |     952    17138   105289 |    74893    51844     17 | 11.932 % |
|   17044326 |     952    17138   105289 |    82382    48825     16 | 11.932 % |
|   25566595 |     952    17138   105289 |    90620    68451     15 | 11.932 % |
|   38349998 |     952    17138   105289 |    99682    67624     16 | 11.932 % |
|   57525103 |     952    17138   105289 |   109650    74845     18 | 11.932 % |
|   86287761 |     952    17138   105289 |   120615    84632     16 | 11.932 % |
|  129431749 |     952    17138   105289 |   132677    61442     18 | 11.932 % |
|  194147731 |     952    17138   105289 |   145945   108678     17 | 11.932 % |
|  291221704 |     952    17138   105289 |   160539    98544     15 | 11.932 % |
|  436832664 |     952    17138   105289 |   176593    82684     16 | 11.932 % |
===============================================================================
restarts              : 526651
conflicts             : 499673846      (8877 /sec)
decisions             : 617396410      (0.00 % random) (10968 /sec)
propagations          : 21853209077    (388237 /sec)
conflict literals     : 9682731958     (10.51 % deleted)
Memory used           : 504.00 MB
CPU time              : 56288.4 s

SATISFIABLE
