# Generated in OKlibrary version 0.1.0.16, commit 3feb28fbe6f57c2b738c9cfed85b47a47e5c8256, date 2011-12-11
# For instructions on generation, see "Minisat-2.2.0" in Investigations/Cryptography/AdvancedEncryptionStandard/plans/KeyDiscovery/012/1_3_4/general.hpp
# in the OKlibrary.
n c l t sat cfs dec rts r1 mem ptime stime cfl r s 
128 724 2000 0.002999 1 4 15 1 341 8.00 0.00 0.00 34 1 1 
128 724 2000 0.001999 1 16 20 1 852 8.00 0.00 0.00 104 1 2 
128 724 2000 0.000999 1 26 32 1 1271 8.00 0.00 0.00 137 1 3 
128 724 2000 0.002999 1 17 25 1 1102 8.00 0.00 0.00 90 1 4 
128 724 2000 0.001999 1 9 19 1 502 8.00 0.00 0.00 67 1 5 
128 724 2000 0.002999 1 24 29 1 1348 8.00 0.00 0.00 109 1 6 
128 724 2000 0.001999 1 15 23 1 730 8.00 0.00 0.00 84 1 7 
128 724 2000 0.002999 1 26 36 1 1325 8.00 0.00 0.00 132 1 8 
128 724 2000 0.001999 1 14 24 1 809 8.00 0.00 0.00 89 1 9 
128 724 2000 0.001999 1 4 13 1 329 8.00 0.00 0.00 23 1 10 
128 724 2000 0.000999 1 2 9 1 235 8.00 0.00 0.00 22 1 11 
128 724 2000 0.001999 1 1 9 1 186 8.00 0.00 0.00 16 1 12 
128 724 2000 0.000999 1 10 24 1 489 8.00 0.00 0.00 68 1 13 
128 724 2000 0.001999 1 17 23 1 1024 8.00 0.00 0.00 114 1 14 
128 724 2000 0.000999 1 4 15 1 357 8.00 0.00 0.00 32 1 15 
128 724 2000 0.002999 1 11 16 1 599 8.00 0.00 0.00 82 1 16 
128 724 2000 0.001999 1 3 9 1 266 8.00 0.00 0.00 29 1 17 
128 724 2000 0.001999 1 0 9 1 128 8.00 0.00 0.00 0 1 18 
128 724 2000 0.002999 1 16 27 1 866 8.00 0.00 0.00 96 1 19 
128 724 2000 0.001999 1 6 11 1 441 8.00 0.00 0.00 56 1 20 
244 1448 4048 0.008998 1 238 305 3 20035 8.00 0.00 0.00 3262 2 1 
244 1448 4048 0.008998 1 355 408 3 28983 8.00 0.00 0.00 4759 2 2 
244 1448 4048 0.009998 1 298 374 3 23908 8.00 0.00 0.00 4519 2 3 
244 1448 4048 0.002999 1 1 32 1 258 8.00 0.00 0.00 22 2 4 
244 1448 4048 0.005999 1 141 182 2 11511 8.00 0.00 0.00 1940 2 5 
244 1448 4048 0.008998 1 208 261 3 18298 8.00 0.00 0.00 3110 2 6 
244 1448 4048 0.004999 1 171 223 2 11847 8.00 0.00 0.00 2873 2 7 
244 1448 4048 0.004999 1 262 336 3 20719 8.00 0.00 0.00 3560 2 8 
244 1448 4048 0.007998 1 312 382 3 23598 8.00 0.00 0.00 4311 2 9 
244 1448 4048 0.004999 1 0 32 1 232 8.00 0.00 0.00 0 2 10 
244 1448 4048 0.009998 1 308 361 3 25534 8.00 0.00 0.00 4036 2 11 
244 1448 4048 0.001999 1 99 128 1 8656 8.00 0.00 0.00 1653 2 12 
244 1448 4048 0.001999 1 46 74 1 3493 8.00 0.00 0.00 801 2 13 
244 1448 4048 0.007998 1 237 287 3 18997 8.00 0.00 0.00 3448 2 14 
244 1448 4048 0.005999 1 155 199 2 13591 8.00 0.00 0.00 2292 2 15 
244 1448 4048 0.004999 1 124 166 2 10054 8.00 0.00 0.00 2265 2 16 
244 1448 4048 0.007998 1 134 173 2 11415 8.00 0.00 0.00 2105 2 17 
244 1448 4048 0.002999 1 93 123 1 7547 8.00 0.00 0.00 1685 2 18 
244 1448 4048 0.002999 1 52 81 1 4492 8.00 0.00 0.00 818 2 19 
244 1448 4048 0.007998 1 310 377 3 22468 8.00 0.00 0.00 4655 2 20 
360 2172 6096 0.018997 1 971 1279 7 72309 8.00 0.00 0.00 11931 3 1 
360 2172 6096 0.014997 1 860 1103 7 65208 8.00 0.00 0.00 12913 3 2 
360 2172 6096 0.009998 1 241 404 3 17758 8.00 0.00 0.00 3435 3 3 
360 2172 6096 0.010998 1 420 553 4 30897 8.00 0.00 0.00 7019 3 4 
360 2172 6096 0.014997 1 620 820 6 44193 8.00 0.00 0.00 8678 3 5 
360 2172 6096 0.021996 1 1096 1348 7 83844 8.00 0.00 0.00 17089 3 6 
360 2172 6096 0.017997 1 929 1145 7 70697 8.00 0.00 0.00 10638 3 7 
360 2172 6096 0.006998 1 157 231 2 11284 8.00 0.00 0.00 3041 3 8 
360 2172 6096 0.023996 1 1309 1600 9 98841 8.00 0.00 0.00 16264 3 9 
360 2172 6096 0.014997 1 792 1004 6 58715 8.00 0.00 0.00 11739 3 10 
360 2172 6096 0.011998 1 398 490 3 28687 8.00 0.00 0.00 6108 3 11 
360 2172 6096 0.017997 1 880 1111 7 63603 8.00 0.00 0.00 13617 3 12 
360 2172 6096 0.004999 1 167 248 2 12299 8.00 0.00 0.00 2974 3 13 
360 2172 6096 0.015997 1 640 804 6 49537 8.00 0.00 0.00 9963 3 14 
360 2172 6096 0.008998 1 480 619 4 36797 8.00 0.00 0.00 7189 3 15 
360 2172 6096 0.008998 1 272 377 3 19531 8.00 0.00 0.00 5032 3 16 
360 2172 6096 0.026995 1 1414 1721 10 112242 8.00 0.00 0.00 18665 3 17 
360 2172 6096 0.021996 1 986 1214 7 75112 8.00 0.00 0.00 13559 3 18 
360 2172 6096 0.008998 1 258 362 3 19178 8.00 0.00 0.00 4418 3 19 
360 2172 6096 0.005999 1 231 322 3 16759 8.00 0.00 0.00 3644 3 20 
476 2896 8144 0.027995 1 892 1150 7 91246 8.00 0.00 0.00 17393 4 1 
476 2896 8144 0.056991 1 2440 3108 15 235903 8.00 0.00 0.00 50009 4 2 
476 2896 8144 0.12598 1 5589 6808 29 488718 8.00 0.00 0.00 92093 4 3 
476 2896 8144 0.004999 1 30 86 1 2391 8.00 0.00 0.00 603 4 4 
476 2896 8144 0.054991 1 2519 3160 15 215291 8.00 0.00 0.00 48358 4 5 
476 2896 8144 0.054991 1 2469 3141 15 229115 8.00 0.00 0.00 47329 4 6 
476 2896 8144 0.018997 1 801 1044 6 74276 8.00 0.00 0.00 16730 4 7 
476 2896 8144 0.016997 1 523 700 5 52125 8.00 0.00 0.00 11134 4 8 
476 2896 8144 0.020996 1 882 1194 7 88242 8.00 0.00 0.00 18843 4 9 
476 2896 8144 0.057991 1 2554 3169 15 212714 8.00 0.00 0.00 47835 4 10 
476 2896 8144 0.043993 1 1865 2354 13 174688 8.00 0.00 0.00 38366 4 11 
476 2896 8144 0.080987 1 3888 4868 21 384987 8.00 0.00 0.00 68632 4 12 
476 2896 8144 0.018997 1 736 1097 6 62231 8.00 0.00 0.00 16814 4 13 
476 2896 8144 0.068989 1 2989 3655 15 261152 8.00 0.00 0.00 56911 4 14 
476 2896 8144 0.085986 1 3822 4654 21 409548 8.00 0.00 0.00 67564 4 15 
476 2896 8144 0.096985 1 4491 5541 23 397584 8.00 0.00 0.00 78303 4 16 
476 2896 8144 0.093985 1 3928 4823 21 376143 8.00 0.00 0.00 68710 4 17 
476 2896 8144 0.088986 1 3835 4563 21 404529 8.00 0.00 0.00 75778 4 18 
476 2896 8144 0.071989 1 3167 3894 15 289781 8.00 0.00 0.00 59484 4 19 
476 2896 8144 0.123981 1 5235 6276 28 597270 8.00 0.00 0.00 92591 4 20 
592 3620 10192 0.041993 1 900 1106 7 208491 8.00 0.00 0.01 21610 5 1 
592 3620 10192 0.022996 1 484 641 4 79825 8.00 0.00 0.01 10588 5 2 
592 3620 10192 0.122981 1 2853 3259 15 667276 8.00 0.00 0.01 61737 5 3 
592 3620 10192 0.012998 1 143 225 2 20683 8.00 0.00 0.00 2945 5 4 
592 3620 10192 0.039993 1 832 992 7 198541 8.00 0.00 0.00 18455 5 5 
592 3620 10192 0.080987 1 1817 2093 13 432225 8.00 0.00 0.00 38569 5 6 
592 3620 10192 0.159975 1 3683 4134 19 877362 8.00 0.00 0.00 69694 5 7 
592 3620 10192 0.111982 1 2526 2943 15 596744 8.00 0.00 0.00 55473 5 8 
592 3620 10192 0.035994 1 885 1127 7 167657 8.00 0.00 0.01 17548 5 9 
592 3620 10192 0.021996 1 416 527 4 82366 8.00 0.00 0.00 9701 5 10 
592 3620 10192 0.073988 1 1589 1800 10 390991 8.00 0.00 0.00 34230 5 11 
592 3620 10192 0.016997 1 287 402 3 47013 8.00 0.00 0.01 5583 5 12 
592 3620 10192 0.147977 1 3360 3708 17 812353 8.00 0.00 0.00 63099 5 13 
592 3620 10192 0.146977 1 4297 5033 22 775568 8.00 0.00 0.01 75066 5 14 
592 3620 10192 0.072988 1 1650 1918 11 401355 8.00 0.00 0.00 36289 5 15 
592 3620 10192 0.219966 1 4929 5491 27 1221395 8.00 0.00 0.00 103210 5 16 
592 3620 10192 0.178972 1 5467 6423 29 924462 8.00 0.00 0.00 86196 5 17 
592 3620 10192 0.009998 1 151 223 2 23088 8.00 0.00 0.00 3346 5 18 
592 3620 10192 0.093985 1 2082 2413 14 497681 8.00 0.00 0.00 50369 5 19 
592 3620 10192 0.026995 1 560 696 5 115933 8.00 0.00 0.00 12543 5 20 
708 4344 12240 0.030995 1 554 699 5 156135 8.00 0.00 0.00 13507 6 1 
708 4344 12240 0.077988 1 1521 1799 10 432576 8.00 0.00 0.01 32273 6 2 
708 4344 12240 0.162975 1 3205 3668 15 925818 8.00 0.00 0.01 62044 6 3 
708 4344 12240 0.112982 1 2176 2539 14 656493 8.00 0.00 0.01 44045 6 4 
708 4344 12240 0.048992 1 941 1153 7 264260 8.00 0.00 0.00 20100 6 5 
708 4344 12240 0.142978 1 2870 3294 15 858780 8.00 0.00 0.00 62002 6 6 
708 4344 12240 0.013997 1 232 335 3 53198 8.00 0.00 0.00 5533 6 7 
708 4344 12240 0.267959 1 5481 6172 29 1525857 8.00 0.00 0.01 106728 6 8 
708 4344 12240 0.237963 1 4545 5135 24 1386759 8.00 0.00 0.01 89289 6 9 
708 4344 12240 0.055991 1 1015 1190 7 304538 8.00 0.00 0.01 22554 6 10 
708 4344 12240 0.033994 1 661 873 6 170990 8.00 0.00 0.00 13370 6 11 
708 4344 12240 0.12698 1 2446 2872 15 737336 8.00 0.00 0.01 50475 6 12 
708 4344 12240 0.169974 1 3323 3802 17 1029629 8.00 0.00 0.00 63262 6 13 
708 4344 12240 0.082987 1 1722 2082 12 478734 8.00 0.00 0.00 35739 6 14 
708 4344 12240 0.06299 1 1233 1447 8 363348 8.00 0.00 0.01 26579 6 15 
708 4344 12240 0.202969 1 4051 4534 22 1190241 8.00 0.00 0.00 80025 6 16 
708 4344 12240 0.020996 1 395 532 3 101441 8.00 0.00 0.01 8727 6 17 
708 4344 12240 0.223965 1 4315 4863 22 1260391 8.00 0.00 0.01 90923 6 18 
708 4344 12240 0.099984 1 2073 2468 14 574366 8.00 0.00 0.00 44667 6 19 
708 4344 12240 0.049992 1 951 1125 7 278579 8.00 0.00 0.00 19665 6 20 
824 5068 14288 0.048992 1 893 1090 7 281680 8.00 0.00 0.00 17701 7 1 
824 5068 14288 0.315951 1 5720 6522 30 1885160 8.00 0.00 0.01 99513 7 2 
824 5068 14288 0.375942 1 6492 7269 31 2286551 8.00 0.00 0.00 109340 7 3 
824 5068 14288 0.153976 1 2767 3201 15 915204 8.00 0.00 0.01 49781 7 4 
824 5068 14288 0.086986 1 1545 1813 10 540184 8.00 0.00 0.00 27607 7 5 
824 5068 14288 0.067989 1 1240 1486 8 414585 8.00 0.00 0.01 23668 7 6 
824 5068 14288 0.156976 1 2767 3232 15 933754 8.00 0.00 0.01 47104 7 7 
824 5068 14288 0.049992 1 825 986 7 284334 8.00 0.00 0.01 15309 7 8 
824 5068 14288 0.182972 1 3098 3510 15 1123795 8.00 0.00 0.01 52572 7 9 
824 5068 14288 0.199969 1 3519 4006 18 1217414 8.00 0.00 0.01 65235 7 10 
824 5068 14288 0.070989 1 1277 1546 8 427275 8.00 0.00 0.00 25187 7 11 
824 5068 14288 0.026995 1 363 460 3 128673 8.00 0.00 0.00 8516 7 12 
824 5068 14288 0.138978 1 2381 2761 14 810744 8.00 0.00 0.01 45127 7 13 
824 5068 14288 0.082987 1 1464 1744 10 485580 8.00 0.00 0.01 27626 7 14 
824 5068 14288 0.198969 1 3556 4089 18 1197872 8.00 0.00 0.00 66367 7 15 
824 5068 14288 0.294955 1 5308 6134 29 1769154 8.00 0.00 0.01 100269 7 16 
824 5068 14288 0.053991 1 903 1140 7 316417 8.00 0.00 0.00 17387 7 17 
824 5068 14288 0.394939 1 6797 7597 31 2408976 8.00 0.00 0.01 111744 7 18 
824 5068 14288 0.232964 1 4174 4785 22 1400756 8.00 0.00 0.00 79096 7 19 
824 5068 14288 0.19597 1 3605 4106 18 1145188 8.00 0.00 0.01 65084 7 20 
940 5792 16336 0.163975 1 2762 3210 15 1010723 8.00 0.00 0.00 53316 8 1 
940 5792 16336 0.166974 1 2788 3195 15 1043393 8.00 0.00 0.01 52596 8 2 
940 5792 16336 0.237963 1 4039 4674 22 1408662 8.00 0.00 0.01 72752 8 3 
940 5792 16336 0.026995 1 488 667 4 125076 8.00 0.00 0.01 10341 8 4 
940 5792 16336 0.272958 1 4289 4884 22 1715282 8.00 0.00 0.01 76583 8 5 
940 5792 16336 0.121981 1 2043 2456 14 734781 8.00 0.00 0.01 35715 8 6 
940 5792 16336 0.321951 1 5172 5846 28 2000396 8.00 0.00 0.00 92047 8 7 
940 5792 16336 0.272958 1 4375 5052 22 1711360 8.00 0.00 0.01 76699 8 8 
940 5792 16336 0.209968 1 3317 3839 17 1288511 8.00 0.00 0.01 58510 8 9 
940 5792 16336 0.019996 1 197 279 2 69656 8.00 0.00 0.01 4399 8 10 
940 5792 16336 0.036994 1 608 780 6 198124 8.00 0.00 0.01 11852 8 11 
940 5792 16336 0.25796 1 4208 4801 22 1552385 8.00 0.00 0.01 72880 8 12 
940 5792 16336 0.211967 1 3357 3863 17 1302157 8.00 0.00 0.01 63003 8 13 
940 5792 16336 0.147977 1 2406 2777 14 918006 8.00 0.00 0.01 44511 8 14 
940 5792 16336 0.087986 1 1450 1772 10 524048 8.00 0.00 0.01 27127 8 15 
940 5792 16336 0.174973 1 2660 3075 15 1087269 8.00 0.00 0.01 44463 8 16 
940 5792 16336 0.037994 1 585 714 5 187062 8.00 0.00 0.01 12212 8 17 
940 5792 16336 0.413937 1 6861 7697 31 2593923 8.00 0.00 0.01 111848 8 18 
940 5792 16336 0.144977 1 2377 2781 14 882669 8.00 0.00 0.01 47472 8 19 
940 5792 16336 0.174973 1 2749 3214 15 1074731 8.00 0.00 0.01 47370 8 20 
1056 6516 18384 0.107983 1 1441 1664 10 670685 8.00 0.01 0.01 23207 9 1 
1056 6516 18384 0.06099 1 886 1104 7 382686 8.00 0.00 0.01 16573 9 2 
1056 6516 18384 0.173973 1 2472 2890 15 1081011 8.00 0.00 0.01 45418 9 3 
1056 6516 18384 0.336948 1 4872 5521 26 2101532 8.00 0.00 0.01 83402 9 4 
1056 6516 18384 0.163975 1 2456 2869 15 1048146 8.00 0.00 0.01 40340 9 5 
1056 6516 18384 0.049992 1 665 820 6 259738 8.00 0.00 0.01 14253 9 6 
1056 6516 18384 0.45593 1 6538 7261 31 2853575 8.00 0.00 0.01 101241 9 7 
1056 6516 18384 0.235964 1 3417 3977 18 1476106 8.00 0.00 0.01 65225 9 8 
1056 6516 18384 0.035994 1 369 490 3 166920 8.00 0.00 0.01 8191 9 9 
1056 6516 18384 0.102984 1 1497 1784 10 650345 8.00 0.00 0.01 28361 9 10 
1056 6516 18384 0.215967 1 2844 3202 15 1388302 8.00 0.01 0.01 44666 9 11 
1056 6516 18384 0.220966 1 3471 4001 18 1405535 8.00 0.00 0.01 59053 9 12 
1056 6516 18384 0.027995 1 313 421 3 115539 8.00 0.00 0.01 7035 9 13 
1056 6516 18384 0.38894 1 5610 6364 29 2415710 8.00 0.00 0.01 95829 9 14 
1056 6516 18384 0.477927 1 6639 7397 31 3024267 8.00 0.01 0.01 101370 9 15 
1056 6516 18384 0.19697 1 2919 3365 15 1234555 8.00 0.00 0.01 51790 9 16 
1056 6516 18384 0.018997 1 141 211 2 54163 8.00 0.00 0.01 2998 9 17 
1056 6516 18384 0.12698 1 1906 2296 13 797658 8.00 0.00 0.01 34233 9 18 
1056 6516 18384 0.013997 1 34 82 1 9561 8.00 0.00 0.01 805 9 19 
1056 6516 18384 0.299954 1 4177 4690 22 1939216 8.00 0.00 0.01 60737 9 20 
1172 7240 20432 0.109983 1 1493 1783 10 661582 9.00 0.00 0.01 30152 10 1 
1172 7240 20432 0.021996 1 195 285 2 69736 9.00 0.00 0.01 4344 10 2 
1172 7240 20432 0.198969 1 2632 3062 15 1248749 9.00 0.01 0.01 47059 10 3 
1172 7240 20432 0.461929 1 5975 6800 30 2899450 9.00 0.00 0.01 93986 10 4 
1172 7240 20432 0.107983 1 1446 1726 10 674150 9.00 0.00 0.01 27480 10 5 
1172 7240 20432 0.06499 1 873 1102 7 379933 9.00 0.00 0.01 15171 10 6 
1172 7240 20432 0.166974 1 2197 2553 14 1045761 9.00 0.00 0.01 39061 10 7 
1172 7240 20432 0.051992 1 722 972 6 292915 9.00 0.00 0.01 15365 10 8 
1172 7240 20432 0.071989 1 973 1185 7 418515 9.00 0.00 0.01 17439 10 9 
1172 7240 20432 0.110983 1 1519 1816 10 670623 9.00 0.01 0.01 26972 10 10 
1172 7240 20432 0.512922 1 6550 7495 31 3322373 9.00 0.00 0.01 108832 10 11 
1172 7240 20432 0.363944 1 4981 5669 27 2220642 9.00 0.00 0.01 85832 10 12 
1172 7240 20432 0.551916 1 7390 8345 31 3515718 9.00 0.00 0.01 113608 10 13 
1172 7240 20432 0.227965 1 3025 3433 15 1414774 9.00 0.00 0.01 53889 10 14 
1172 7240 20432 0.295955 1 3786 4399 20 1816223 9.00 0.01 0.01 66380 10 15 
1172 7240 20432 0.12898 1 1797 2159 12 820615 9.00 0.00 0.01 32266 10 16 
1172 7240 20432 0.094985 1 1228 1452 8 589797 9.00 0.00 0.01 22022 10 17 
1172 7240 20432 0.12598 1 1621 1892 11 798635 9.00 0.00 0.01 28909 10 18 
1172 7240 20432 0.086986 1 1106 1417 7 525557 9.00 0.00 0.01 20362 10 19 
1172 7240 20432 0.166974 1 2206 2648 14 1043078 9.00 0.00 0.01 37446 10 20 
1288 7964 22480 0.532918 1 6488 7214 31 3405573 9.00 0.00 0.01 103443 11 1 
1288 7964 22480 0.135979 1 1725 2095 12 868112 9.00 0.00 0.01 31969 11 2 
1288 7964 22480 0.420936 1 4885 5551 26 2722375 9.00 0.00 0.01 78819 11 3 
1288 7964 22480 0.562914 1 6729 7582 31 3584560 9.00 0.01 0.01 103845 11 4 
1288 7964 22480 0.038994 1 400 507 3 173642 9.00 0.00 0.01 7754 11 5 
1288 7964 22480 0.228965 1 2927 3424 15 1428680 9.00 0.00 0.01 54438 11 6 
1288 7964 22480 0.178972 1 2122 2449 14 1169645 9.00 0.00 0.01 37791 11 7 
1288 7964 22480 0.281957 1 3183 3627 15 1816352 9.00 0.01 0.01 56511 11 8 
1288 7964 22480 0.112982 1 1441 1744 10 703827 9.00 0.01 0.01 25889 11 9 
1288 7964 22480 0.151976 1 1785 2168 12 988790 9.00 0.00 0.01 30592 11 10 
1288 7964 22480 0.442932 1 5395 6234 29 2856481 9.00 0.00 0.01 84223 11 11 
1288 7964 22480 0.232964 1 2712 3186 15 1506856 9.00 0.00 0.01 47968 11 12 
1288 7964 22480 0.437933 1 5072 5743 28 2763270 9.00 0.00 0.01 81426 11 13 
1288 7964 22480 0.278957 1 3233 3755 16 1817517 9.00 0.00 0.01 57290 11 14 
1288 7964 22480 0.131979 1 1638 1967 11 832519 9.00 0.01 0.01 29132 11 15 
1288 7964 22480 0.188971 1 2174 2525 14 1219148 9.00 0.01 0.01 37679 11 16 
1288 7964 22480 0.512922 1 6104 6817 30 3210437 9.00 0.00 0.01 99115 11 17 
1288 7964 22480 0.178972 1 2155 2493 14 1167053 9.00 0.00 0.01 39045 11 18 
1288 7964 22480 0.167974 1 1954 2327 13 1072559 9.00 0.01 0.01 33838 11 19 
1288 7964 22480 0.487925 1 5772 6546 30 3092236 9.00 0.01 0.01 99480 11 20 
1404 8688 24528 0.331949 1 3731 4306 20 2149758 9.00 0.01 0.01 67918 12 1 
1404 8688 24528 0.298954 1 3375 3763 17 1963710 9.00 0.01 0.01 54216 12 2 
1404 8688 24528 0.173973 1 1922 2264 13 1143166 9.00 0.00 0.01 34907 12 3 
1404 8688 24528 0.065989 1 662 847 6 349124 9.00 0.00 0.01 13845 12 4 
1404 8688 24528 0.680896 1 7590 8610 31 4346261 9.00 0.01 0.01 123454 12 5 
1404 8688 24528 0.067989 1 668 869 6 367529 9.00 0.01 0.01 11961 12 6 
1404 8688 24528 0.686895 1 7171 7878 31 4525741 9.00 0.00 0.01 111839 12 7 
1404 8688 24528 0.288956 1 3315 3920 17 1918690 9.00 0.00 0.01 57312 12 8 
1404 8688 24528 0.093985 1 930 1135 7 568132 9.00 0.01 0.01 18031 12 9 
1404 8688 24528 0.109983 1 1090 1326 7 665594 9.00 0.01 0.01 20975 12 10 
1404 8688 24528 0.102984 1 1080 1289 7 646449 9.00 0.01 0.01 21045 12 11 
1404 8688 24528 0.133979 1 1463 1810 10 864706 9.00 0.00 0.01 26781 12 12 
1404 8688 24528 0.294955 1 3404 4031 17 1929444 9.00 0.01 0.01 60220 12 13 
1404 8688 24528 0.416936 1 4613 5236 24 2792168 9.00 0.00 0.01 76962 12 14 
1404 8688 24528 0.235964 1 2524 2901 15 1568497 9.00 0.00 0.01 42526 12 15 
1404 8688 24528 0.39294 1 4512 5176 24 2538636 9.00 0.00 0.01 79312 12 16 
1404 8688 24528 0.12898 1 1461 1749 10 849523 9.00 0.00 0.01 26495 12 17 
1404 8688 24528 0.203968 1 2054 2430 14 1276309 9.00 0.01 0.01 37780 12 18 
1404 8688 24528 0.253961 1 2898 3334 15 1670325 9.00 0.00 0.01 47944 12 19 
1404 8688 24528 0.175973 1 1914 2267 13 1149442 9.00 0.00 0.01 35844 12 20 
1520 9412 26576 0.298954 1 3126 3588 15 1989160 9.00 0.00 0.01 56437 13 1 
1520 9412 26576 0.103984 1 961 1177 7 636872 9.00 0.01 0.01 17335 13 2 
1520 9412 26576 0.118981 1 1156 1380 7 763733 9.00 0.00 0.01 22844 13 3 
1520 9412 26576 0.471928 1 4940 5713 27 3030019 9.00 0.00 0.01 83629 13 4 
1520 9412 26576 0.095985 1 990 1168 7 591302 9.00 0.00 0.01 17261 13 5 
1520 9412 26576 0.109983 1 1080 1315 7 663381 9.00 0.01 0.01 20253 13 6 
1520 9412 26576 0.429934 1 4711 5345 25 2833660 9.00 0.00 0.01 74074 13 7 
1520 9412 26576 0.079987 1 746 913 6 505932 9.00 0.00 0.01 12362 13 8 
1520 9412 26576 0.058991 1 476 624 4 305364 9.00 0.01 0.01 8950 13 9 
1520 9412 26576 0.079987 1 760 976 6 457564 9.00 0.01 0.01 14084 13 10 
1520 9412 26576 0.601908 1 6174 6936 30 3902704 9.00 0.01 0.01 99582 13 11 
1520 9412 26576 0.074988 1 739 887 6 448781 9.00 0.00 0.01 14540 13 12 
1520 9412 26576 0.426935 1 4232 4774 22 2891833 9.00 0.00 0.01 69832 13 13 
1520 9412 26576 0.180972 1 1904 2241 13 1199013 9.00 0.00 0.01 32533 13 14 
1520 9412 26576 0.26296 1 2672 3127 15 1744644 9.00 0.00 0.01 46727 13 15 
1520 9412 26576 0.376942 1 3969 4488 21 2474458 9.00 0.01 0.01 60943 13 16 
1520 9412 26576 0.083987 1 756 953 6 516760 9.00 0.00 0.01 14981 13 17 
1520 9412 26576 0.399939 1 3973 4531 21 2640776 9.00 0.01 0.01 68074 13 18 
1520 9412 26576 0.367944 1 3628 4084 19 2459524 9.00 0.01 0.01 56451 13 19 
1520 9412 26576 0.723889 1 7351 8218 31 4779244 9.00 0.01 0.01 115456 13 20 
1636 10136 28624 0.121981 1 1009 1259 7 758942 9.00 0.01 0.01 18800 14 1 
1636 10136 28624 0.207968 1 2057 2415 14 1409275 9.00 0.00 0.01 36121 14 2 
1636 10136 28624 0.371943 1 3558 4050 18 2517176 9.00 0.00 0.01 60413 14 3 
1636 10136 28624 0.271958 1 2666 3165 15 1829824 9.00 0.01 0.01 44623 14 4 
1636 10136 28624 0.166974 1 1520 1818 10 1102312 9.00 0.00 0.01 28241 14 5 
1636 10136 28624 0.240963 1 2211 2580 14 1606797 9.00 0.01 0.01 35476 14 6 
1636 10136 28624 0.033994 1 206 320 3 126374 9.00 0.01 0.01 4509 14 7 
1636 10136 28624 0.12598 1 1203 1456 7 829067 9.00 0.00 0.01 19127 14 8 
1636 10136 28624 0.12698 1 1254 1526 8 847110 9.00 0.00 0.01 19247 14 9 
1636 10136 28624 0.291955 1 2740 3161 15 2007457 9.00 0.00 0.01 40831 14 10 
1636 10136 28624 0.218966 1 2126 2500 14 1469492 9.00 0.01 0.01 35275 14 11 
1636 10136 28624 0.443932 1 4398 4979 22 2987575 9.00 0.01 0.01 69685 14 12 
1636 10136 28624 0.103984 1 874 1077 7 647710 9.00 0.01 0.01 13600 14 13 
1636 10136 28624 0.186971 1 1745 2105 12 1253921 9.00 0.00 0.01 27043 14 14 
1636 10136 28624 0.515921 1 4799 5253 25 3587238 9.00 0.00 0.01 66671 14 15 
1636 10136 28624 0.042993 1 319 453 3 197836 9.00 0.01 0.01 5791 14 16 
1636 10136 28624 0.133979 1 1281 1544 8 836418 9.00 0.01 0.01 23971 14 17 
1636 10136 28624 0.090986 1 893 1069 7 579499 9.00 0.00 0.01 14176 14 18 
1636 10136 28624 0.485926 1 4831 5468 26 3276653 9.00 0.01 0.01 74800 14 19 
1636 10136 28624 0.06399 1 543 715 5 355167 9.00 0.01 0.01 8699 14 20 
1752 10860 30672 0.548916 1 5080 5752 28 3705962 9.00 0.01 0.01 88022 15 1 
1752 10860 30672 0.32495 1 2925 3354 15 2215941 9.00 0.01 0.01 45006 15 2 
1752 10860 30672 0.237963 1 2355 2735 14 1615739 9.00 0.00 0.01 41506 15 3 
1752 10860 30672 0.582911 1 5254 6030 29 3966405 9.00 0.00 0.01 79333 15 4 
1752 10860 30672 0.080987 1 735 913 6 467239 9.00 0.00 0.01 13104 15 5 
1752 10860 30672 0.139978 1 1274 1547 8 925002 9.00 0.00 0.01 21922 15 6 
1752 10860 30672 0.673897 1 5773 6441 30 4595000 9.00 0.00 0.01 80170 15 7 
1752 10860 30672 0.170974 1 1433 1696 10 1153264 9.00 0.00 0.01 25190 15 8 
1752 10860 30672 0.170974 1 1556 1900 10 1139876 9.00 0.01 0.01 25778 15 9 
1752 10860 30672 0.565913 1 5037 5634 28 3861585 9.00 0.00 0.01 75391 15 10 
1752 10860 30672 0.058991 1 432 549 4 297347 9.00 0.01 0.01 7468 15 11 
1752 10860 30672 0.097985 1 896 1114 7 586629 9.00 0.01 0.01 16086 15 12 
1752 10860 30672 0.401938 1 3632 4143 19 2683327 9.00 0.01 0.01 58328 15 13 
1752 10860 30672 0.198969 1 1666 1920 11 1305226 9.00 0.01 0.01 31444 15 14 
1752 10860 30672 0.049992 1 445 559 4 262275 9.00 0.00 0.01 7644 15 15 
1752 10860 30672 0.020996 1 113 208 2 22493 9.00 0.01 0.01 2595 15 16 
1752 10860 30672 0.405938 1 3561 4070 18 2752736 9.00 0.01 0.01 58283 15 17 
1752 10860 30672 0.364944 1 3426 4011 18 2474112 9.00 0.00 0.01 55449 15 18 
1752 10860 30672 0.120981 1 1346 1636 9 741146 9.00 0.01 0.01 22355 15 19 
1752 10860 30672 0.118981 1 979 1173 7 718470 9.00 0.01 0.01 19188 15 20 
1868 11584 32720 0.222966 1 1908 2297 13 1476487 9.00 0.01 0.01 34977 16 1 
1868 11584 32720 0.903862 1 7543 8310 31 6096492 9.00 0.01 0.01 108717 16 2 
1868 11584 32720 0.042993 1 283 384 3 191757 9.00 0.00 0.01 6174 16 3 
1868 11584 32720 0.745886 1 5857 6620 30 4998562 9.00 0.00 0.01 95001 16 4 
1868 11584 32720 0.244962 1 1980 2297 13 1667722 9.00 0.01 0.01 33712 16 5 
1868 11584 32720 0.414936 1 3089 3512 15 2846984 9.00 0.01 0.01 48158 16 6 
1868 11584 32720 0.19297 1 1541 1825 10 1311735 9.00 0.00 0.01 23636 16 7 
1868 11584 32720 0.403938 1 3207 3633 15 2774194 9.00 0.01 0.01 51912 16 8 
1868 11584 32720 0.747886 1 6505 7266 31 5060820 9.00 0.01 0.01 89477 16 9 
1868 11584 32720 0.344947 1 2942 3333 15 2377656 9.00 0.01 0.01 48488 16 10 
1868 11584 32720 0.040993 1 273 369 3 179810 9.00 0.00 0.01 5251 16 11 
1868 11584 32720 0.319951 1 3007 3580 15 2121927 9.00 0.01 0.01 50513 16 12 
1868 11584 32720 0.841872 1 6886 7705 31 5613236 9.00 0.01 0.01 102518 16 13 
1868 11584 32720 0.660899 1 5548 6253 29 4471429 9.00 0.01 0.01 94635 16 14 
1868 11584 32720 0.84987 1 6555 7271 31 5723818 9.00 0.01 0.01 108739 16 15 
1868 11584 32720 0.107983 1 928 1142 7 690714 9.00 0.00 0.01 13897 16 16 
1868 11584 32720 0.280957 1 2358 2753 14 1919986 9.00 0.00 0.01 38863 16 17 
1868 11584 32720 0.075988 1 588 723 5 392119 9.00 0.01 0.02 12344 16 18 
1868 11584 32720 0.264959 1 2145 2506 14 1800377 9.00 0.01 0.01 33370 16 19 
1868 11584 32720 0.266959 1 2293 2627 14 1801694 9.00 0.01 0.01 38189 16 20 
1984 12308 34768 0.065989 1 454 577 4 363564 9.00 0.01 0.01 8802 17 1 
1984 12308 34768 0.19497 1 1448 1725 10 1311639 9.00 0.01 0.01 25868 17 2 
1984 12308 34768 0.414936 1 3439 3997 18 2825026 9.00 0.01 0.01 56722 17 3 
1984 12308 34768 0.054991 1 311 418 3 278727 9.00 0.00 0.01 6075 17 4 
1984 12308 34768 0.032994 1 140 211 2 91140 9.00 0.01 0.01 2779 17 5 
1984 12308 34768 0.771882 1 5880 6645 30 5214509 9.00 0.01 0.01 88245 17 6 
1984 12308 34768 0.878866 1 7014 7764 31 6098594 9.00 0.01 0.01 97222 17 7 
1984 12308 34768 0.077988 1 476 618 4 436621 9.00 0.01 0.01 7323 17 8 
1984 12308 34768 0.481926 1 3860 4417 21 3299156 9.00 0.01 0.01 62776 17 9 
1984 12308 34768 0.067989 1 362 487 3 362654 9.00 0.01 0.01 6210 17 10 
1984 12308 34768 0.06399 1 381 517 3 334362 9.00 0.01 0.01 6396 17 11 
1984 12308 34768 0.150977 1 1056 1249 7 1001069 9.00 0.01 0.01 17024 17 12 
1984 12308 34768 0.514921 1 4007 4510 21 3585799 9.00 0.01 0.01 60134 17 13 
1984 12308 34768 0.45393 1 3720 4370 20 3145938 9.00 0.01 0.01 60873 17 14 
1984 12308 34768 0.213967 1 1478 1736 10 1452291 9.00 0.01 0.01 23801 17 15 
1984 12308 34768 0.117982 1 852 1025 7 705432 9.00 0.01 0.01 15767 17 16 
1984 12308 34768 0.71989 1 6202 7104 30 4295241 9.00 0.00 0.01 101669 17 17 
1984 12308 34768 0.071989 1 479 609 4 399399 9.00 0.00 0.01 8649 17 18 
1984 12308 34768 0.089986 1 573 712 5 533335 9.00 0.01 0.01 9460 17 19 
1984 12308 34768 0.173973 1 1317 1588 9 1146434 9.00 0.01 0.01 19804 17 20 
2100 13032 36816 0.384941 1 2701 3052 15 2731120 9.00 0.01 0.01 42048 18 1 
2100 13032 36816 0.336948 1 2641 3141 15 2249059 9.00 0.01 0.01 44998 18 2 
2100 13032 36816 0.399939 1 3065 3541 15 2709459 9.00 0.01 0.01 50170 18 3 
2100 13032 36816 0.510922 1 3851 4451 21 3512169 9.00 0.01 0.01 57437 18 4 
2100 13032 36816 0.079987 1 478 597 4 449693 9.00 0.01 0.01 9761 18 5 
2100 13032 36816 0.563914 1 4223 4819 22 3940146 9.00 0.01 0.01 72716 18 6 
2100 13032 36816 0.957854 1 7216 8073 31 6498739 9.00 0.01 0.01 104674 18 7 
2100 13032 36816 0.504923 1 3476 3914 18 3528761 9.00 0.00 0.01 59577 18 8 
2100 13032 36816 0.386941 1 2758 3200 15 2714717 9.00 0.01 0.01 43890 18 9 
2100 13032 36816 0.083987 1 542 695 5 461478 9.00 0.01 0.01 9362 18 10 
2100 13032 36816 0.038994 1 172 250 2 140151 9.00 0.01 0.01 3679 18 11 
2100 13032 36816 0.25896 1 1945 2318 13 1715317 9.00 0.01 0.02 33076 18 12 
2100 13032 36816 0.832873 1 6426 7132 31 5751079 9.00 0.01 0.01 100484 18 13 
2100 13032 36816 0.044993 1 236 353 3 160464 9.00 0.01 0.01 6076 18 14 
2100 13032 36816 0.738887 1 5390 6126 29 5126993 9.00 0.01 0.01 82564 18 15 
2100 13032 36816 0.501923 1 3634 4145 19 3429652 9.00 0.01 0.01 61461 18 16 
2100 13032 36816 0.212967 1 1572 1897 10 1430825 9.00 0.01 0.02 29270 18 17 
2100 13032 36816 0.274958 1 1949 2260 13 1911027 9.00 0.01 0.01 30941 18 18 
2100 13032 36816 0.243962 1 1853 2224 13 1684017 9.00 0.01 0.01 32635 18 19 
2100 13032 36816 0.083987 1 561 718 5 496125 9.00 0.00 0.01 10264 18 20 
2216 13756 38864 0.356945 1 2619 2983 15 2469682 9.00 0.01 0.01 43919 19 1 
2216 13756 38864 0.713891 1 5033 5713 28 5057475 9.00 0.01 0.01 71543 19 2 
2216 13756 38864 0.926859 1 6564 7239 31 6447101 9.00 0.00 0.01 93472 19 3 
2216 13756 38864 0.106983 1 703 881 6 615238 9.00 0.01 0.01 12879 19 4 
2216 13756 38864 0.379942 1 2868 3325 15 2568820 9.00 0.01 0.02 56107 19 5 
2216 13756 38864 0.91786 1 6566 7343 31 6375624 9.00 0.01 0.01 93945 19 6 
2216 13756 38864 0.625904 1 4423 4964 23 4360284 9.00 0.01 0.01 75040 19 7 
2216 13756 38864 1.00685 1 7325 8281 31 6893989 9.00 0.00 0.01 112715 19 8 
2216 13756 38864 0.828873 1 5791 6543 30 5769460 9.00 0.01 0.01 80615 19 9 
2216 13756 38864 0.998848 1 7002 7901 31 6311677 9.00 0.01 0.01 107053 19 10 
2216 13756 38864 0.279957 1 2172 2552 14 1890564 9.00 0.01 0.01 36723 19 11 
2216 13756 38864 0.048992 1 328 442 3 208587 9.00 0.01 0.01 5701 19 12 
2216 13756 38864 0.175973 1 1304 1591 8 1133163 9.00 0.01 0.01 22070 19 13 
2216 13756 38864 0.140978 1 1056 1260 7 889491 9.00 0.01 0.02 18936 19 14 
2216 13756 38864 0.567913 1 4516 5208 24 3873300 9.00 0.01 0.01 69617 19 15 
2216 13756 38864 0.237963 1 1739 2053 12 1571009 9.00 0.01 0.02 30553 19 16 
2216 13756 38864 0.716891 1 4894 5472 26 4986956 9.00 0.01 0.01 75647 19 17 
2216 13756 38864 0.098984 1 574 714 5 599303 9.00 0.01 0.01 9742 19 18 
2216 13756 38864 0.146977 1 1064 1259 7 941028 9.00 0.01 0.01 18844 19 19 
2216 13756 38864 0.235964 1 1635 2000 11 1602195 9.00 0.01 0.01 27224 19 20 
2332 14480 40912 0.206968 1 1310 1571 9 1357415 9.00 0.01 0.01 22162 20 1 
2332 14480 40912 0.536918 1 3769 4322 20 3719935 9.00 0.01 0.01 60712 20 2 
2332 14480 40912 0.32295 1 2141 2476 14 2232678 9.00 0.01 0.01 34742 20 3 
2332 14480 40912 0.209968 1 1457 1844 10 1397229 9.00 0.01 0.01 25562 20 4 
2332 14480 40912 0.818875 1 5472 6156 29 5492706 9.00 0.01 0.01 80754 20 5 
2332 14480 40912 0.208968 1 1405 1679 9 1384141 9.00 0.01 0.01 25432 20 6 
2332 14480 40912 0.159975 1 1102 1296 7 1004889 9.00 0.01 0.02 17974 20 7 
2332 14480 40912 0.277957 1 1919 2303 13 1912477 9.00 0.01 0.01 33850 20 8 
2332 14480 40912 0.925859 1 5898 6672 30 6110415 9.00 0.01 0.01 92850 20 9 
2332 14480 40912 0.098984 1 576 780 5 604636 9.00 0.01 0.02 11628 20 10 
2332 14480 40912 0.506922 1 3399 3962 17 3553515 9.00 0.01 0.02 56542 20 11 
2332 14480 40912 0.054991 1 214 314 3 227504 9.00 0.01 0.01 4700 20 12 
2332 14480 40912 0.670898 1 4707 5482 25 4410497 9.00 0.00 0.01 80590 20 13 
2332 14480 40912 0.186971 1 1252 1544 8 1250051 9.00 0.00 0.02 20920 20 14 
2332 14480 40912 0.230964 1 1471 1777 10 1572057 9.00 0.01 0.02 24488 20 15 
2332 14480 40912 0.598908 1 3886 4451 21 4156277 9.00 0.01 0.02 59019 20 16 
2332 14480 40912 0.377942 1 3002 3498 15 2508608 9.00 0.01 0.02 48364 20 17 
2332 14480 40912 0.175973 1 1198 1490 7 1124666 9.00 0.01 0.01 21110 20 18 
2332 14480 40912 1.10983 1 7286 8161 31 7533385 9.00 0.01 0.02 100066 20 19 
2332 14480 40912 0.978851 1 7015 7776 31 6046523 9.00 0.01 0.02 105337 20 20 
