WARNING: for repeatability, setting FPU to use double precision
============================[ Problem Statistics ]=============================
|                                                                             |
|  Number of variables:           768                                         |
|  Number of clauses:            9730                                         |
|  Parse time:                   0.01 s                                       |
|  Eliminated clauses:           0.01 Mb                                      |
|  Simplification time:          0.03 s                                       |
|                                                                             |
=============================[ Search Statistics ]==============================
| Conflicts  |          ORIGINAL         |          LEARNT          | Progress |
|            |    Vars  Clauses Literals |    Limit  Clauses Lit/Cl |          |
================================================================================
|        100 |     504     9058    55681 |     3321      100     12 | 13.542 % |
|        250 |     504     9058    55681 |     3653      250     13 | 13.542 % |
|        475 |     504     9058    55681 |     4018      475     14 | 13.542 % |
|        812 |     504     9058    55681 |     4420      812     14 | 13.542 % |
|       1318 |     504     9058    55681 |     4862     1318     14 | 13.542 % |
|       2077 |     504     9058    55681 |     5348     2077     15 | 13.542 % |
|       3216 |     504     9058    55681 |     5883     3216     15 | 13.542 % |
|       4924 |     504     9058    55681 |     6472     4924     15 | 13.542 % |
|       7486 |     504     9058    55681 |     7119     4163     15 | 13.542 % |
|      11330 |     504     9058    55681 |     7831     4361     14 | 13.542 % |
|      17096 |     504     9058    55681 |     8614     6102     14 | 13.542 % |
|      25745 |     504     9058    55681 |     9475     5984     14 | 13.542 % |
|      38719 |     504     9058    55681 |    10423     9236     15 | 13.542 % |
|      58180 |     504     9058    55681 |    11465     7371     14 | 13.542 % |
|      87372 |     504     9058    55681 |    12612     7357     14 | 13.542 % |
|     131161 |     504     9058    55681 |    13873    12716     15 | 13.542 % |
|     196845 |     504     9058    55681 |    15261     8068     15 | 13.542 % |
|     295371 |     504     9058    55681 |    16787    13810     15 | 13.542 % |
|     443160 |     504     9058    55681 |    18465     8926     15 | 13.542 % |
|     664843 |     504     9058    55681 |    20312    16084     14 | 13.542 % |
|     997368 |     504     9058    55681 |    22343    20397     15 | 13.542 % |
|    1496156 |     504     9058    55681 |    24578    12616     13 | 13.542 % |
|    2244338 |     504     9058    55681 |    27036    16196     15 | 13.542 % |
|    3366612 |     504     9058    55681 |    29739    16917     13 | 13.542 % |
|    5050023 |     504     9058    55681 |    32713    20644     18 | 13.542 % |
|    7575139 |     504     9058    55681 |    35984    19007     13 | 13.542 % |
|   11362814 |     504     9058    55681 |    39583    25746     16 | 13.542 % |
|   17044326 |     504     9058    55681 |    43541    25372     17 | 13.542 % |
|   25566595 |     504     9058    55681 |    47895    32191     16 | 13.542 % |
|   38349998 |     504     9058    55681 |    52685    36276     16 | 13.542 % |
|   57525103 |     504     9058    55681 |    57954    46286     17 | 13.542 % |
===============================================================================
restarts              : 89721
conflicts             : 68327345       (20357 /sec)
decisions             : 84755676       (0.00 % random) (25252 /sec)
propagations          : 2185623009     (651170 /sec)
conflict literals     : 1223238553     (9.14 % deleted)
Memory used           : 93.00 MB
CPU time              : 3356.45 s

SATISFIABLE
