WARNING: for repeatability, setting FPU to use double precision
============================[ Problem Statistics ]=============================
|                                                                             |
|  Number of variables:           848                                         |
|  Number of clauses:           10804                                         |
|  Parse time:                   0.01 s                                       |
|  Eliminated clauses:           0.01 Mb                                      |
|  Simplification time:          0.03 s                                       |
|                                                                             |
=============================[ Search Statistics ]==============================
| Conflicts  |          ORIGINAL         |          LEARNT          | Progress |
|            |    Vars  Clauses Literals |    Limit  Clauses Lit/Cl |          |
================================================================================
|        100 |     560    10068    61882 |     3691      100     13 | 13.208 % |
|        250 |     560    10068    61882 |     4060      250     14 | 13.208 % |
|        475 |     560    10068    61882 |     4466      475     14 | 13.208 % |
|        812 |     560    10068    61882 |     4913      812     15 | 13.208 % |
|       1318 |     560    10068    61882 |     5404     1318     14 | 13.208 % |
|       2077 |     560    10068    61882 |     5945     2077     14 | 13.208 % |
|       3216 |     560    10068    61882 |     6539     3216     14 | 13.208 % |
|       4924 |     560    10068    61882 |     7193     4924     14 | 13.208 % |
|       7486 |     560    10068    61882 |     7913     3807     15 | 13.208 % |
|      11330 |     560    10068    61882 |     8704     7651     15 | 13.208 % |
|      17096 |     560    10068    61882 |     9575     8990     15 | 13.208 % |
|      25745 |     560    10068    61882 |    10532     7851     15 | 13.208 % |
|      38719 |     560    10068    61882 |    11585    10128     15 | 13.208 % |
|      58180 |     560    10068    61882 |    12744     5932     14 | 13.208 % |
|      87372 |     560    10068    61882 |    14018     9151     16 | 13.208 % |
|     131161 |     560    10068    61882 |    15420    10252     14 | 13.208 % |
|     196845 |     560    10068    61882 |    16962    13482     15 | 13.208 % |
|     295371 |     560    10068    61882 |    18659     9011     14 | 13.208 % |
|     443160 |     560    10068    61882 |    20524    14985     16 | 13.208 % |
|     664843 |     560    10068    61882 |    22577    18948     15 | 13.208 % |
|     997368 |     560    10068    61882 |    24835    20894     16 | 13.208 % |
|    1496156 |     560    10068    61882 |    27318    17995     14 | 13.208 % |
|    2244338 |     560    10068    61882 |    30050    14973     15 | 13.208 % |
|    3366612 |     560    10068    61882 |    33055    28412     15 | 13.208 % |
|    5050023 |     560    10068    61882 |    36361    15593     16 | 13.208 % |
|    7575139 |     560    10068    61882 |    39997    27028     20 | 13.208 % |
|   11362814 |     560    10068    61882 |    43997    33356     17 | 13.208 % |
|   17044326 |     560    10068    61882 |    48396    24986     15 | 13.208 % |
|   25566595 |     560    10068    61882 |    53236    44157     17 | 13.208 % |
|   38349998 |     560    10068    61882 |    58560    14600     17 | 13.208 % |
|   57525103 |     560    10068    61882 |    64416    23091     14 | 13.208 % |
===============================================================================
restarts              : 101879
conflicts             : 78895113       (19212 /sec)
decisions             : 98195782       (0.00 % random) (23912 /sec)
propagations          : 2572240365     (626386 /sec)
conflict literals     : 1433745595     (9.16 % deleted)
Memory used           : 110.00 MB
CPU time              : 4106.48 s

SATISFIABLE
