WARNING: for repeatability, setting FPU to use double precision
============================[ Problem Statistics ]=============================
|                                                                             |
|  Number of variables:          1008                                         |
|  Number of clauses:           12952                                         |
|  Parse time:                   0.01 s                                       |
|  Eliminated clauses:           0.01 Mb                                      |
|  Simplification time:          0.04 s                                       |
|                                                                             |
=============================[ Search Statistics ]==============================
| Conflicts  |          ORIGINAL         |          LEARNT          | Progress |
|            |    Vars  Clauses Literals |    Limit  Clauses Lit/Cl |          |
================================================================================
|        100 |     672    12088    74284 |     4432      100     14 | 12.699 % |
|        250 |     672    12088    74284 |     4875      250     14 | 12.699 % |
|        475 |     672    12088    74284 |     5363      475     14 | 12.699 % |
|        812 |     672    12088    74284 |     5899      812     14 | 12.699 % |
|       1318 |     672    12088    74284 |     6489     1318     15 | 12.699 % |
|       2077 |     672    12088    74284 |     7138     2077     14 | 12.699 % |
|       3216 |     672    12088    74284 |     7852     3216     15 | 12.699 % |
|       4924 |     672    12088    74284 |     8637     4924     15 | 12.699 % |
|       7486 |     672    12088    74284 |     9500     7486     15 | 12.699 % |
|      11330 |     672    12088    74284 |    10451     6514     15 | 12.699 % |
|      17096 |     672    12088    74284 |    11496     6943     15 | 12.699 % |
|      25745 |     672    12088    74284 |    12645     9742     15 | 12.699 % |
|      38719 |     672    12088    74284 |    13910     9851     14 | 12.699 % |
|      58180 |     672    12088    74284 |    15301     8034     14 | 12.699 % |
|      87372 |     672    12088    74284 |    16831    13972     15 | 12.699 % |
|     131161 |     672    12088    74284 |    18514    15073     14 | 12.699 % |
|     196845 |     672    12088    74284 |    20366    15161     17 | 12.699 % |
|     295371 |     672    12088    74284 |    22402    10543     14 | 12.699 % |
|     443160 |     672    12088    74284 |    24643    22475     17 | 12.699 % |
|     664843 |     672    12088    74284 |    27107    19434     15 | 12.699 % |
|     997368 |     672    12088    74284 |    29818    19622     16 | 12.699 % |
|    1496156 |     672    12088    74284 |    32799    16801     14 | 12.699 % |
|    2244338 |     672    12088    74284 |    36079    27719     17 | 12.699 % |
|    3366612 |     672    12088    74284 |    39687    31495     15 | 12.699 % |
|    5050023 |     672    12088    74284 |    43656    38998     16 | 12.699 % |
|    7575139 |     672    12088    74284 |    48022    31689     17 | 12.699 % |
|   11362814 |     672    12088    74284 |    52824    26088     15 | 12.699 % |
|   17044326 |     672    12088    74284 |    58106    42596     17 | 12.699 % |
|   25566595 |     672    12088    74284 |    63917    24620     14 | 12.699 % |
|   38349998 |     672    12088    74284 |    70309    17673     16 | 12.699 % |
|   57525103 |     672    12088    74284 |    77340    34855     15 | 12.699 % |
|   86287761 |     672    12088    74284 |    85074    58867     15 | 12.699 % |
|  129431749 |     672    12088    74284 |    93581    35966     15 | 12.699 % |
|  194147731 |     672    12088    74284 |   102940    39566     15 | 12.699 % |
===============================================================================
restarts              : 308727
conflicts             : 269193819      (12689 /sec)
decisions             : 328977910      (0.00 % random) (15507 /sec)
propagations          : 10524514586    (496096 /sec)
conflict literals     : 5064304562     (9.98 % deleted)
Memory used           : 235.00 MB
CPU time              : 21214.7 s

SATISFIABLE
