WARNING: for repeatability, setting FPU to use double precision
============================[ Problem Statistics ]=============================
|                                                                             |
|  Number of variables:           928                                         |
|  Number of clauses:           11878                                         |
|  Parse time:                   0.01 s                                       |
|  Eliminated clauses:           0.01 Mb                                      |
|  Simplification time:          0.04 s                                       |
|                                                                             |
=============================[ Search Statistics ]==============================
| Conflicts  |          ORIGINAL         |          LEARNT          | Progress |
|            |    Vars  Clauses Literals |    Limit  Clauses Lit/Cl |          |
================================================================================
|        100 |     616    11078    68083 |     4061      100     12 | 12.931 % |
|        250 |     616    11078    68083 |     4468      250     13 | 12.931 % |
|        475 |     616    11078    68083 |     4914      475     14 | 12.931 % |
|        812 |     616    11078    68083 |     5406      812     14 | 12.931 % |
|       1318 |     616    11078    68083 |     5947     1318     14 | 12.931 % |
|       2077 |     616    11078    68083 |     6541     2077     15 | 12.931 % |
|       3216 |     616    11078    68083 |     7195     3216     15 | 12.931 % |
|       4924 |     616    11078    68083 |     7915     4924     15 | 12.931 % |
|       7486 |     616    11078    68083 |     8707     7486     15 | 12.931 % |
|      11330 |     616    11078    68083 |     9577     6737     15 | 12.931 % |
|      17096 |     616    11078    68083 |    10535     7608     15 | 12.931 % |
|      25745 |     616    11078    68083 |    11589     5534     14 | 12.931 % |
|      38719 |     616    11078    68083 |    12748     6710     15 | 12.931 % |
|      58180 |     616    11078    68083 |    14022     6801     14 | 12.931 % |
|      87372 |     616    11078    68083 |    15425     7487     14 | 12.931 % |
|     131161 |     616    11078    68083 |    16967    12225     14 | 12.931 % |
|     196845 |     616    11078    68083 |    18664     8998     15 | 12.931 % |
|     295371 |     616    11078    68083 |    20530    13035     14 | 12.931 % |
|     443160 |     616    11078    68083 |    22584    15417     15 | 12.931 % |
|     664843 |     616    11078    68083 |    24842    20277     15 | 12.931 % |
|     997368 |     616    11078    68083 |    27326    13741     15 | 12.931 % |
|    1496156 |     616    11078    68083 |    30059    22823     15 | 12.931 % |
|    2244338 |     616    11078    68083 |    33065    15417     15 | 12.931 % |
|    3366612 |     616    11078    68083 |    36371    19017     13 | 12.931 % |
|    5050023 |     616    11078    68083 |    40008    18017     20 | 12.931 % |
|    7575139 |     616    11078    68083 |    44009    13594     14 | 12.931 % |
|   11362814 |     616    11078    68083 |    48410    43239     16 | 12.931 % |
|   17044326 |     616    11078    68083 |    53251    47560     19 | 12.931 % |
|   25566595 |     616    11078    68083 |    58577    46012     16 | 12.931 % |
|   38349998 |     616    11078    68083 |    64434    56880     18 | 12.931 % |
|   57525103 |     616    11078    68083 |    70878    43893     17 | 12.931 % |
|   86287761 |     616    11078    68083 |    77966    39739     15 | 12.931 % |
===============================================================================
restarts              : 146422
conflicts             : 120831858      (16529 /sec)
decisions             : 149470117      (0.00 % random) (20446 /sec)
propagations          : 4255733842     (582141 /sec)
conflict literals     : 2217792754     (9.73 % deleted)
Memory used           : 150.00 MB
CPU time              : 7310.48 s

SATISFIABLE
