WARNING: for repeatability, setting FPU to use double precision
============================[ Problem Statistics ]=============================
|                                                                             |
|  Number of variables:           608                                         |
|  Number of clauses:            7582                                         |
|  Parse time:                   0.00 s                                       |
|  Eliminated clauses:           0.01 Mb                                      |
|  Simplification time:          0.02 s                                       |
|                                                                             |
=============================[ Search Statistics ]==============================
| Conflicts  |          ORIGINAL         |          LEARNT          | Progress |
|            |    Vars  Clauses Literals |    Limit  Clauses Lit/Cl |          |
================================================================================
|        100 |     392     7038    43279 |     2580      100     13 | 14.474 % |
|        250 |     392     7038    43279 |     2838      250     13 | 14.474 % |
|        475 |     392     7038    43279 |     3122      475     13 | 14.474 % |
|        812 |     392     7038    43279 |     3434      812     14 | 14.474 % |
|       1318 |     392     7038    43279 |     3778     1318     14 | 14.474 % |
|       2077 |     392     7038    43279 |     4156     2077     14 | 14.474 % |
|       3216 |     392     7038    43279 |     4571     3216     14 | 14.474 % |
|       4924 |     392     7038    43279 |     5028     2557     14 | 14.474 % |
|       7486 |     392     7038    43279 |     5531     5119     14 | 14.474 % |
|      11330 |     392     7038    43279 |     6084     3270     13 | 14.474 % |
|      17096 |     392     7038    43279 |     6693     5885     15 | 14.474 % |
|      25745 |     392     7038    43279 |     7362     4296     14 | 14.474 % |
|      38719 |     392     7038    43279 |     8099     5971     15 | 14.474 % |
|      58180 |     392     7038    43279 |     8908     4797     14 | 14.474 % |
|      87372 |     392     7038    43279 |     9799     6748     15 | 14.474 % |
|     131161 |     392     7038    43279 |    10779     5777     14 | 14.474 % |
|     196845 |     392     7038    43279 |    11857     5849     15 | 14.474 % |
|     295371 |     392     7038    43279 |    13043     8278     14 | 14.474 % |
|     443160 |     392     7038    43279 |    14347    10794     15 | 14.474 % |
|     664843 |     392     7038    43279 |    15782     7707     14 | 14.474 % |
|     997368 |     392     7038    43279 |    17360    13359     16 | 14.474 % |
|    1496156 |     392     7038    43279 |    19097    13061     14 | 14.474 % |
|    2244338 |     392     7038    43279 |    21006    10543     17 | 14.474 % |
|    3366612 |     392     7038    43279 |    23107    11251     13 | 14.474 % |
|    5050023 |     392     7038    43279 |    25418    19851     17 | 14.474 % |
|    7575139 |     392     7038    43279 |    27960    24377     17 | 14.474 % |
|   11362814 |     392     7038    43279 |    30756    25055     16 | 14.474 % |
===============================================================================
restarts              : 20469
conflicts             : 13531778       (32354 /sec)
decisions             : 17170711       (0.00 % random) (41054 /sec)
propagations          : 350689603      (838474 /sec)
conflict literals     : 229455512      (8.56 % deleted)
Memory used           : 35.00 MB
CPU time              : 418.247 s

SATISFIABLE
