WARNING: for repeatability, setting FPU to use double precision
============================[ Problem Statistics ]=============================
|                                                                             |
|  Number of variables:          1328                                         |
|  Number of clauses:           17248                                         |
|  Parse time:                   0.01 s                                       |
|  Eliminated clauses:           0.01 Mb                                      |
|  Simplification time:          0.06 s                                       |
|                                                                             |
=============================[ Search Statistics ]==============================
| Conflicts  |          ORIGINAL         |          LEARNT          | Progress |
|            |    Vars  Clauses Literals |    Limit  Clauses Lit/Cl |          |
================================================================================
|        100 |     896    16128    99088 |     5913      100     17 | 12.048 % |
|        250 |     896    16128    99088 |     6504      250     14 | 12.048 % |
|        475 |     896    16128    99088 |     7155      475     15 | 12.048 % |
|        812 |     896    16128    99088 |     7871      812     14 | 12.048 % |
|       1318 |     896    16128    99088 |     8658     1318     15 | 12.048 % |
|       2077 |     896    16128    99088 |     9523     2077     15 | 12.048 % |
|       3216 |     896    16128    99088 |    10476     3216     15 | 12.048 % |
|       4924 |     896    16128    99088 |    11523     4924     15 | 12.048 % |
|       7486 |     896    16128    99088 |    12676     7486     15 | 12.048 % |
|      11330 |     896    16128    99088 |    13943    11330     15 | 12.048 % |
|      17096 |     896    16128    99088 |    15338    10011     14 | 12.048 % |
|      25745 |     896    16128    99088 |    16872    10864     14 | 12.048 % |
|      38719 |     896    16128    99088 |    18559    15290     14 | 12.048 % |
|      58180 |     896    16128    99088 |    20415    15772     14 | 12.048 % |
|      87372 |     896    16128    99088 |    22456    13984     16 | 12.048 % |
|     131161 |     896    16128    99088 |    24702    12435     14 | 12.048 % |
|     196845 |     896    16128    99088 |    27172    15663     15 | 12.048 % |
|     295371 |     896    16128    99088 |    29890    15806     14 | 12.048 % |
|     443160 |     896    16128    99088 |    32879    20996     15 | 12.048 % |
|     664843 |     896    16128    99088 |    36167    15774     15 | 12.048 % |
|     997368 |     896    16128    99088 |    39783    23494     16 | 12.048 % |
|    1496156 |     896    16128    99088 |    43762    16806     13 | 12.048 % |
|    2244338 |     896    16128    99088 |    48138    42878     16 | 12.048 % |
|    3366612 |     896    16128    99088 |    52952    26290     14 | 12.048 % |
|    5050023 |     896    16128    99088 |    58247    25629     20 | 12.048 % |
|    7575139 |     896    16128    99088 |    64072    40307     17 | 12.048 % |
|   11362814 |     896    16128    99088 |    70479    22575     17 | 12.048 % |
|   17044326 |     896    16128    99088 |    77527    49380     16 | 12.048 % |
|   25566595 |     896    16128    99088 |    85279    23572     16 | 12.048 % |
|   38349998 |     896    16128    99088 |    93807    66812     16 | 12.048 % |
|   57525103 |     896    16128    99088 |   103188    39615     16 | 12.048 % |
|   86287761 |     896    16128    99088 |   113507    70640     15 | 12.048 % |
|  129431749 |     896    16128    99088 |   124858    70028     19 | 12.048 % |
===============================================================================
restarts              : 193593
conflicts             : 155897874      (14029 /sec)
decisions             : 199835301      (0.00 % random) (17983 /sec)
propagations          : 5603142556     (504235 /sec)
conflict literals     : 2902164308     (9.35 % deleted)
Memory used           : 246.00 MB
CPU time              : 11112.2 s

SATISFIABLE
