rn rc t sat cfs dec rts r1 mem ptime stime cfl r s
188 652 0.002999 1 146 174 2 5772 8.00 0.00 0.00 1244 1 1
188 652 0.005999 1 308 347 3 13748 8.00 0.00 0.00 2180 1 2
188 652 0.005999 1 354 402 3 15908 8.00 0.00 0.00 2449 1 3
188 652 0.004999 1 243 285 3 11137 8.00 0.00 0.00 1669 1 4
188 652 0.002999 1 193 226 2 8391 8.00 0.00 0.00 1411 1 5
188 652 0.004999 1 251 280 3 10895 8.00 0.00 0.00 1921 1 6
188 652 0.002999 1 32 41 1 1029 8.00 0.00 0.00 278 1 7
188 652 0.002999 1 94 108 1 3210 8.00 0.00 0.00 770 1 8
188 652 0.001999 1 96 105 1 4104 8.00 0.00 0.00 807 1 9
188 652 0.001999 1 109 134 2 4722 8.00 0.00 0.00 892 1 10
188 652 0.004999 1 235 284 3 9193 8.00 0.00 0.00 1781 1 11
188 652 0.005999 1 210 250 3 9138 8.00 0.00 0.00 1570 1 12
188 652 0.000999 1 34 42 1 1245 8.00 0.00 0.00 341 1 13
188 652 0.005999 1 363 400 3 14906 8.00 0.00 0.00 2841 1 14
188 652 0.004999 1 227 267 3 7356 8.00 0.00 0.00 1787 1 15
188 652 0.003999 1 232 271 3 11382 8.00 0.00 0.00 1676 1 16
188 652 0.003999 1 266 297 3 11405 8.00 0.00 0.00 2032 1 17
188 652 0.003999 1 112 135 2 4819 8.00 0.00 0.00 896 1 18
188 652 0.002999 1 37 49 1 1539 8.00 0.00 0.00 351 1 19
188 652 0.003999 1 240 274 3 10199 8.00 0.00 0.00 1779 1 20
328 1240 0.044993 1 3024 3549 15 182123 8.00 0.00 0.00 35481 2 1
328 1240 0.201969 1 14110 16419 61 894969 8.00 0.00 0.00 156636 2 2
328 1240 0.010998 1 449 556 4 27196 8.00 0.00 0.00 5857 2 3
328 1240 0.068989 1 4753 5547 25 305560 8.00 0.00 0.00 55468 2 4
328 1240 0.227965 1 15526 16761 62 1037858 8.00 0.00 0.00 178496 2 5
328 1240 0.160975 1 11140 12134 46 734555 8.00 0.00 0.00 135899 2 6
328 1240 0.06199 1 3948 4398 21 262867 8.00 0.00 0.00 50556 2 7
328 1240 0.013997 1 518 606 5 35156 8.00 0.00 0.00 7451 2 8
328 1240 0.038994 1 2453 2775 15 158374 8.00 0.00 0.00 32335 2 9
328 1240 0.033994 1 2040 2323 14 123988 8.00 0.00 0.00 26903 2 10
328 1240 0.178972 1 11747 12672 51 792166 8.00 0.00 0.00 143404 2 11
328 1240 0.026995 1 1593 1805 10 100416 8.00 0.00 0.00 21034 2 12
328 1240 0.06399 1 4485 4998 23 284196 8.00 0.00 0.00 55405 2 13
328 1240 0.072988 1 4991 5529 27 330441 8.00 0.00 0.00 61500 2 14
328 1240 0.134979 1 9207 10118 38 611023 8.00 0.00 0.00 113299 2 15
328 1240 0.035994 1 2162 2486 14 133132 8.00 0.00 0.00 30067 2 16
328 1240 0.047992 1 2775 3192 15 186724 8.00 0.00 0.00 33965 2 17
328 1240 0.318951 1 20822 22287 73 1408700 8.00 0.00 0.00 243450 2 18
328 1240 0.076988 1 5323 5916 29 347518 8.00 0.00 0.00 66858 2 19
328 1240 0.011998 1 657 810 6 37621 8.00 0.00 0.00 8854 2 20
468 1828 0.723889 1 24865 27366 93 3593620 8.00 0.00 0.00 417385 3 1
468 1828 1.52777 1 50865 54922 157 7530537 8.00 0.00 0.00 870741 3 2
468 1828 1.06384 1 38354 42009 126 5245430 8.00 0.00 0.00 663051 3 3
468 1828 0.019996 1 598 815 5 72398 8.00 0.00 0.00 10805 3 4
468 1828 2.11168 1 69034 74115 216 10354735 8.00 0.00 0.00 1156660 3 5
468 1828 1.09483 1 36784 39628 126 5456638 8.00 0.00 0.00 616561 3 6
468 1828 0.246962 1 8836 9880 38 1237495 8.00 0.00 0.00 149967 3 7
468 1828 4.64429 1 147714 157899 385 22084003 8.00 0.00 0.00 2425373 3 8
468 1828 1.65975 1 56230 60390 175 8151211 8.00 0.00 0.00 906990 3 9
468 1828 0.435933 1 15513 16904 62 2213926 8.00 0.00 0.00 261747 3 10
468 1828 1.83072 1 61763 66525 190 8978717 8.00 0.00 0.00 986229 3 11
468 1828 0.169974 1 6298 7109 30 861390 8.00 0.00 0.00 110250 3 12
468 1828 10.2714 1 348564 373149 828 46236148 8.00 0.00 0.00 5388703 3 13
468 1828 0.041993 1 1472 1824 10 176150 8.00 0.00 0.00 25336 3 14
468 1828 1.37079 1 46497 50631 138 6613171 8.00 0.00 0.00 779920 3 15
468 1828 0.506922 1 17637 19201 63 2626462 8.00 0.00 0.00 301062 3 16
468 1828 1.20682 1 42474 46428 127 5963057 8.00 0.00 0.00 719347 3 17
468 1828 0.317951 1 11600 13094 49 1578256 8.00 0.00 0.00 199575 3 18
468 1828 1.51077 1 53553 58755 164 7354193 8.00 0.00 0.00 879679 3 19
468 1828 1.63275 1 50877 54519 157 7890746 8.00 0.00 0.00 862427 3 20
608 2416 12.8231 1 263125 281509 633 57783485 8.00 0.00 0.00 4545345 4 1
608 2416 3.45147 1 79923 88344 252 16262597 8.00 0.00 0.00 1404851 4 2
608 2416 0.267959 1 6219 7105 30 1327426 8.00 0.00 0.00 112476 4 3
608 2416 0.108983 1 2573 3051 15 526418 8.00 0.00 0.00 43172 4 4
608 2416 3.33349 1 80586 89595 253 16345443 8.00 0.00 0.00 1472094 4 5
608 2416 0.136979 1 3458 4152 18 704612 8.00 0.00 0.00 63834 4 6
608 2416 4.35134 1 94780 102468 255 20712503 8.00 0.00 0.00 1629667 4 7
608 2416 0.781881 1 18935 21202 63 3849948 8.00 0.00 0.00 326590 4 8
608 2416 1.20382 1 26421 29131 94 5939342 8.00 0.00 0.00 453602 4 9
608 2416 0.616906 1 13486 14970 60 2990390 8.00 0.00 0.00 238947 4 10
608 2416 9.05762 1 184621 198512 508 41956254 8.00 0.00 0.00 3068395 4 11
608 2416 0.967852 1 22113 24338 78 4720384 8.00 0.00 0.00 376930 4 12
608 2416 1.50677 1 37874 42211 126 7427959 8.00 0.00 0.00 692038 4 13
608 2416 3.82942 1 89919 98530 255 18770180 8.00 0.00 0.00 1589068 4 14
608 2416 4.25335 1 91710 99831 255 19723942 8.00 0.00 0.00 1603749 4 15
608 2416 0.750885 1 18898 21175 63 3606371 8.00 0.00 0.00 331503 4 16
608 2416 1.60476 1 36828 40488 126 7863528 8.00 0.00 0.00 638903 4 17
608 2416 2.6336 1 58078 63464 186 12533620 8.00 0.00 0.00 998353 4 18
608 2416 1.06984 1 23505 25956 85 5305234 8.00 0.00 0.00 395355 4 19
608 2416 10.0215 1 206283 221609 511 46129823 8.00 0.00 0.00 3393748 4 20
748 3004 15.7566 1 263386 284345 634 73081045 8.00 0.00 0.00 4294222 5 1
748 3004 0.351946 1 6372 7422 30 1770613 8.00 0.00 0.00 100114 5 2
748 3004 1.58276 1 28031 31324 100 7780519 8.00 0.00 0.00 475260 5 3
748 3004 1.61675 1 26910 29775 94 8134311 8.00 0.00 0.00 423684 5 4
748 3004 1.64475 1 27573 30493 97 8231359 8.00 0.00 0.00 451715 5 5
748 3004 0.809876 1 15355 17310 62 4087642 8.00 0.00 0.00 257414 5 6
748 3004 2.19267 1 37363 41018 126 10848545 8.00 0.00 0.00 622687 5 7
748 3004 0.777881 1 15131 17593 62 3944590 8.00 0.00 0.00 274643 5 8
748 3004 2.53561 1 47884 53645 142 12505510 8.00 0.00 0.00 834068 5 9
748 3004 0.310952 1 7156 8480 31 1561725 8.00 0.00 0.00 114139 5 10
748 3004 0.78288 1 14385 16429 61 3932233 8.00 0.00 0.00 247062 5 11
748 3004 8.44871 1 141424 154631 382 39697401 8.00 0.00 0.00 2370256 5 12
748 3004 1.22481 1 19962 21999 69 6110671 8.00 0.00 0.00 346575 5 13
748 3004 0.770882 1 14397 16375 61 3788536 8.00 0.00 0.00 239193 5 14
748 3004 8.96964 1 153468 166745 412 41851335 8.00 0.00 0.00 2558461 5 15
748 3004 4.5723 1 76599 83868 244 22331907 8.00 0.00 0.01 1251854 5 16
748 3004 1.10483 1 17809 19729 63 5529553 8.00 0.00 0.00 297923 5 17
748 3004 4.07238 1 71668 78436 221 19506312 8.00 0.00 0.00 1207879 5 18
748 3004 0.997848 1 17984 20172 63 4892117 8.00 0.00 0.00 303586 5 19
748 3004 11.1383 1 202396 223319 510 50964906 8.00 0.00 0.00 3501193 5 20
888 3592 0.800878 1 12559 14886 55 4293261 8.00 0.00 0.00 201654 6 1
888 3592 6.47802 1 89846 98152 255 31338063 8.00 0.00 0.00 1508854 6 2
888 3592 1.78973 1 24966 27883 93 9213915 8.00 0.00 0.00 394342 6 3
888 3592 2.41663 1 38077 43462 126 12349380 8.00 0.00 0.00 603199 6 4
888 3592 5.2242 1 69223 76053 218 25246225 8.00 0.00 0.00 1154572 6 5
888 3592 5.34419 1 91541 103761 255 26081139 8.00 0.00 0.00 1571088 6 6
888 3592 6.19406 1 87234 95129 254 29850432 8.00 0.00 0.00 1437196 6 7
888 3592 5.2342 1 76762 85592 246 25753016 8.00 0.00 0.00 1325152 6 8
888 3592 0.071989 1 1406 2011 10 315293 8.00 0.00 0.00 23442 6 9
888 3592 3.09153 1 47156 53136 141 15790966 8.00 0.00 0.00 751182 6 10
888 3592 3.65744 1 52720 58878 158 18518809 8.00 0.00 0.00 843974 6 11
888 3592 1.14882 1 20558 23873 72 5668874 8.00 0.00 0.00 371750 6 12
888 3592 14.5488 1 211490 232518 511 67203720 8.00 0.00 0.00 3549962 6 13
888 3592 2.46462 1 36461 41235 126 12283536 8.00 0.00 0.00 635500 6 14
888 3592 0.266959 1 4212 5151 22 1391089 8.00 0.00 0.00 63564 6 15
888 3592 1.12783 1 16739 18959 63 5713401 8.00 0.00 0.00 289937 6 16
888 3592 1.74573 1 25008 28296 93 8829759 8.00 0.00 0.00 405073 6 17
888 3592 1.61675 1 21629 24130 77 8333673 8.00 0.00 0.00 347728 6 18
888 3592 2.46362 1 33383 37433 124 12225689 8.00 0.00 0.00 548812 6 19
888 3592 4.77127 1 74302 83471 235 23509363 8.00 0.00 0.00 1242397 6 20
1028 4180 1.2828 1 16646 19480 63 6663001 8.00 0.00 0.01 272582 7 1
1028 4180 0.966853 1 11283 13314 47 4850588 8.00 0.00 0.00 182213 7 2
1028 4180 7.68883 1 95869 106234 255 38531017 8.00 0.00 0.00 1571515 7 3
1028 4180 2.08268 1 21423 24037 77 10840081 8.00 0.00 0.00 303999 7 4
1028 4180 2.27465 1 31258 36264 115 11170634 8.00 0.00 0.00 515333 7 5
1028 4180 15.7766 1 212129 238104 511 75274789 8.00 0.00 0.01 3482645 7 6
1028 4180 0.081987 1 1915 2796 13 347039 8.00 0.00 0.01 30904 7 7
1028 4180 3.88841 1 45053 50510 129 19452934 8.00 0.00 0.00 702162 7 8
1028 4180 8.27774 1 85974 92971 254 41865518 8.00 0.00 0.01 1310341 7 9
1028 4180 0.781881 1 8648 10386 37 4133887 8.00 0.00 0.00 119295 7 10
1028 4180 12.868 1 135398 146994 378 61836528 8.00 0.00 0.00 2101272 7 11
1028 4180 2.75558 1 30865 34628 113 13956122 8.00 0.00 0.01 467998 7 12
1028 4180 3.05553 1 42935 49429 127 15032850 8.00 0.00 0.00 728687 7 13
1028 4180 0.962853 1 12388 15015 53 4993995 8.00 0.00 0.00 198140 7 14
1028 4180 0.894863 1 11205 13433 46 4604982 8.00 0.00 0.00 168973 7 15
1028 4180 3.36249 1 40721 45898 127 17588302 8.00 0.00 0.00 626897 7 16
1028 4180 8.5807 1 106666 118390 277 43747404 8.00 0.00 0.00 1754089 7 17
1028 4180 0.533918 1 7210 8902 31 2785573 8.00 0.00 0.00 110730 7 18
1028 4180 4.37134 1 61644 71007 190 21332764 8.00 0.00 0.00 1016676 7 19
1028 4180 2.02769 1 20620 23084 72 10580489 8.00 0.00 0.00 283598 7 20
1168 4768 4.19436 1 39864 45381 127 21527552 8.00 0.00 0.00 604224 8 1
1168 4768 7.55785 1 69922 77581 220 38698800 8.00 0.00 0.00 1021215 8 2
1168 4768 2.54161 1 30067 35305 109 12721041 8.00 0.00 0.00 499803 8 3
1168 4768 3.07053 1 33136 37851 124 16252373 8.00 0.00 0.00 564516 8 4
1168 4768 28.5267 1 279459 306042 659 142762980 8.00 0.00 0.01 4033096 8 5
1168 4768 2.10668 1 23369 27273 85 11184749 8.00 0.00 0.00 348484 8 6
1168 4768 2.18567 1 21724 25085 78 10924964 8.00 0.00 0.01 365719 8 7
1168 4768 2.86156 1 30138 34925 109 14715994 8.00 0.00 0.01 475383 8 8
1168 4768 10.2864 1 109999 121314 286 52023446 8.00 0.00 0.00 1747265 8 9
1168 4768 0.119981 1 2576 4075 15 540013 8.00 0.00 0.00 45193 8 10
1168 4768 1.79773 1 19581 23103 66 9485709 8.00 0.00 0.00 307920 8 11
1168 4768 1.92371 1 21933 26410 78 9726788 8.00 0.00 0.01 386816 8 12
1168 4768 1.93871 1 20303 23880 70 10198540 8.00 0.00 0.00 294931 8 13
1168 4768 1.66975 1 18514 21833 63 8792138 8.00 0.00 0.00 297277 8 14
1168 4768 0.363944 1 4331 6003 22 1801063 8.00 0.00 0.00 63979 8 15
1168 4768 15.1367 1 147496 160657 383 76731795 8.00 0.00 0.00 2127457 8 16
1168 4768 21.8697 1 218235 239097 511 108869492 8.00 0.00 0.00 3265861 8 17
1168 4768 29.2815 1 257742 277056 605 138842877 8.00 0.00 0.00 3927297 8 18
1168 4768 5.60115 1 68256 77665 212 27355597 8.00 0.00 0.00 1157176 8 19
1168 4768 10.0485 1 107778 119020 284 51534431 8.00 0.00 0.00 1615867 8 20
1308 5356 2.46462 1 24220 28511 90 12958444 8.00 0.00 0.00 389981 9 1
1308 5356 3.07553 1 22748 26097 81 16616756 8.00 0.00 0.00 284411 9 2
1308 5356 5.03223 1 47963 54707 142 26555982 8.00 0.00 0.00 751115 9 3
1308 5356 22.3866 1 225902 252235 511 107704674 8.00 0.00 0.00 3784877 9 4
1308 5356 0.19597 1 3073 4991 15 898288 8.00 0.01 0.00 48746 9 5
1308 5356 2.48462 1 24746 29431 92 12944227 8.00 0.00 0.00 407286 9 6
1308 5356 6.12807 1 58417 66138 187 32251637 8.00 0.00 0.00 897551 9 7
1308 5356 2.54861 1 24427 29622 91 13346192 8.00 0.00 0.00 401852 9 8
1308 5356 17.1734 1 152568 168524 410 87936190 8.00 0.00 0.00 2275085 9 9
1308 5356 0.838872 1 8942 11857 38 4230669 8.00 0.00 0.00 140457 9 10
1308 5356 3.59445 1 33750 39280 125 17707649 8.00 0.00 0.01 557218 9 11
1308 5356 0.343947 1 3677 5730 19 1723561 8.00 0.00 0.01 54401 9 12
1308 5356 2.31265 1 21744 26603 78 11942173 8.00 0.00 0.01 348129 9 13
1308 5356 13.025 1 120287 133845 318 68127174 8.00 0.00 0.01 1820370 9 14
1308 5356 3.9154 1 30569 34758 110 20770012 8.00 0.00 0.00 397694 9 15
1308 5356 10.0225 1 93510 106736 255 47334530 8.00 0.00 0.01 1527938 9 16
1308 5356 3.10553 1 28935 34258 105 16335901 8.00 0.00 0.00 444824 9 17
1308 5356 6.27705 1 57567 65087 183 30528383 8.00 0.00 0.00 943519 9 18
1308 5356 11.0433 1 111214 125872 292 53221470 8.00 0.00 0.00 1856872 9 19
1308 5356 1.09383 1 11902 15218 52 5677809 8.00 0.00 0.00 197171 9 20
1448 5944 6.48501 1 49430 56154 151 34097444 9.00 0.00 0.00 714024 10 1
1448 5944 3.53146 1 23690 27250 86 18916983 9.00 0.00 0.01 310911 10 2
1448 5944 2.13767 1 17838 22201 63 11174399 9.00 0.00 0.01 290683 10 3
1448 5944 1.9657 1 13973 17233 61 10571966 9.00 0.00 0.00 182994 10 4
1448 5944 4.92825 1 39649 46009 127 24193443 9.00 0.00 0.01 645200 10 5
1448 5944 1.68374 1 14403 17669 61 8850479 9.00 0.00 0.00 231484 10 6
1448 5944 1.82972 1 16891 21240 63 9658496 9.00 0.01 0.00 273526 10 7
1448 5944 15.1917 1 121798 135413 319 73698185 9.00 0.00 0.01 1929539 10 8
1448 5944 13.252 1 105573 117320 270 68968784 9.00 0.01 0.01 1589201 10 9
1448 5944 0.077988 1 2274 4309 14 345761 9.00 0.00 0.00 40901 10 10
1448 5944 0.879866 1 6809 8959 31 4642560 9.00 0.00 0.01 92138 10 11
1448 5944 1.24381 1 11354 15027 48 6347028 9.00 0.00 0.00 170418 10 12
1448 5944 1.38979 1 13034 16712 58 7334886 9.00 0.00 0.01 211160 10 13
1448 5944 22.2036 1 193190 216753 510 107504599 9.00 0.00 0.00 3189035 10 14
1448 5944 13.365 1 107994 120664 284 67696773 9.00 0.01 0.01 1672186 10 15
1448 5944 7.71283 1 63452 71662 190 40338389 9.00 0.00 0.01 993446 10 16
1448 5944 9.98048 1 75549 84862 239 50466984 9.00 0.00 0.01 1206203 10 17
1448 5944 9.96848 1 79409 88895 252 51601008 9.00 0.00 0.01 1248606 10 18
1448 5944 8.06477 1 58118 64899 186 42847835 9.00 0.00 0.00 797525 10 19
1448 5944 5.34819 1 50635 59050 157 26249169 9.00 0.00 0.01 888439 10 20
1588 6532 23.6174 1 152697 167995 411 115306677 9.00 0.00 0.01 2317102 11 1
1588 6532 11.3123 1 83341 94736 253 55470730 9.00 0.01 0.01 1461166 11 2
1588 6532 17.0774 1 121634 135031 318 90107890 9.00 0.00 0.01 1747790 11 3
1588 6532 1.75573 1 13755 17551 61 9002583 9.00 0.00 0.01 217518 11 4
1588 6532 1.27581 1 9153 12482 38 6674318 9.00 0.00 0.01 122729 11 5
1588 6532 0.39294 1 5258 8947 29 1844209 9.00 0.00 0.01 103174 11 6
1588 6532 3.69444 1 22881 27231 82 19648629 9.00 0.00 0.01 282160 11 7
1588 6532 6.97194 1 58659 66755 188 34315260 9.00 0.00 0.01 947045 11 8
1588 6532 1.55476 1 14135 18845 61 7973135 9.00 0.00 0.01 232254 11 9
1588 6532 1.12783 1 10115 13465 45 5603306 9.00 0.00 0.00 166782 11 10
1588 6532 0.349946 1 6098 9545 30 1552259 9.00 0.00 0.01 119286 11 11
1588 6532 3.65244 1 32510 39787 123 17916179 9.00 0.00 0.01 556055 11 12
1588 6532 1.37379 1 12698 17475 56 7021176 9.00 0.00 0.01 208431 11 13
1588 6532 0.608907 1 5842 8863 30 2992752 9.00 0.00 0.01 95315 11 14
1588 6532 1.89171 1 16944 21585 63 9837008 9.00 0.00 0.00 279488 11 15
1588 6532 2.75258 1 22233 27588 78 14140838 9.00 0.00 0.01 359604 11 16
1588 6532 23.2225 1 161517 178781 443 117132819 9.00 0.00 0.01 2526882 11 17
1588 6532 2.05769 1 15336 19339 62 10714792 9.00 0.00 0.01 222070 11 18
1588 6532 17.8563 1 146161 166969 382 86207078 9.00 0.00 0.00 2312587 11 19
1588 6532 21.8287 1 131627 142150 362 114820446 9.00 0.00 0.01 1670142 11 20
1728 7120 1.64475 1 13190 18295 59 8478078 9.00 0.00 0.01 214764 12 1
1728 7120 7.2479 1 49061 57369 149 37873314 9.00 0.00 0.01 737451 12 2
1728 7120 2.99954 1 22309 27800 78 15620069 9.00 0.00 0.00 372116 12 3
1728 7120 12.6881 1 83195 94117 253 61192760 9.00 0.01 0.01 1366541 12 4
1728 7120 4.99924 1 36113 43140 126 25991226 9.00 0.00 0.01 578242 12 5
1728 7120 5.06023 1 28609 34554 103 26670461 9.00 0.01 0.01 398917 12 6
1728 7120 4.07938 1 25692 31545 94 20953454 9.00 0.00 0.01 383804 12 7
1728 7120 6.27604 1 42647 50007 127 32441272 9.00 0.01 0.01 661408 12 8
1728 7120 2.28965 1 17174 21994 63 11504258 9.00 0.00 0.01 272481 12 9
1728 7120 14.7698 1 97417 108852 255 74394111 9.00 0.01 0.01 1490936 12 10
1728 7120 6.61199 1 45046 53140 129 34665665 9.00 0.00 0.01 708681 12 11
1728 7120 4.6003 1 30713 37315 112 23852406 9.00 0.00 0.01 467340 12 12
1728 7120 7.66183 1 52674 61909 158 39049693 9.00 0.01 0.00 904768 12 13
1728 7120 0.695894 1 6976 10797 31 3416364 9.00 0.00 0.01 128091 12 14
1728 7120 2.6006 1 20019 25951 69 13409781 9.00 0.01 0.01 321327 12 15
1728 7120 1.90871 1 13152 17755 59 9974083 9.00 0.00 0.00 189209 12 16
1728 7120 2.04869 1 15608 20808 62 10691919 9.00 0.00 0.01 246085 12 17
1728 7120 14.3748 1 92103 104675 255 74735853 9.00 0.00 0.01 1436050 12 18
1728 7120 2.34864 1 15040 18727 62 12397893 9.00 0.01 0.01 214531 12 19
1728 7120 6.02208 1 31357 35630 116 32494759 9.00 0.00 0.01 381933 12 20
1868 7708 2.52761 1 17836 23622 63 12248463 9.00 0.00 0.01 302070 13 1
1868 7708 3.89641 1 26733 34266 94 20040976 9.00 0.00 0.01 431451 13 2
1868 7708 1.11483 1 9515 13589 41 5292733 9.00 0.00 0.01 161601 13 3
1868 7708 4.93725 1 30250 36068 109 25860066 9.00 0.00 0.01 488347 13 4
1868 7708 0.950855 1 8703 13340 37 4487228 9.00 0.01 0.01 163155 13 5
1868 7708 8.11976 1 38571 43673 127 42519622 9.00 0.00 0.01 478203 13 6
1868 7708 1.01984 1 12307 18595 53 4655166 9.00 0.00 0.01 286468 13 7
1868 7708 1.36979 1 10585 15482 46 6870337 9.00 0.00 0.01 160439 13 8
1868 7708 3.04954 1 19102 23653 63 15335922 9.00 0.00 0.01 293534 13 9
1868 7708 2.45663 1 15618 20723 62 11992789 9.00 0.01 0.01 247203 13 10
1868 7708 1.02384 1 8917 13774 38 5057965 9.00 0.01 0.01 152415 13 11
1868 7708 3.20151 1 21885 27766 78 16310691 9.00 0.00 0.01 351151 13 12
1868 7708 4.99624 1 32692 39875 123 25731710 9.00 0.00 0.01 532000 13 13
1868 7708 3.2965 1 26894 33444 94 15351237 9.00 0.00 0.01 516309 13 14
1868 7708 5.69513 1 30713 36762 112 28905227 9.00 0.01 0.01 422002 13 15
1868 7708 5.87011 1 38880 46348 127 29986992 9.00 0.00 0.00 623650 13 16
1868 7708 7.9138 1 60012 71629 189 38362691 9.00 0.01 0.01 1034713 13 17
1868 7708 8.20975 1 48440 56763 145 42896394 9.00 0.00 0.01 719686 13 18
1868 7708 5.9161 1 28956 34633 105 31655754 9.00 0.00 0.01 368589 13 19
1868 7708 2.28565 1 14536 19300 62 11767352 9.00 0.00 0.01 221880 13 20
2008 8296 5.9081 1 33109 39971 124 28681349 9.00 0.00 0.01 547754 14 1
2008 8296 2.35664 1 16306 22618 63 11353734 9.00 0.01 0.01 273383 14 2
2008 8296 52.801 1 308619 345505 762 248479494 9.00 0.00 0.01 4919551 14 3
2008 8296 2.19367 1 15330 20819 62 10961509 9.00 0.01 0.01 260283 14 4
2008 8296 2.6526 1 14504 19090 62 13496159 9.00 0.00 0.01 217567 14 5
2008 8296 0.503923 1 6029 10174 30 2230480 9.00 0.01 0.01 110263 14 6
2008 8296 1.83672 1 13987 20455 61 9172853 9.00 0.00 0.01 238129 14 7
2008 8296 1.35579 1 9497 14160 41 6749921 9.00 0.00 0.01 138143 14 8
2008 8296 5.03723 1 24314 29638 91 26135283 9.00 0.01 0.01 317706 14 9
2008 8296 20.2399 1 115192 129546 310 101853979 9.00 0.01 0.01 1765549 14 10
2008 8296 1.71774 1 13342 18531 60 8559978 9.00 0.01 0.01 224990 14 11
2008 8296 13.406 1 77891 88918 251 64528750 9.00 0.00 0.01 1248375 14 12
2008 8296 2.6336 1 14994 20712 62 13501183 9.00 0.00 0.01 210009 14 13
2008 8296 6.96994 1 31655 37449 117 37196105 9.00 0.01 0.01 391816 14 14
2008 8296 13.38 1 76257 88705 243 68215555 9.00 0.01 0.01 1236196 14 15
2008 8296 0.827874 1 10749 16470 46 3932080 9.00 0.00 0.01 191496 14 16
2008 8296 33.5189 1 178914 200457 498 168602855 9.00 0.00 0.00 2613326 14 17
2008 8296 12.6401 1 69427 80299 219 64068847 9.00 0.00 0.01 1080495 14 18
2008 8296 3.06653 1 16008 20542 62 16091042 9.00 0.00 0.01 213591 14 19
2008 8296 11.1403 1 61431 71966 190 56981989 9.00 0.01 0.01 944629 14 20
2148 8884 20.1789 1 90006 101360 255 98482864 9.00 0.00 0.01 1189846 15 1
2148 8884 0.582911 1 6867 12174 31 2670325 9.00 0.00 0.01 116463 15 2
2148 8884 9.49356 1 40156 47979 127 49372841 9.00 0.01 0.01 517556 15 3
2148 8884 7.74582 1 40864 49712 127 38945593 9.00 0.01 0.01 628795 15 4
2148 8884 27.2259 1 135621 152645 379 138981155 9.00 0.01 0.01 1960952 15 5
2148 8884 7.56485 1 39735 48308 127 37637257 9.00 0.00 0.01 598469 15 6
2148 8884 1.50477 1 10631 16019 46 7413224 9.00 0.00 0.01 174738 15 7
2148 8884 20.5039 1 106273 121336 274 104853001 9.00 0.00 0.01 1625917 15 8
2148 8884 2.87956 1 16638 23299 63 14299144 9.00 0.01 0.01 247441 15 9
2148 8884 10.0075 1 49473 58675 151 48506897 9.00 0.01 0.01 736450 15 10
2148 8884 6.75097 1 38455 46524 126 32111187 9.00 0.00 0.01 629658 15 11
2148 8884 1.21182 1 10116 16622 45 5889644 9.00 0.00 0.01 180984 15 12
2148 8884 16.2445 1 81024 94126 253 80907924 9.00 0.00 0.01 1346128 15 13
2148 8884 2.44263 1 16319 22901 63 11691389 9.00 0.01 0.01 261254 15 14
2148 8884 11.4903 1 62267 73849 190 59548918 9.00 0.00 0.01 956059 15 15
2148 8884 5.13122 1 25457 32172 93 25499657 9.00 0.01 0.01 372997 15 16
2148 8884 4.96025 1 29746 38300 109 25065578 9.00 0.00 0.01 471249 15 17
2148 8884 3.62145 1 21498 28419 77 17135525 9.00 0.01 0.01 338901 15 18
2148 8884 7.64984 1 41484 51087 127 38272400 9.00 0.00 0.01 646541 15 19
2148 8884 5.79212 1 30749 38828 112 28223610 9.00 0.01 0.01 458030 15 20
2288 9472 3.87041 1 22924 31746 82 19666056 9.00 0.01 0.01 368773 16 1
2288 9472 15.3887 1 70150 81368 220 75633964 9.00 0.01 0.01 1015761 16 2
2288 9472 5.83011 1 30492 39249 110 28867950 9.00 0.01 0.01 507390 16 3
2288 9472 15.0547 1 55964 64402 173 79634258 9.00 0.01 0.01 663896 16 4
2288 9472 9.50255 1 42355 51102 127 49499181 9.00 0.00 0.01 580762 16 5
2288 9472 6.39503 1 26714 33447 94 33096855 9.00 0.01 0.01 352608 16 6
2288 9472 0.749886 1 6799 12029 31 3429439 9.00 0.01 0.01 109811 16 7
2288 9472 1.9897 1 11749 17167 51 9883613 9.00 0.00 0.01 181702 16 8
2288 9472 12.7961 1 50297 57618 156 66999411 9.00 0.01 0.01 635441 16 9
2288 9472 31.5402 1 151267 169835 403 150393377 9.00 0.01 0.01 2139567 16 10
2288 9472 20.0809 1 93429 106526 255 98202465 9.00 0.01 0.01 1495917 16 11
2288 9472 20.5999 1 76140 85631 243 107256257 9.00 0.01 0.01 899229 16 12
2288 9472 15.7616 1 77991 91396 251 80767858 9.00 0.00 0.01 1225432 16 13
2288 9472 1.57676 1 12341 18267 53 7630006 9.00 0.01 0.01 230071 16 14
2288 9472 9.44756 1 42746 51131 127 46754363 9.00 0.01 0.01 602160 16 15
2288 9472 6.05308 1 32679 41742 123 29277991 9.00 0.00 0.01 549129 16 16
2288 9472 7.71183 1 42139 52230 127 37990328 9.00 0.01 0.01 683540 16 17
2288 9472 23.5484 1 100206 114221 255 118764663 9.00 0.01 0.01 1359052 16 18
2288 9472 12.2441 1 61234 73647 190 60513775 9.00 0.01 0.01 940518 16 19
2288 9472 14.1109 1 69394 81374 219 68063659 9.00 0.00 0.01 1033262 16 20
2428 10060 1.20182 1 9633 15539 42 5686673 9.00 0.01 0.01 171585 17 1
2428 10060 1.23681 1 9627 16575 41 5912719 9.00 0.01 0.01 160849 17 2
2428 10060 15.4886 1 74877 89248 236 76577197 9.00 0.01 0.01 1203082 17 3
2428 10060 19.1201 1 83140 95535 253 92152555 9.00 0.01 0.01 1263817 17 4
2428 10060 1.78773 1 14893 22743 62 8316918 9.00 0.01 0.01 301331 17 5
2428 10060 3.04254 1 16250 23638 63 15101901 9.00 0.01 0.01 254992 17 6
2428 10060 8.61169 1 33387 40521 124 44321386 9.00 0.00 0.01 421276 17 7
2428 10060 12.933 1 48474 57278 145 67780068 9.00 0.01 0.01 596437 17 8
2428 10060 0.903862 1 11034 17865 46 3820386 9.00 0.00 0.01 232135 17 9
2428 10060 6.01708 1 25394 32319 93 31331536 9.00 0.01 0.01 352762 17 10
2428 10060 30.7403 1 132567 151109 364 157025365 9.00 0.00 0.01 1959257 17 11
2428 10060 27.0859 1 95837 105991 255 140071373 9.00 0.00 0.01 1119531 17 12
2428 10060 23.2145 1 101490 117150 255 112078153 9.00 0.00 0.01 1467673 17 13
2428 10060 1.3148 1 10268 17893 45 6198101 9.00 0.01 0.01 173683 17 14
2428 10060 3.9694 1 19099 25454 63 20451067 9.00 0.01 0.01 273627 17 15
2428 10060 12.973 1 56703 67624 178 65702671 9.00 0.01 0.01 814396 17 16
2428 10060 34.1808 1 146145 165259 382 176208555 9.00 0.01 0.01 2157282 17 17
2428 10060 0.378942 1 6649 12315 31 1667981 9.00 0.01 0.01 133266 17 18
2428 10060 13.413 1 62240 74299 190 66227027 9.00 0.01 0.01 925212 17 19
2428 10060 4.5963 1 23964 32364 88 22043373 9.00 0.01 0.01 410075 17 20
2568 10648 13.6689 1 61918 74132 190 66796997 9.00 0.01 0.01 943923 18 1
2568 10648 3.9444 1 21249 29325 76 18787820 9.00 0.00 0.01 354066 18 2
2568 10648 1.90471 1 12581 18992 55 9042065 9.00 0.01 0.01 210241 18 3
2568 10648 17.2784 1 76607 89987 244 86383993 9.00 0.01 0.01 1238359 18 4
2568 10648 12.7771 1 60753 73951 189 64232545 9.00 0.00 0.01 979288 18 5
2568 10648 23.7534 1 96361 110870 255 114806617 9.00 0.01 0.01 1333148 18 6
2568 10648 8.99963 1 38820 48442 127 45443413 9.00 0.01 0.01 575342 18 7
2568 10648 1.86072 1 11954 18695 52 8799334 9.00 0.01 0.01 210079 18 8
2568 10648 1.10983 1 10048 16552 45 5165453 9.00 0.01 0.01 176881 18 9
2568 10648 5.64514 1 30881 41058 113 27589759 9.00 0.01 0.01 533798 18 10
2568 10648 16.7175 1 69276 82554 218 83871791 9.00 0.01 0.01 1006344 18 11
2568 10648 44.9252 1 174863 196453 478 222570361 9.00 0.00 0.01 2536731 18 12
2568 10648 28.0017 1 121819 138465 319 136980872 9.00 0.01 0.01 1789258 18 13
2568 10648 2.16567 1 13685 20837 61 10313927 9.00 0.01 0.01 222592 18 14
2568 10648 13.8289 1 65895 79102 202 66634300 9.00 0.01 0.01 1112453 18 15
2568 10648 25.3371 1 104902 119603 269 128192608 9.00 0.01 0.01 1537296 18 16
2568 10648 9.57854 1 36384 44768 126 48602104 9.00 0.01 0.01 513897 18 17
2568 10648 9.48456 1 47734 59839 142 47586668 9.00 0.01 0.01 805100 18 18
2568 10648 40.0749 1 162731 182934 444 194311128 9.00 0.01 0.01 2320900 18 19
2568 10648 3.76843 1 23002 31656 83 18403712 9.00 0.01 0.01 438696 18 20
2708 11236 8.06277 1 31400 41155 116 40271573 9.00 0.01 0.01 442548 19 1
2708 11236 3.49047 1 20856 30186 73 16657589 9.00 0.01 0.01 381707 19 2
2708 11236 13.31 1 57145 68593 180 67876254 9.00 0.01 0.01 901576 19 3
2708 11236 30.9093 1 121991 138924 321 156109611 9.00 0.01 0.01 1833996 19 4
2708 11236 21.0528 1 81924 95468 253 104735432 9.00 0.01 0.01 1294114 19 5
2708 11236 9.39557 1 42006 52701 127 48523997 9.00 0.01 0.01 651279 19 6
2708 11236 0.744886 1 10936 18476 46 3240968 9.00 0.01 0.01 235317 19 7
2708 11236 15.9636 1 53390 63867 163 83061609 9.00 0.01 0.01 682267 19 8
2708 11236 3.64745 1 19513 28442 66 17781123 9.00 0.01 0.01 316697 19 9
2708 11236 8.25674 1 36416 47097 126 41184802 9.00 0.01 0.01 588463 19 10
2708 11236 8.88965 1 35660 45304 126 43126438 9.00 0.01 0.01 544723 19 11
2708 11236 3.68444 1 18982 27497 63 17643034 9.00 0.00 0.01 303374 19 12
2708 11236 2.44063 1 16633 25351 63 11792756 9.00 0.00 0.01 299849 19 13
2708 11236 4.11837 1 22800 31560 81 19823806 9.00 0.01 0.01 443122 19 14
2708 11236 9.37058 1 40503 50181 127 47396079 9.00 0.01 0.01 634124 19 15
2708 11236 32.4141 1 128072 145512 348 162990175 9.00 0.01 0.01 1948070 19 16
2708 11236 14.0579 1 56986 67083 180 71007495 9.00 0.01 0.01 883971 19 17
2708 11236 16.1026 1 67656 80789 208 80508688 9.00 0.01 0.01 1018687 19 18
2708 11236 16.6015 1 70786 85563 221 84497767 9.00 0.00 0.01 1149953 19 19
2708 11236 7.50586 1 34677 45187 125 37176890 9.00 0.01 0.01 564819 19 20
2848 11824 23.3105 1 92289 107432 255 119422982 9.00 0.01 0.01 1444991 20 1
2848 11824 2.96055 1 19083 29035 63 13705922 9.00 0.01 0.01 361333 20 2
2848 11824 27.5598 1 85744 99416 254 141070835 9.00 0.01 0.01 1087289 20 3
2848 11824 9.38157 1 32633 42432 123 47808776 9.00 0.01 0.01 440135 20 4
2848 11824 12.1142 1 48808 61245 148 61551111 9.00 0.01 0.01 798784 20 5
2848 11824 11.7812 1 42055 52577 127 60212394 9.00 0.01 0.01 579455 20 6
2848 11824 30.2694 1 111757 127804 293 155436179 9.00 0.01 0.01 1669637 20 7
2848 11824 36.3495 1 128249 146490 349 185784444 9.00 0.01 0.01 1865636 20 8
2848 11824 7.05393 1 35407 48779 126 33764933 9.00 0.01 0.01 705603 20 9
2848 11824 11.3523 1 44276 55848 127 56603647 9.00 0.01 0.01 634703 20 10
2848 11824 7.47486 1 35004 46456 125 36920331 9.00 0.01 0.01 603263 20 11
2848 11824 13.8919 1 48066 58039 142 69218184 9.00 0.01 0.01 661410 20 12
2848 11824 5.09822 1 21852 31427 78 25433575 9.00 0.01 0.01 344764 20 13
2848 11824 34.0758 1 123888 143296 332 171559873 9.00 0.01 0.01 1880358 20 14
2848 11824 4.11737 1 19404 27325 65 19727428 9.00 0.01 0.01 309399 20 15
2848 11824 8.74567 1 37947 47568 126 44213646 9.00 0.01 0.01 605666 20 16
2848 11824 3.89341 1 22813 32678 81 18945569 9.00 0.01 0.01 385333 20 17
2848 11824 2.91556 1 18573 27579 63 13689144 9.00 0.01 0.01 347221 20 18
2848 11824 6.37403 1 28290 38729 101 31963144 9.00 0.01 0.01 431856 20 19
2848 11824 15.6906 1 65400 79036 198 79526491 9.00 0.01 0.01 1058153 20 20
