WARNING: for repeatability, setting FPU to use double precision
============================[ Problem Statistics ]=============================
|                                                                             |
|  Number of variables:          1408                                         |
|  Number of clauses:           18322                                         |
|  Parse time:                   0.02 s                                       |
|  Eliminated clauses:           0.01 Mb                                      |
|  Simplification time:          0.06 s                                       |
|                                                                             |
=============================[ Search Statistics ]==============================
| Conflicts  |          ORIGINAL         |          LEARNT          | Progress |
|            |    Vars  Clauses Literals |    Limit  Clauses Lit/Cl |          |
================================================================================
|        100 |     952    17138   105289 |     6283      100     15 | 11.932 % |
|        250 |     952    17138   105289 |     6912      250     13 | 11.932 % |
|        475 |     952    17138   105289 |     7603      475     13 | 11.932 % |
|        812 |     952    17138   105289 |     8363      812     14 | 11.932 % |
|       1318 |     952    17138   105289 |     9200     1318     15 | 11.932 % |
|       2077 |     952    17138   105289 |    10120     2077     14 | 11.932 % |
|       3216 |     952    17138   105289 |    11132     3216     14 | 11.932 % |
|       4924 |     952    17138   105289 |    12245     4924     14 | 11.932 % |
|       7486 |     952    17138   105289 |    13470     7486     14 | 11.932 % |
|      11330 |     952    17138   105289 |    14817    11330     15 | 11.932 % |
|      17096 |     952    17138   105289 |    16298     9433     15 | 11.932 % |
|      25745 |     952    17138   105289 |    17928     9837     14 | 11.932 % |
|      38719 |     952    17138   105289 |    19721    13682     14 | 11.932 % |
|      58180 |     952    17138   105289 |    21693    13221     14 | 11.932 % |
|      87372 |     952    17138   105289 |    23863    20375     15 | 11.932 % |
|     131161 |     952    17138   105289 |    26249    15175     15 | 11.932 % |
|     196845 |     952    17138   105289 |    28874    14009     15 | 11.932 % |
|     295371 |     952    17138   105289 |    31761    18886     15 | 11.932 % |
|     443160 |     952    17138   105289 |    34938    23406     15 | 11.932 % |
|     664843 |     952    17138   105289 |    38431    29673     15 | 11.932 % |
|     997368 |     952    17138   105289 |    42275    14895     14 | 11.932 % |
|    1496156 |     952    17138   105289 |    46502    28737     15 | 11.932 % |
|    2244338 |     952    17138   105289 |    51152    35214     18 | 11.932 % |
|    3366612 |     952    17138   105289 |    56268    32646     15 | 11.932 % |
|    5050023 |     952    17138   105289 |    61895    33636     17 | 11.932 % |
|    7575139 |     952    17138   105289 |    68084    58906     17 | 11.932 % |
|   11362814 |     952    17138   105289 |    74893    30999     16 | 11.932 % |
|   17044326 |     952    17138   105289 |    82382    25140     16 | 11.932 % |
|   25566595 |     952    17138   105289 |    90620    24226     16 | 11.932 % |
|   38349998 |     952    17138   105289 |    99682    56836     19 | 11.932 % |
|   57525103 |     952    17138   105289 |   109650    39579     15 | 11.932 % |
|   86287761 |     952    17138   105289 |   120615    55932     14 | 11.932 % |
|  129431749 |     952    17138   105289 |   132677    84693     17 | 11.932 % |
===============================================================================
restarts              : 194617
conflicts             : 156513963      (13533 /sec)
decisions             : 202482160      (0.00 % random) (17507 /sec)
propagations          : 5698100265     (492672 /sec)
conflict literals     : 2906813197     (9.26 % deleted)
Memory used           : 248.00 MB
CPU time              : 11565.7 s

SATISFIABLE
