WARNING: for repeatability, setting FPU to use double precision
============================[ Problem Statistics ]=============================
|                                                                             |
|  Number of variables:           768                                         |
|  Number of clauses:            9730                                         |
|  Parse time:                   0.01 s                                       |
|  Eliminated clauses:           0.01 Mb                                      |
|  Simplification time:          0.03 s                                       |
|                                                                             |
=============================[ Search Statistics ]==============================
| Conflicts  |          ORIGINAL         |          LEARNT          | Progress |
|            |    Vars  Clauses Literals |    Limit  Clauses Lit/Cl |          |
================================================================================
|        100 |     504     9058    55681 |     3321      100     12 | 13.542 % |
|        250 |     504     9058    55681 |     3653      250     14 | 13.542 % |
|        475 |     504     9058    55681 |     4018      475     13 | 13.542 % |
|        812 |     504     9058    55681 |     4420      812     14 | 13.542 % |
|       1318 |     504     9058    55681 |     4862     1318     14 | 13.542 % |
|       2077 |     504     9058    55681 |     5348     2077     14 | 13.542 % |
|       3216 |     504     9058    55681 |     5883     3216     14 | 13.542 % |
|       4924 |     504     9058    55681 |     6472     4924     14 | 13.542 % |
|       7486 |     504     9058    55681 |     7119     4157     14 | 13.542 % |
|      11330 |     504     9058    55681 |     7831     4296     14 | 13.542 % |
|      17096 |     504     9058    55681 |     8614     5993     14 | 13.542 % |
|      25745 |     504     9058    55681 |     9475     5888     14 | 13.542 % |
|      38719 |     504     9058    55681 |    10423     9210     14 | 13.542 % |
|      58180 |     504     9058    55681 |    11465     7505     14 | 13.542 % |
|      87372 |     504     9058    55681 |    12612     7558     15 | 13.542 % |
|     131161 |     504     9058    55681 |    13873     6531     14 | 13.542 % |
|     196845 |     504     9058    55681 |    15261     8719     15 | 13.542 % |
|     295371 |     504     9058    55681 |    16787    14500     14 | 13.542 % |
|     443160 |     504     9058    55681 |    18465     9506     15 | 13.542 % |
|     664843 |     504     9058    55681 |    20312    16626     15 | 13.542 % |
|     997368 |     504     9058    55681 |    22343    10818     16 | 13.542 % |
|    1496156 |     504     9058    55681 |    24578    13796     14 | 13.542 % |
|    2244338 |     504     9058    55681 |    27036    18759     17 | 13.542 % |
|    3366612 |     504     9058    55681 |    29739    17003     14 | 13.542 % |
|    5050023 |     504     9058    55681 |    32713    17554     16 | 13.542 % |
|    7575139 |     504     9058    55681 |    35984    20931     16 | 13.542 % |
|   11362814 |     504     9058    55681 |    39583    22775     15 | 13.542 % |
|   17044326 |     504     9058    55681 |    43541    20311     14 | 13.542 % |
|   25566595 |     504     9058    55681 |    47895    32409     16 | 13.542 % |
|   38349998 |     504     9058    55681 |    52685    41514     17 | 13.542 % |
|   57525103 |     504     9058    55681 |    57954    50960     16 | 13.542 % |
===============================================================================
restarts              : 83579
conflicts             : 64737651       (20641 /sec)
decisions             : 79911620       (0.00 % random) (25480 /sec)
propagations          : 2094045892     (667683 /sec)
conflict literals     : 1158639821     (9.52 % deleted)
Memory used           : 92.00 MB
CPU time              : 3136.29 s

SATISFIABLE
