WARNING: for repeatability, setting FPU to use double precision
============================[ Problem Statistics ]=============================
|                                                                             |
|  Number of variables:           928                                         |
|  Number of clauses:           11878                                         |
|  Parse time:                   0.01 s                                       |
|  Eliminated clauses:           0.01 Mb                                      |
|  Simplification time:          0.04 s                                       |
|                                                                             |
=============================[ Search Statistics ]==============================
| Conflicts  |          ORIGINAL         |          LEARNT          | Progress |
|            |    Vars  Clauses Literals |    Limit  Clauses Lit/Cl |          |
================================================================================
|        100 |     616    11078    68083 |     4061      100     16 | 12.931 % |
|        250 |     616    11078    68083 |     4468      250     14 | 12.931 % |
|        475 |     616    11078    68083 |     4914      475     14 | 12.931 % |
|        812 |     616    11078    68083 |     5406      812     14 | 12.931 % |
|       1318 |     616    11078    68083 |     5947     1318     14 | 12.931 % |
|       2077 |     616    11078    68083 |     6541     2077     14 | 12.931 % |
|       3216 |     616    11078    68083 |     7195     3216     14 | 12.931 % |
|       4924 |     616    11078    68083 |     7915     4924     14 | 12.931 % |
|       7486 |     616    11078    68083 |     8707     7486     15 | 12.931 % |
|      11330 |     616    11078    68083 |     9577     6915     15 | 12.931 % |
|      17096 |     616    11078    68083 |    10535     7693     15 | 12.931 % |
|      25745 |     616    11078    68083 |    11589     5516     14 | 12.931 % |
|      38719 |     616    11078    68083 |    12748     6624     16 | 12.931 % |
|      58180 |     616    11078    68083 |    14022     6595     14 | 12.931 % |
|      87372 |     616    11078    68083 |    15425     7279     16 | 12.931 % |
|     131161 |     616    11078    68083 |    16967    11917     14 | 12.931 % |
|     196845 |     616    11078    68083 |    18664    17254     16 | 12.931 % |
|     295371 |     616    11078    68083 |    20530    11715     15 | 12.931 % |
|     443160 |     616    11078    68083 |    22584    14263     15 | 12.931 % |
|     664843 |     616    11078    68083 |    24842    19310     15 | 12.931 % |
|     997368 |     616    11078    68083 |    27326    24159     15 | 12.931 % |
|    1496156 |     616    11078    68083 |    30059    21558     15 | 12.931 % |
|    2244338 |     616    11078    68083 |    33065    15531     15 | 12.931 % |
|    3366612 |     616    11078    68083 |    36371    16236     14 | 12.931 % |
|    5050023 |     616    11078    68083 |    40008    26781     16 | 12.931 % |
|    7575139 |     616    11078    68083 |    44009    24898     16 | 12.931 % |
|   11362814 |     616    11078    68083 |    48410    36061     18 | 12.931 % |
|   17044326 |     616    11078    68083 |    53251    37850     15 | 12.931 % |
|   25566595 |     616    11078    68083 |    58577    40972     15 | 12.931 % |
|   38349998 |     616    11078    68083 |    64434    20363     15 | 12.931 % |
|   57525103 |     616    11078    68083 |    70878    52718     16 | 12.931 % |
|   86287761 |     616    11078    68083 |    77966    30061     12 | 12.931 % |
|  129431749 |     616    11078    68083 |    85762    30893     18 | 12.931 % |
===============================================================================
restarts              : 164860
conflicts             : 136538808      (15619 /sec)
decisions             : 168150085      (0.00 % random) (19235 /sec)
propagations          : 4970125565     (568547 /sec)
conflict literals     : 2531135171     (9.92 % deleted)
Memory used           : 167.00 MB
CPU time              : 8741.8 s

SATISFIABLE
