WARNING: for repeatability, setting FPU to use double precision
============================[ Problem Statistics ]=============================
|                                                                             |
|  Number of variables:           528                                         |
|  Number of clauses:            6508                                         |
|  Parse time:                   0.01 s                                       |
|  Eliminated clauses:           0.01 Mb                                      |
|  Simplification time:          0.02 s                                       |
|                                                                             |
=============================[ Search Statistics ]==============================
| Conflicts  |          ORIGINAL         |          LEARNT          | Progress |
|            |    Vars  Clauses Literals |    Limit  Clauses Lit/Cl |          |
================================================================================
|        100 |     336     6028    37078 |     2210      100     12 | 15.152 % |
|        250 |     336     6028    37078 |     2431      250     12 | 15.152 % |
|        475 |     336     6028    37078 |     2674      475     14 | 15.152 % |
|        812 |     336     6028    37078 |     2941      812     14 | 15.152 % |
|       1318 |     336     6028    37078 |     3236     1318     14 | 15.152 % |
|       2077 |     336     6028    37078 |     3559     2077     14 | 15.152 % |
|       3216 |     336     6028    37078 |     3915     3216     14 | 15.152 % |
|       4924 |     336     6028    37078 |     4307     2918     14 | 15.152 % |
|       7486 |     336     6028    37078 |     4737     3275     15 | 15.152 % |
|      11330 |     336     6028    37078 |     5211     4635     14 | 15.152 % |
|      17096 |     336     6028    37078 |     5732     5010     15 | 15.152 % |
|      25745 |     336     6028    37078 |     6306     4897     14 | 15.152 % |
|      38719 |     336     6028    37078 |     6936     5004     14 | 15.152 % |
|      58180 |     336     6028    37078 |     7630     6795     14 | 15.152 % |
|      87372 |     336     6028    37078 |     8393     4877     14 | 15.152 % |
|     131161 |     336     6028    37078 |     9232     6036     14 | 15.152 % |
|     196845 |     336     6028    37078 |    10156     5947     14 | 15.152 % |
|     295371 |     336     6028    37078 |    11171     6602     15 | 15.152 % |
|     443160 |     336     6028    37078 |    12288     7187     15 | 15.152 % |
|     664843 |     336     6028    37078 |    13517    11295     15 | 15.152 % |
|     997368 |     336     6028    37078 |    14869     9287     14 | 15.152 % |
|    1496156 |     336     6028    37078 |    16356    12871     14 | 15.152 % |
|    2244338 |     336     6028    37078 |    17992    10478     14 | 15.152 % |
|    3366612 |     336     6028    37078 |    19791    17700     15 | 15.152 % |
|    5050023 |     336     6028    37078 |    21770    17137     19 | 15.152 % |
|    7575139 |     336     6028    37078 |    23947    11693     15 | 15.152 % |
|   11362814 |     336     6028    37078 |    26342    18021     15 | 15.152 % |
===============================================================================
restarts              : 24574
conflicts             : 16591348       (33852 /sec)
decisions             : 21076018       (0.00 % random) (43002 /sec)
propagations          : 415138416      (847020 /sec)
conflict literals     : 276860399      (8.67 % deleted)
Memory used           : 31.00 MB
CPU time              : 490.116 s

SATISFIABLE
