WARNING: for repeatability, setting FPU to use double precision
============================[ Problem Statistics ]=============================
|                                                                             |
|  Number of variables:           928                                         |
|  Number of clauses:           11878                                         |
|  Parse time:                   0.01 s                                       |
|  Eliminated clauses:           0.01 Mb                                      |
|  Simplification time:          0.04 s                                       |
|                                                                             |
=============================[ Search Statistics ]==============================
| Conflicts  |          ORIGINAL         |          LEARNT          | Progress |
|            |    Vars  Clauses Literals |    Limit  Clauses Lit/Cl |          |
================================================================================
|        100 |     616    11078    68083 |     4061      100     15 | 12.931 % |
|        250 |     616    11078    68083 |     4468      250     13 | 12.931 % |
|        475 |     616    11078    68083 |     4914      475     15 | 12.931 % |
|        812 |     616    11078    68083 |     5406      812     15 | 12.931 % |
|       1318 |     616    11078    68083 |     5947     1318     15 | 12.931 % |
|       2077 |     616    11078    68083 |     6541     2077     14 | 12.931 % |
|       3216 |     616    11078    68083 |     7195     3216     15 | 12.931 % |
|       4924 |     616    11078    68083 |     7915     4924     14 | 12.931 % |
|       7486 |     616    11078    68083 |     8707     7486     15 | 12.931 % |
|      11330 |     616    11078    68083 |     9577     6892     15 | 12.931 % |
|      17096 |     616    11078    68083 |    10535     7783     15 | 12.931 % |
|      25745 |     616    11078    68083 |    11589     5709     14 | 12.931 % |
|      38719 |     616    11078    68083 |    12748     6866     15 | 12.931 % |
|      58180 |     616    11078    68083 |    14022     6932     14 | 12.931 % |
|      87372 |     616    11078    68083 |    15425     7682     14 | 12.931 % |
|     131161 |     616    11078    68083 |    16967    12343     14 | 12.931 % |
|     196845 |     616    11078    68083 |    18664     9046     14 | 12.931 % |
|     295371 |     616    11078    68083 |    20530    13170     15 | 12.931 % |
|     443160 |     616    11078    68083 |    22584    15821     17 | 12.931 % |
|     664843 |     616    11078    68083 |    24842    19891     15 | 12.931 % |
|     997368 |     616    11078    68083 |    27326    13922     18 | 12.931 % |
|    1496156 |     616    11078    68083 |    30059    14832     14 | 12.931 % |
|    2244338 |     616    11078    68083 |    33065    23565     15 | 12.931 % |
|    3366612 |     616    11078    68083 |    36371    31697     15 | 12.931 % |
|    5050023 |     616    11078    68083 |    40008    28188     18 | 12.931 % |
|    7575139 |     616    11078    68083 |    44009    35965     17 | 12.931 % |
|   11362814 |     616    11078    68083 |    48410    31257     18 | 12.931 % |
|   17044326 |     616    11078    68083 |    53251    28309     18 | 12.931 % |
|   25566595 |     616    11078    68083 |    58577    37020     17 | 12.931 % |
===============================================================================
restarts              : 39445
conflicts             : 28422444       (23465 /sec)
decisions             : 36590505       (0.00 % random) (30208 /sec)
propagations          : 809883084      (668620 /sec)
conflict literals     : 501967353      (8.20 % deleted)
Memory used           : 77.00 MB
CPU time              : 1211.27 s

SATISFIABLE
