WARNING: for repeatability, setting FPU to use double precision
============================[ Problem Statistics ]=============================
|                                                                             |
|  Number of variables:          1088                                         |
|  Number of clauses:           14026                                         |
|  Parse time:                   0.01 s                                       |
|  Eliminated clauses:           0.01 Mb                                      |
|  Simplification time:          0.05 s                                       |
|                                                                             |
=============================[ Search Statistics ]==============================
| Conflicts  |          ORIGINAL         |          LEARNT          | Progress |
|            |    Vars  Clauses Literals |    Limit  Clauses Lit/Cl |          |
================================================================================
|        100 |     728    13098    80485 |     4802      100     12 | 12.500 % |
|        250 |     728    13098    80485 |     5282      250     13 | 12.500 % |
|        475 |     728    13098    80485 |     5811      475     15 | 12.500 % |
|        812 |     728    13098    80485 |     6392      812     15 | 12.500 % |
|       1318 |     728    13098    80485 |     7031     1318     15 | 12.500 % |
|       2077 |     728    13098    80485 |     7734     2077     14 | 12.500 % |
|       3216 |     728    13098    80485 |     8508     3216     14 | 12.500 % |
|       4924 |     728    13098    80485 |     9358     4924     14 | 12.500 % |
|       7486 |     728    13098    80485 |    10294     7486     15 | 12.500 % |
|      11330 |     728    13098    80485 |    11324     6011     15 | 12.500 % |
|      17096 |     728    13098    80485 |    12456     5957     14 | 12.500 % |
|      25745 |     728    13098    80485 |    13702     8299     14 | 12.500 % |
|      38719 |     728    13098    80485 |    15072     7345     15 | 12.500 % |
|      58180 |     728    13098    80485 |    16579    11572     14 | 12.500 % |
|      87372 |     728    13098    80485 |    18237    15344     14 | 12.500 % |
|     131161 |     728    13098    80485 |    20061    12962     14 | 12.500 % |
|     196845 |     728    13098    80485 |    22067    17843     15 | 12.500 % |
|     295371 |     728    13098    80485 |    24274    15834     15 | 12.500 % |
|     443160 |     728    13098    80485 |    26702    16464     15 | 12.500 % |
|     664843 |     728    13098    80485 |    29372    18510     16 | 12.500 % |
|     997368 |     728    13098    80485 |    32309    22388     16 | 12.500 % |
|    1496156 |     728    13098    80485 |    35540    30565     15 | 12.500 % |
|    2244338 |     728    13098    80485 |    39094    18724     16 | 12.500 % |
|    3366612 |     728    13098    80485 |    43003    37605     15 | 12.500 % |
|    5050023 |     728    13098    80485 |    47304    31561     16 | 12.500 % |
|    7575139 |     728    13098    80485 |    52034    31971     17 | 12.500 % |
|   11362814 |     728    13098    80485 |    57238    39400     18 | 12.500 % |
|   17044326 |     728    13098    80485 |    62962    42176     16 | 12.500 % |
|   25566595 |     728    13098    80485 |    69258    41085     16 | 12.500 % |
|   38349998 |     728    13098    80485 |    76184    44226     17 | 12.500 % |
|   57525103 |     728    13098    80485 |    83802    40261     15 | 12.500 % |
|   86287761 |     728    13098    80485 |    92182    76423     16 | 12.500 % |
===============================================================================
restarts              : 122876
conflicts             : 93803397       (17168 /sec)
decisions             : 119293647      (0.00 % random) (21834 /sec)
propagations          : 3120715168     (571173 /sec)
conflict literals     : 1722045260     (8.90 % deleted)
Memory used           : 154.00 MB
CPU time              : 5463.69 s

SATISFIABLE
