WARNING: for repeatability, setting FPU to use double precision
============================[ Problem Statistics ]=============================
|                                                                             |
|  Number of variables:           608                                         |
|  Number of clauses:            7582                                         |
|  Parse time:                   0.01 s                                       |
|  Eliminated clauses:           0.01 Mb                                      |
|  Simplification time:          0.03 s                                       |
|                                                                             |
=============================[ Search Statistics ]==============================
| Conflicts  |          ORIGINAL         |          LEARNT          | Progress |
|            |    Vars  Clauses Literals |    Limit  Clauses Lit/Cl |          |
================================================================================
|        100 |     392     7038    43279 |     2580      100     13 | 14.474 % |
|        250 |     392     7038    43279 |     2838      250     14 | 14.474 % |
|        475 |     392     7038    43279 |     3122      475     14 | 14.474 % |
|        812 |     392     7038    43279 |     3434      812     14 | 14.474 % |
|       1318 |     392     7038    43279 |     3778     1318     15 | 14.474 % |
|       2077 |     392     7038    43279 |     4156     2077     14 | 14.474 % |
|       3216 |     392     7038    43279 |     4571     3216     14 | 14.474 % |
|       4924 |     392     7038    43279 |     5028     2535     14 | 14.474 % |
|       7486 |     392     7038    43279 |     5531     5097     14 | 14.474 % |
|      11330 |     392     7038    43279 |     6084     3214     14 | 14.474 % |
|      17096 |     392     7038    43279 |     6693     5860     15 | 14.474 % |
|      25745 |     392     7038    43279 |     7362     4228     14 | 14.474 % |
|      38719 |     392     7038    43279 |     8099     5951     14 | 14.474 % |
|      58180 |     392     7038    43279 |     8908     4758     14 | 14.474 % |
|      87372 |     392     7038    43279 |     9799     6709     14 | 14.474 % |
|     131161 |     392     7038    43279 |    10779     5692     15 | 14.474 % |
|     196845 |     392     7038    43279 |    11857     5650     15 | 14.474 % |
|     295371 |     392     7038    43279 |    13043     8124     16 | 14.474 % |
|     443160 |     392     7038    43279 |    14347    10740     14 | 14.474 % |
|     664843 |     392     7038    43279 |    15782     7716     13 | 14.474 % |
|     997368 |     392     7038    43279 |    17360    13372     15 | 14.474 % |
|    1496156 |     392     7038    43279 |    19097    13034     14 | 14.474 % |
|    2244338 |     392     7038    43279 |    21006    10392     15 | 14.474 % |
|    3366612 |     392     7038    43279 |    23107    11237     13 | 14.474 % |
|    5050023 |     392     7038    43279 |    25418    19799     18 | 14.474 % |
|    7575139 |     392     7038    43279 |    27960    12834     14 | 14.474 % |
|   11362814 |     392     7038    43279 |    30756    25098     17 | 14.474 % |
|   17044326 |     392     7038    43279 |    33831    15483     15 | 14.474 % |
===============================================================================
restarts              : 28583
conflicts             : 18839883       (31140 /sec)
decisions             : 23876985       (0.00 % random) (39466 /sec)
propagations          : 487700850      (806120 /sec)
conflict literals     : 319399400      (8.68 % deleted)
Memory used           : 42.00 MB
CPU time              : 604.998 s

SATISFIABLE
