WARNING: for repeatability, setting FPU to use double precision
============================[ Problem Statistics ]=============================
|                                                                             |
|  Number of variables:          1168                                         |
|  Number of clauses:           15100                                         |
|  Parse time:                   0.01 s                                       |
|  Eliminated clauses:           0.01 Mb                                      |
|  Simplification time:          0.05 s                                       |
|                                                                             |
=============================[ Search Statistics ]==============================
| Conflicts  |          ORIGINAL         |          LEARNT          | Progress |
|            |    Vars  Clauses Literals |    Limit  Clauses Lit/Cl |          |
================================================================================
|        100 |     784    14108    86686 |     5172      100     13 | 12.329 % |
|        250 |     784    14108    86686 |     5690      250     14 | 12.329 % |
|        475 |     784    14108    86686 |     6259      475     14 | 12.329 % |
|        812 |     784    14108    86686 |     6885      812     14 | 12.329 % |
|       1318 |     784    14108    86686 |     7573     1318     14 | 12.329 % |
|       2077 |     784    14108    86686 |     8331     2077     14 | 12.329 % |
|       3216 |     784    14108    86686 |     9164     3216     15 | 12.329 % |
|       4924 |     784    14108    86686 |    10080     4924     15 | 12.329 % |
|       7486 |     784    14108    86686 |    11088     7486     15 | 12.329 % |
|      11330 |     784    14108    86686 |    12197    11330     15 | 12.329 % |
|      17096 |     784    14108    86686 |    13417    10877     14 | 12.329 % |
|      25745 |     784    14108    86686 |    14758    12708     15 | 12.329 % |
|      38719 |     784    14108    86686 |    16234    10676     14 | 12.329 % |
|      58180 |     784    14108    86686 |    17858    13642     14 | 12.329 % |
|      87372 |     784    14108    86686 |    19644    15481     14 | 12.329 % |
|     131161 |     784    14108    86686 |    21608    19484     15 | 12.329 % |
|     196845 |     784    14108    86686 |    23769    19561     15 | 12.329 % |
|     295371 |     784    14108    86686 |    26146    21408     14 | 12.329 % |
|     443160 |     784    14108    86686 |    28761    23827     16 | 12.329 % |
|     664843 |     784    14108    86686 |    31637    22457     14 | 12.329 % |
|     997368 |     784    14108    86686 |    34800    24868     17 | 12.329 % |
|    1496156 |     784    14108    86686 |    38280    33254     15 | 12.329 % |
|    2244338 |     784    14108    86686 |    42109    33964     19 | 12.329 % |
|    3366612 |     784    14108    86686 |    46320    20182     14 | 12.329 % |
|    5050023 |     784    14108    86686 |    50952    42030     23 | 12.329 % |
|    7575139 |     784    14108    86686 |    56047    41362     16 | 12.329 % |
|   11362814 |     784    14108    86686 |    61651    37565     16 | 12.329 % |
|   17044326 |     784    14108    86686 |    67817    17860     16 | 12.329 % |
|   25566595 |     784    14108    86686 |    74598    34225     15 | 12.329 % |
|   38349998 |     784    14108    86686 |    82058    29935     17 | 12.329 % |
|   57525103 |     784    14108    86686 |    90264    77547     16 | 12.329 % |
===============================================================================
restarts              : 79352
conflicts             : 60960952       (19170 /sec)
decisions             : 79097931       (0.00 % random) (24873 /sec)
propagations          : 1889535475     (594184 /sec)
conflict literals     : 1104640711     (8.38 % deleted)
Memory used           : 135.00 MB
CPU time              : 3180.05 s

SATISFIABLE
