WARNING: for repeatability, setting FPU to use double precision
============================[ Problem Statistics ]=============================
|                                                                             |
|  Number of variables:          1008                                         |
|  Number of clauses:           12952                                         |
|  Parse time:                   0.01 s                                       |
|  Eliminated clauses:           0.01 Mb                                      |
|  Simplification time:          0.04 s                                       |
|                                                                             |
=============================[ Search Statistics ]==============================
| Conflicts  |          ORIGINAL         |          LEARNT          | Progress |
|            |    Vars  Clauses Literals |    Limit  Clauses Lit/Cl |          |
================================================================================
|        100 |     672    12088    74284 |     4432      100     12 | 12.699 % |
|        250 |     672    12088    74284 |     4875      250     13 | 12.699 % |
|        475 |     672    12088    74284 |     5363      475     13 | 12.699 % |
|        812 |     672    12088    74284 |     5899      812     13 | 12.699 % |
|       1318 |     672    12088    74284 |     6489     1318     13 | 12.699 % |
|       2077 |     672    12088    74284 |     7138     2077     14 | 12.699 % |
|       3216 |     672    12088    74284 |     7852     3216     15 | 12.699 % |
|       4924 |     672    12088    74284 |     8637     4924     14 | 12.699 % |
|       7486 |     672    12088    74284 |     9500     7486     14 | 12.699 % |
|      11330 |     672    12088    74284 |    10451     6515     14 | 12.699 % |
|      17096 |     672    12088    74284 |    11496     6947     14 | 12.699 % |
|      25745 |     672    12088    74284 |    12645     9693     15 | 12.699 % |
|      38719 |     672    12088    74284 |    13910     9852     15 | 12.699 % |
|      58180 |     672    12088    74284 |    15301     7983     14 | 12.699 % |
|      87372 |     672    12088    74284 |    16831    13913     14 | 12.699 % |
|     131161 |     672    12088    74284 |    18514    15029     15 | 12.699 % |
|     196845 |     672    12088    74284 |    20366    15084     16 | 12.699 % |
|     295371 |     672    12088    74284 |    22402    10629     14 | 12.699 % |
|     443160 |     672    12088    74284 |    24643    11470     15 | 12.699 % |
|     664843 |     672    12088    74284 |    27107    21664     15 | 12.699 % |
|     997368 |     672    12088    74284 |    29818    19429     16 | 12.699 % |
|    1496156 |     672    12088    74284 |    32799    22205     14 | 12.699 % |
|    2244338 |     672    12088    74284 |    36079    16393     17 | 12.699 % |
|    3366612 |     672    12088    74284 |    39687    24595     14 | 12.699 % |
|    5050023 |     672    12088    74284 |    43656    22899     16 | 12.699 % |
|    7575139 |     672    12088    74284 |    48022    32125     15 | 12.699 % |
|   11362814 |     672    12088    74284 |    52824    28876     18 | 12.699 % |
|   17044326 |     672    12088    74284 |    58106    44439     15 | 12.699 % |
|   25566595 |     672    12088    74284 |    63917    53448     16 | 12.699 % |
|   38349998 |     672    12088    74284 |    70309    47645     16 | 12.699 % |
|   57525103 |     672    12088    74284 |    77340    61141     18 | 12.699 % |
===============================================================================
restarts              : 80217
conflicts             : 61521455       (19091 /sec)
decisions             : 78120057       (0.00 % random) (24242 /sec)
propagations          : 1994140196     (618821 /sec)
conflict literals     : 1122638072     (8.94 % deleted)
Memory used           : 118.00 MB
CPU time              : 3222.48 s

SATISFIABLE
