rn rc t sat cfs dec rts r1 mem ptime stime cfl r s
148 482 0.001999 1 7 11 1 243 8.00 0.00 0.00 28 1 1
148 482 0 1 5 14 1 191 8.00 0.00 0.00 23 1 2
148 482 0.001999 1 0 4 1 108 8.00 0.00 0.00 0 1 3
148 482 0 1 20 24 1 610 8.00 0.00 0.00 82 1 4
148 482 0.001999 1 10 20 1 312 8.00 0.00 0.00 52 1 5
148 482 0.000999 1 11 17 1 408 8.00 0.00 0.00 39 1 6
148 482 0.000999 1 10 14 1 358 8.00 0.00 0.00 44 1 7
148 482 0.001999 1 60 68 1 1607 8.00 0.00 0.00 243 1 8
148 482 0.001999 1 15 21 1 522 8.00 0.00 0.00 80 1 9
148 482 0.001999 1 19 24 1 506 8.00 0.00 0.00 72 1 10
148 482 0 1 19 26 1 621 8.00 0.00 0.00 103 1 11
148 482 0.000999 1 8 15 1 347 8.00 0.00 0.00 29 1 12
148 482 0.001999 1 77 86 1 1976 8.00 0.00 0.00 308 1 13
148 482 0 1 39 50 1 1030 8.00 0.00 0.00 132 1 14
148 482 0 1 24 32 1 753 8.00 0.00 0.00 101 1 15
148 482 0 1 3 15 1 260 8.00 0.00 0.00 15 1 16
148 482 0.001999 1 53 59 1 1432 8.00 0.00 0.00 199 1 17
148 482 0 1 25 29 1 699 8.00 0.00 0.00 105 1 18
148 482 0 1 0 4 1 108 8.00 0.00 0.00 0 1 19
148 482 0 1 29 37 1 788 8.00 0.00 0.00 135 1 20
236 884 0.000999 1 41 53 1 1451 8.00 0.00 0.00 308 2 1
236 884 0.003999 1 169 199 2 8291 8.00 0.00 0.00 1369 2 2
236 884 0.001999 1 207 226 3 9399 8.00 0.00 0.00 1698 2 3
236 884 0.003999 1 328 363 3 18470 8.00 0.00 0.00 2400 2 4
236 884 0.001999 1 184 203 2 9523 8.00 0.00 0.00 1458 2 5
236 884 0.002999 1 132 163 2 4287 8.00 0.00 0.00 1091 2 6
236 884 0.004999 1 310 339 3 20249 8.00 0.00 0.00 2014 2 7
236 884 0.000999 1 112 132 2 6041 8.00 0.00 0.00 875 2 8
236 884 0 1 68 95 1 3081 8.00 0.00 0.00 558 2 9
236 884 0.005999 1 425 479 4 21900 8.00 0.00 0.00 3130 2 10
236 884 0.000999 1 94 116 1 3637 8.00 0.00 0.00 772 2 11
236 884 0.000999 1 71 92 1 3457 8.00 0.00 0.00 610 2 12
236 884 0.002999 1 205 224 3 11639 8.00 0.00 0.00 1496 2 13
236 884 0.007998 1 519 580 5 26970 8.00 0.00 0.00 3346 2 14
236 884 0.000999 1 50 65 1 1890 8.00 0.00 0.00 411 2 15
236 884 0.001999 1 107 129 2 4504 8.00 0.00 0.00 849 2 16
236 884 0.000999 1 159 185 2 7475 8.00 0.00 0.00 1247 2 17
236 884 0.005999 1 438 474 4 27212 8.00 0.00 0.00 2752 2 18
236 884 0.003999 1 235 258 3 12245 8.00 0.00 0.00 1730 2 19
236 884 0.002999 1 274 297 3 13803 8.00 0.00 0.00 2204 2 20
324 1286 0.189971 1 13049 14515 59 894730 8.00 0.00 0.00 145801 3 1
324 1286 0.042993 1 3040 3444 15 210240 8.00 0.00 0.00 34928 3 2
324 1286 0.010998 1 764 891 6 51207 8.00 0.00 0.00 9219 3 3
324 1286 0.057991 1 3785 4333 20 269308 8.00 0.00 0.00 43323 3 4
324 1286 0.056991 1 3946 4398 21 268641 8.00 0.00 0.00 44898 3 5
324 1286 0.048992 1 3071 3371 15 238884 8.00 0.00 0.00 32858 3 6
324 1286 0.013997 1 811 951 7 54455 8.00 0.00 0.00 10159 3 7
324 1286 0.008998 1 505 616 5 33681 8.00 0.00 0.00 6524 3 8
324 1286 0.048992 1 3542 3977 18 224651 8.00 0.00 0.00 41774 3 9
324 1286 0.051992 1 3305 3709 16 236223 8.00 0.00 0.00 37251 3 10
324 1286 0.025996 1 1852 2099 13 134459 8.00 0.00 0.00 21395 3 11
324 1286 0.043993 1 2760 3082 15 197878 8.00 0.00 0.00 32745 3 12
324 1286 0.067989 1 4362 4850 22 308224 8.00 0.00 0.00 50806 3 13
324 1286 0.108983 1 7341 8275 31 525684 8.00 0.00 0.00 83531 3 14
324 1286 0.001999 1 157 185 2 8788 8.00 0.00 0.00 1894 3 15
324 1286 0.084987 1 5594 6320 29 396501 8.00 0.00 0.00 64071 3 16
324 1286 0.235964 1 16030 17595 62 1113643 8.00 0.00 0.00 175054 3 17
324 1286 0.213967 1 13859 15409 61 1002618 8.00 0.00 0.00 151493 3 18
324 1286 0.030995 1 2322 2638 14 150174 8.00 0.00 0.00 26234 3 19
324 1286 0.010998 1 755 901 6 48418 8.00 0.00 0.00 9408 3 20
412 1688 0.154976 1 11399 13017 48 663045 8.00 0.00 0.00 156879 4 1
412 1688 0.973851 1 69364 77812 219 3790493 8.00 0.00 0.00 883693 4 2
412 1688 0.19397 1 13957 16047 61 824680 8.00 0.00 0.00 192085 4 3
412 1688 1.46078 1 103992 114775 265 5623460 8.00 0.00 0.00 1286912 4 4
412 1688 0.52292 1 37002 41895 126 2167226 8.00 0.00 0.00 505828 4 5
412 1688 0.273958 1 20204 22960 70 1150306 8.00 0.00 0.00 273684 4 6
412 1688 0.451931 1 33255 37425 124 1801829 8.00 0.00 0.00 436566 4 7
412 1688 0.039993 1 2265 2700 14 179893 8.00 0.00 0.00 35654 4 8
412 1688 0.445932 1 33280 37390 124 1761877 8.00 0.00 0.00 437842 4 9
412 1688 0.340948 1 24695 27981 92 1321102 8.00 0.00 0.00 326703 4 10
412 1688 0.399939 1 31318 35508 116 1596871 8.00 0.00 0.00 407817 4 11
412 1688 0.149977 1 11984 13930 52 618411 8.00 0.00 0.00 161619 4 12
412 1688 0.703892 1 50940 56762 157 2749503 8.00 0.00 0.00 663343 4 13
412 1688 0.462929 1 33729 38070 125 1845003 8.00 0.00 0.00 439340 4 14
412 1688 0.206968 1 16157 18328 63 854586 8.00 0.00 0.00 221109 4 15
412 1688 0.175973 1 12829 14801 57 721536 8.00 0.00 0.00 181269 4 16
412 1688 1.2928 1 89138 98494 254 4974523 8.00 0.00 0.00 1127479 4 17
412 1688 0.099984 1 7443 8547 31 422915 8.00 0.00 0.00 103930 4 18
412 1688 0.464929 1 33753 38029 125 1872871 8.00 0.00 0.00 439714 4 19
412 1688 0.360945 1 27878 31448 100 1401168 8.00 0.00 0.00 363177 4 20
500 2090 1.3068 1 68995 78199 216 5703484 8.00 0.00 0.00 1011972 5 1
500 2090 1.56876 1 90848 104090 255 6491375 8.00 0.00 0.00 1247368 5 2
500 2090 1.07684 1 60947 70655 190 4631636 8.00 0.00 0.00 868503 5 3
500 2090 0.856869 1 44696 50848 127 3761468 8.00 0.00 0.00 652544 5 4
500 2090 1.15382 1 66104 76083 203 4803980 8.00 0.00 0.00 939068 5 5
500 2090 0.511922 1 24977 28279 93 2433147 8.00 0.00 0.00 380604 5 6
500 2090 0.164974 1 9063 10512 38 785206 8.00 0.00 0.00 138545 5 7
500 2090 2.08368 1 114981 128339 308 8343661 8.00 0.00 0.00 1646301 5 8
500 2090 0.52192 1 24110 27032 89 2519589 8.00 0.00 0.00 363996 5 9
500 2090 1.60776 1 83723 95501 254 6825526 8.00 0.00 0.00 1186954 5 10
500 2090 0.669898 1 38303 44783 126 3037560 8.00 0.00 0.00 570448 5 11
500 2090 3.9774 1 224266 256858 511 15794071 8.00 0.00 0.00 2939130 5 12
500 2090 0.378942 1 18757 21030 63 1787696 8.00 0.00 0.00 278638 5 13
500 2090 0.206968 1 10528 11855 46 998238 8.00 0.00 0.00 159566 5 14
500 2090 0.570913 1 33650 39196 124 2409087 8.00 0.00 0.00 472905 5 15
500 2090 3.49747 1 198901 226495 510 13939857 8.00 0.00 0.00 2672511 5 16
500 2090 4.72728 1 261367 298137 622 18115099 8.00 0.00 0.00 3353646 5 17
500 2090 4.92625 1 273020 311247 638 19342463 8.00 0.00 0.00 3612057 5 18
500 2090 1.3268 1 66318 75265 204 5757861 8.00 0.00 0.00 948827 5 19
500 2090 0.292955 1 14581 16606 62 1391795 8.00 0.00 0.00 223951 5 20
588 2492 0.183972 1 9606 11292 41 863084 8.00 0.00 0.00 146138 6 1
588 2492 0.266959 1 13248 15638 60 1254549 8.00 0.00 0.00 200619 6 2
588 2492 0.316951 1 15234 17826 62 1522532 8.00 0.00 0.00 230384 6 3
588 2492 0.416936 1 18955 21592 63 1985092 8.00 0.00 0.00 286329 6 4
588 2492 0.576912 1 24949 28618 93 2701288 8.00 0.00 0.00 377673 6 5
588 2492 0.84987 1 36552 41764 126 4049814 8.00 0.00 0.00 570914 6 6
588 2492 2.43163 1 100522 112823 255 11234121 8.00 0.00 0.00 1528751 6 7
588 2492 3.2915 1 116858 128643 316 15791739 8.00 0.00 0.00 1753504 6 8
588 2492 2.02069 1 87133 98744 254 9336970 8.00 0.00 0.00 1307555 6 9
588 2492 2.83657 1 107556 119582 282 13234654 8.00 0.00 0.00 1592188 6 10
588 2492 0.181972 1 8147 9697 33 886116 8.00 0.00 0.00 121795 6 11
588 2492 0.448931 1 21956 25276 78 2110928 8.00 0.00 0.00 333491 6 12
588 2492 4.96624 1 187597 208274 509 23276677 8.00 0.00 0.00 2745112 6 13
588 2492 1.3408 1 54871 61554 171 6466261 8.00 0.00 0.00 803527 6 14
588 2492 0.91586 1 35225 39863 125 4527170 8.00 0.00 0.00 543217 6 15
588 2492 1.72374 1 67040 75338 205 8173960 8.00 0.00 0.00 991285 6 16
588 2492 3.69344 1 133052 148404 365 17468986 8.00 0.00 0.00 1989138 6 17
588 2492 6.53201 1 228869 250589 511 30004442 8.00 0.00 0.00 3364922 6 18
588 2492 2.88456 1 108587 120512 285 13722106 8.00 0.00 0.00 1601971 6 19
588 2492 1.63375 1 64121 71873 191 7934219 8.00 0.00 0.00 950332 6 20
676 2894 73.5148 1 2844283 3123356 5018 268926796 8.00 0.00 0.00 45122755 7 1
676 2894 6.82696 1 314561 353010 765 28292997 8.00 0.00 0.00 5087391 7 2
676 2894 36.7894 1 1503439 1670992 2940 140241173 8.00 0.00 0.00 24544122 7 3
676 2894 9.59254 1 425867 477255 1021 39304602 8.00 0.00 0.00 7090389 7 4
676 2894 4.22936 1 192512 217983 510 18118217 8.00 0.00 0.00 3206293 7 5
676 2894 4.47632 1 196188 220429 510 18713099 8.00 0.00 0.00 3319460 7 6
676 2894 1.75173 1 82360 95014 253 7503347 8.00 0.00 0.00 1402911 7 7
676 2894 18.5652 1 773745 853974 1643 74126471 8.00 0.00 0.00 12496373 7 8
676 2894 53.3379 1 2182163 2411260 4094 207653742 8.00 0.00 0.00 34751260 7 9
676 2894 2.47762 1 114605 131299 307 10876270 8.00 0.00 0.00 1920563 7 10
676 2894 6.52501 1 301152 337081 731 26914067 8.00 0.00 0.00 4892316 7 11
676 2894 2.10168 1 96207 109077 255 8801979 8.00 0.00 0.00 1620978 7 12
676 2894 59.7119 1 2375596 2624457 4095 227434649 8.00 0.00 0.00 37553312 7 13
676 2894 44.8282 1 1822005 2013634 3577 173475581 8.00 0.00 0.00 29398022 7 14
676 2894 2.22966 1 103424 116138 262 9588025 8.00 0.00 0.00 1689921 7 15
676 2894 73.3428 1 2986080 3265823 5177 280983726 8.00 0.00 0.00 46727357 7 16
676 2894 11.7902 1 505734 561541 1023 47726229 8.00 0.00 0.00 8258229 7 17
676 2894 3.89141 1 181156 206441 507 16362902 8.00 0.00 0.00 2983195 7 18
676 2894 4.03739 1 184047 206920 508 16967064 8.00 0.00 0.00 3010109 7 19
676 2894 47.2538 1 1866206 2060698 3581 179294669 8.00 0.00 0.00 30211445 7 20
764 3296 71.7051 1 2551162 2812822 4350 260331423 8.00 0.00 0.00 44387709 8 1
764 3296 21.8207 1 818984 911862 1773 84488592 8.00 0.00 0.00 14520408 8 2
764 3296 3.45447 1 111112 125636 291 16081134 8.00 0.00 0.00 2199773 8 3
764 3296 22.4096 1 784156 860945 1661 85185495 8.00 0.00 0.00 13977840 8 4
764 3296 4.55831 1 162364 184116 444 20035398 8.00 0.00 0.00 3126372 8 5
764 3296 115.879 1 3732246 4086538 6524 419493766 8.00 0.00 0.00 65623673 8 6
764 3296 18.5342 1 630430 698905 1340 71584980 8.00 0.00 0.00 11263682 8 7
764 3296 53.0719 1 1934271 2141203 3771 196222163 8.00 0.00 0.00 34043007 8 8
764 3296 28.3907 1 1035511 1145911 2047 108048454 8.00 0.00 0.00 18429932 8 9
764 3296 0.757884 1 24740 29140 92 3721910 8.00 0.00 0.00 524478 8 10
764 3296 11.9252 1 417024 467726 1020 48729126 8.00 0.00 0.00 7735842 8 11
764 3296 5.95209 1 192812 216138 510 26472982 8.00 0.00 0.00 3783426 8 12
764 3296 5.86311 1 227317 256102 511 24963378 8.00 0.00 0.00 4151821 8 13
764 3296 3.40648 1 108699 123112 285 15308862 8.00 0.00 0.00 2277866 8 14
764 3296 1.35579 1 32426 37139 122 7201412 8.00 0.00 0.00 805963 8 15
764 3296 27.1879 1 940129 1044661 2044 106193951 8.00 0.00 0.00 17072015 8 16
764 3296 19.795 1 679010 756555 1468 79621948 8.00 0.00 0.00 12438772 8 17
764 3296 23.3554 1 821771 911107 1785 92345386 8.00 0.00 0.00 14761495 8 18
764 3296 46.5129 1 1688988 1870603 3216 175687247 8.00 0.00 0.00 29685674 8 19
764 3296 27.8228 1 981047 1091975 2046 104825782 8.00 0.00 0.00 17538137 8 20
852 3698 26.196 1 712889 794821 1533 108977580 8.00 0.00 0.00 13874167 9 1
852 3698 61.0267 1 1593291 1758024 3070 233556589 8.00 0.00 0.00 29904100 9 2
852 3698 16.2335 1 447001 500843 1022 68629739 8.00 0.00 0.00 8800607 9 3
852 3698 19.661 1 480274 533348 1023 86928733 8.00 0.00 0.00 9814645 9 4
852 3698 29.6415 1 773382 859353 1643 119943837 8.00 0.00 0.00 14973054 9 5
852 3698 78.2761 1 2026728 2244947 3995 285538804 8.00 0.00 0.00 38195599 9 6
852 3698 54.8287 1 1537968 1707306 3059 208385909 8.00 0.00 0.00 28877080 9 7
852 3698 1.78773 1 37470 43565 126 9339180 8.00 0.00 0.00 981590 9 8
852 3698 3.3145 1 67209 75726 205 17145022 8.00 0.00 0.00 1644457 9 9
852 3698 56.5954 1 1439794 1603394 2811 214775238 8.00 0.00 0.00 27236314 9 10
852 3698 2.58861 1 65590 75780 200 12562949 8.00 0.00 0.00 1462622 9 11
852 3698 435.527 1 10020636 10900561 16380 1432668867 12.00 0.00 0.00 181018663 9 12
852 3698 53.0779 1 1371246 1502786 2614 213687309 8.00 0.00 0.00 25745365 9 13
852 3698 33.142 1 871846 971698 1883 136297898 8.00 0.00 0.00 17090426 9 14
852 3698 264.059 1 6941577 7637052 11261 898984746 11.00 0.00 0.00 124870990 9 15
852 3698 123.437 1 3116835 3434443 5500 446132991 9.00 0.00 0.00 58259397 9 16
852 3698 38.0672 1 1054901 1171486 2047 150952935 8.00 0.00 0.00 20004690 9 17
852 3698 10.7584 1 265023 296954 636 51190097 8.00 0.00 0.00 5647950 9 18
852 3698 94.5786 1 2567390 2821437 4374 346050260 8.00 0.00 0.00 46796307 9 19
852 3698 5.00924 1 124569 141210 333 24503675 8.00 0.00 0.00 2651358 9 20
940 4100 2.72858 1 50318 58210 156 14242889 8.00 0.00 0.00 1301841 10 1
940 4100 154.982 1 3491166 3879052 6142 566039184 10.00 0.00 0.00 67539522 10 2
940 4100 152.105 1 3557566 3964011 6142 550377052 10.00 0.00 0.00 69039025 10 3
940 4100 47.8157 1 1015040 1137220 2046 201791323 8.00 0.00 0.00 21024701 10 4
940 4100 21.3608 1 338946 372699 796 104176512 8.00 0.00 0.00 8237636 10 5
940 4100 168.561 1 2740138 2965878 4755 720358291 10.00 0.00 0.00 54471762 10 6
940 4100 4.33234 1 76577 87558 244 22496723 8.00 0.00 0.00 1946644 10 7
940 4100 50.0794 1 1122198 1250794 2047 206237682 8.00 0.00 0.00 22588047 10 8
940 4100 232.467 1 3718099 4029560 6495 953701031 10.00 0.00 0.00 72344784 10 9
940 4100 76.6154 1 1715639 1907781 3306 300048456 8.00 0.00 0.00 33995963 10 10
940 4100 143.602 1 2479027 2720141 4158 586149981 10.00 0.00 0.00 49806599 10 11
940 4100 13.381 1 218695 242661 511 66811107 8.00 0.00 0.00 5372128 10 12
940 4100 53.7738 1 894987 975836 1938 249028448 8.00 0.00 0.00 19819449 10 13
940 4100 155.639 1 2642052 2896685 4602 626265663 10.00 0.00 0.00 51736693 10 14
940 4100 44.9992 1 695375 756707 1531 212344102 8.00 0.00 0.00 16084145 10 15
940 4100 43.2624 1 993291 1118752 2046 178549992 8.00 0.00 0.00 20257141 10 16
940 4100 147.596 1 2568556 2823751 4380 611466219 10.00 0.00 0.00 51963030 10 17
940 4100 2.03269 1 38325 44491 126 10743380 8.00 0.00 0.00 969433 10 18
940 4100 17.2364 1 278241 308023 653 84435346 8.00 0.00 0.00 6915534 10 19
940 4100 235.19 1 4635374 5087675 8189 867324360 11.00 0.00 0.00 91442532 10 20
1028 4502 77.3522 1 1038239 1136344 2047 360629433 8.00 0.00 0.00 25312404 11 1
1028 4502 2.77358 1 47054 54978 141 14493961 8.00 0.00 0.00 1180601 11 2
1028 4502 79.7079 1 1101038 1206601 2047 368573421 9.00 0.00 0.00 25017331 11 3
1028 4502 204.387 1 2676775 2882127 4606 936813920 10.00 0.00 0.00 60384028 11 4
1028 4502 124.701 1 1713332 1870108 3298 583054962 9.00 0.00 0.00 39379332 11 5
1028 4502 28.0667 1 412247 454606 1018 137885251 8.00 0.00 0.00 9502554 11 6
1028 4502 6.38003 1 104274 119336 266 32664574 8.00 0.00 0.00 2570552 11 7
1028 4502 5.9201 1 99579 115131 255 30255464 8.00 0.00 0.00 2560746 11 8
1028 4502 41.0018 1 580791 638727 1234 198004402 8.00 0.00 0.00 13694964 11 9
1028 4502 41.7916 1 585760 645279 1251 199315310 8.00 0.00 0.00 13991692 11 10
1028 4502 29.1496 1 426155 476825 1021 141180084 8.00 0.00 0.00 10627406 11 11
1028 4502 75.4705 1 1048398 1143966 2047 352547830 8.00 0.00 0.00 24007641 11 12
1028 4502 44.0463 1 607985 663812 1278 213343390 8.00 0.00 0.00 14158277 11 13
1028 4502 98.3221 1 1395756 1527459 2684 453111804 8.00 0.00 0.00 30265802 11 14
1028 4502 5.13922 1 82452 94619 253 26150370 8.00 0.00 0.00 2084171 11 15
1028 4502 83.8113 1 1120894 1213456 2047 392866015 8.00 0.00 0.00 26327543 11 16
1028 4502 68.8585 1 968278 1061881 2045 331741823 8.00 0.00 0.00 22842612 11 17
1028 4502 37.3423 1 537693 597041 1116 177964779 8.00 0.00 0.00 13272984 11 18
1028 4502 180.683 1 2426595 2637128 4095 808339113 10.00 0.00 0.00 51716300 11 19
1028 4502 50.6303 1 693184 755283 1529 241717773 8.00 0.00 0.00 15778546 11 20
1116 4904 8.91364 1 132279 151845 364 45088331 8.00 0.00 0.00 3334902 12 1
1116 4904 654.181 1 7573870 8164863 12285 2877741318 13.00 0.00 0.00 156008709 12 2
1116 4904 45.0512 1 591303 658042 1275 213530845 8.00 0.00 0.00 14469264 12 3
1116 4904 9.61454 1 139568 159209 381 48824394 8.00 0.00 0.00 3522900 12 4
1116 4904 6.21605 1 94614 108692 255 31995023 8.00 0.00 0.00 2345172 12 5
1116 4904 29.9654 1 402750 451680 985 145776832 8.00 0.00 0.00 10021564 12 6
1116 4904 34.9027 1 476412 534490 1023 167443797 8.00 0.00 0.00 12182166 12 7
1116 4904 424.752 1 4898337 5330405 8190 1903455126 12.00 0.00 0.00 108203958 12 8
1116 4904 470.895 1 5607836 6038177 8843 2123578042 13.00 0.00 0.00 111255936 12 9
1116 4904 181.812 1 2171280 2366630 4094 824781658 10.00 0.00 0.00 49467219 12 10
1116 4904 145.96 1 1786385 1962505 3452 676089855 9.00 0.00 0.00 40738874 12 11
1116 4904 611.153 1 7117665 7670752 11643 2720816717 13.00 0.00 0.00 142285676 12 12
1116 4904 99.9708 1 1250573 1370036 2372 468654387 9.00 0.00 0.00 28980130 12 13
1116 4904 484.511 1 5874587 6356802 9332 2073915770 12.00 0.00 0.00 116469404 12 14
1116 4904 372.828 1 4386696 4745052 7849 1677799244 12.00 0.00 0.00 91839708 12 15
1116 4904 7.47886 1 112669 129464 300 38089528 8.00 0.00 0.00 2787654 12 16
1116 4904 4.35434 1 70773 83052 221 22327694 8.00 0.00 0.00 1794148 12 17
1116 4904 435.711 1 5227940 5623378 8191 1932292437 13.00 0.00 0.00 102445511 12 18
1116 4904 535.071 1 6097563 6581304 9812 2360665078 13.00 0.00 0.00 130317490 12 19
1116 4904 34.8017 1 457369 506116 1022 170342131 8.00 0.00 0.00 11125908 12 20
1204 5306 3.9454 1 58894 69809 188 20316589 8.00 0.00 0.00 1531093 13 1
1204 5306 13.5449 1 182377 208195 507 67611270 8.00 0.00 0.00 4566026 13 2
1204 5306 230.299 1 2558188 2787437 4350 1031974593 11.00 0.00 0.00 57471348 13 3
1204 5306 4.94325 1 71415 83412 221 25301573 8.00 0.00 0.00 1782147 13 4
1204 5306 90.4712 1 1078811 1176823 2047 421599027 9.00 0.00 0.00 23591559 13 5
1204 5306 151.447 1 1745366 1926317 3339 698356784 10.00 0.00 0.00 40783317 13 6
1204 5306 69.8434 1 833210 919148 1789 330568419 8.00 0.00 0.00 20854288 13 7
1204 5306 4.73428 1 70602 82880 221 23876245 8.00 0.00 0.00 1768748 13 8
1204 5306 210.923 1 2314711 2520998 4095 942444611 10.00 0.00 0.00 52657099 13 9
1204 5306 55.3296 1 663387 736488 1421 258780779 8.00 0.00 0.00 15989951 13 10
1204 5306 62.5825 1 743135 826852 1534 293652827 8.00 0.00 0.00 17561065 13 11
1204 5306 405.417 1 4330300 4688655 7676 1829931061 12.00 0.00 0.00 91129482 13 12
1204 5306 153.389 1 1762104 1937730 3388 703636427 10.00 0.00 0.00 40409604 13 13
1204 5306 118.02 1 1360203 1498809 2569 547230961 9.00 0.00 0.00 31358653 13 14
1204 5306 158.346 1 1794165 1975007 3482 724265530 10.00 0.00 0.00 40895118 13 15
1204 5306 13.292 1 183189 211513 508 66721983 8.00 0.00 0.00 4511916 13 16
1204 5306 97.9101 1 1152098 1264979 2138 463408153 9.00 0.00 0.00 26978838 13 17
1204 5306 0.185971 1 3539 4556 18 986532 8.00 0.00 0.00 90147 13 18
1204 5306 208.942 1 2339378 2545574 4095 952429908 11.00 0.00 0.00 51465404 13 19
1204 5306 575.031 1 6191170 6724672 10042 2567967237 13.00 0.00 0.00 127359967 13 20
1292 5708 48.4966 1 550496 611976 1149 228444956 8.00 0.00 0.00 13103912 14 1
1292 5708 11.1963 1 142056 163691 382 56101986 8.00 0.00 0.00 3383794 14 2
1292 5708 22.0576 1 274314 310739 638 109149515 8.00 0.00 0.00 6696418 14 3
1292 5708 40.1999 1 483173 540397 1023 191358950 8.00 0.00 0.00 11888457 14 4
1292 5708 351.26 1 3598690 3905318 6188 1576604629 12.00 0.00 0.00 76037713 14 5
1292 5708 220.179 1 2294847 2516037 4095 998947702 11.00 0.00 0.00 52551787 14 6
1292 5708 524.111 1 5225814 5684572 8191 2297258612 13.00 0.00 0.00 114444485 14 7
1292 5708 39.0421 1 470790 529975 1023 186795113 8.00 0.00 0.00 11543476 14 8
1292 5708 51.1182 1 578133 641241 1222 239861044 8.00 0.00 0.00 13852980 14 9
1292 5708 106.747 1 1157594 1284515 2156 489134105 9.00 0.00 0.00 27354513 14 10
1292 5708 49.4185 1 584004 654161 1244 236112363 8.00 0.00 0.00 13935400 14 11
1292 5708 204.297 1 2148606 2368714 4093 922375985 10.00 0.00 0.00 49835449 14 12
1292 5708 241.993 1 2522295 2746662 4285 1068586107 11.00 0.00 0.00 55044030 14 13
1292 5708 332.275 1 3380108 3693847 6116 1487760776 12.00 0.00 0.00 74345262 14 14
1292 5708 72.615 1 824816 926007 1787 339869682 9.00 0.00 0.00 19946081 14 15
1292 5708 1.91571 1 27976 33651 100 9913094 8.00 0.00 0.00 708745 14 16
1292 5708 0.510922 1 9483 11969 41 2721005 8.00 0.00 0.00 226917 14 17
1292 5708 156.6 1 1668691 1833019 3171 718002306 11.00 0.00 0.00 37841149 14 18
1292 5708 3.2765 1 48346 57911 145 16526317 8.00 0.00 0.00 1210447 14 19
1292 5708 22.6146 1 271193 302331 638 111337704 8.00 0.00 0.00 6400373 14 20
1380 6110 414.464 1 3955144 4359911 7032 1806070769 13.00 0.00 0.01 88262599 15 1
1380 6110 24.5403 1 285042 321844 678 119011170 9.00 0.00 0.01 6830646 15 2
1380 6110 5.9021 1 75513 88475 238 30262025 9.00 0.00 0.00 1873399 15 3
1380 6110 137.982 1 1436507 1592121 2809 632650470 10.00 0.00 0.00 32659689 15 4
1380 6110 318.982 1 3177676 3511895 5628 1424294107 12.00 0.00 0.00 71149545 15 5
1380 6110 8.96564 1 112553 131130 299 44901079 9.00 0.00 0.01 2773094 15 6
1380 6110 93.0928 1 974569 1083382 2046 438228522 9.00 0.00 0.00 22159725 15 7
1380 6110 72.32 1 787809 881021 1661 338845893 9.00 0.00 0.00 18742407 15 8
1380 6110 18.0083 1 213804 245386 511 87429927 9.00 0.00 0.00 5320750 15 9
1380 6110 260.144 1 2504315 2753431 4222 1126625523 12.00 0.00 0.00 56527340 15 10
1380 6110 5.40518 1 68280 80412 212 28100972 9.00 0.00 0.00 1660677 15 11
1380 6110 503.65 1 4767535 5255295 8190 2194714818 13.00 0.00 0.00 104057444 15 12
1380 6110 49.6874 1 544122 607564 1139 233893773 9.00 0.00 0.00 12523065 15 13
1380 6110 529.051 1 4928121 5381279 8191 2288973542 14.00 0.00 0.00 103910892 15 14
1380 6110 52.687 1 580409 644647 1231 253737060 9.00 0.00 0.00 13610753 15 15
1380 6110 552.324 1 5364805 5913369 8316 2467722390 15.00 0.00 0.00 116568737 15 16
1380 6110 7.8628 1 100566 116822 255 40091335 9.00 0.00 0.00 2390945 15 17
1380 6110 223.396 1 2234772 2473081 4094 1000856294 11.00 0.00 0.01 49853463 15 18
1380 6110 59.284 1 651939 736506 1404 278603913 9.00 0.00 0.01 15240406 15 19
1380 6110 358.567 1 3513592 3872382 6142 1589507708 12.00 0.00 0.01 79626965 15 20
1468 6512 274.432 1 2564088 2827805 4357 1209044694 12.00 0.00 0.00 56546805 16 1
1468 6512 434.63 1 3980218 4409096 7096 1886651333 13.00 0.00 0.00 90211382 16 2
1468 6512 511.748 1 4589245 5040555 8188 2206657329 14.00 0.00 0.00 102092700 16 3
1468 6512 14.8527 1 165295 189027 445 73429467 9.00 0.00 0.00 3921080 16 4
1468 6512 270.512 1 2485131 2723520 4187 1173933470 12.00 0.00 0.00 55953586 16 5
1468 6512 57.0543 1 593775 668324 1276 262307523 9.00 0.00 0.00 14396195 16 6
1468 6512 106.537 1 1051414 1171162 2047 481010984 10.00 0.00 0.00 24328868 16 7
1468 6512 384.119 1 3487968 3840352 6142 1665758699 13.00 0.00 0.00 78599101 16 8
1468 6512 711.045 1 6148613 6725708 9961 2989795893 17.00 0.00 0.01 130705495 16 9
1468 6512 14.7638 1 166773 192985 446 72873574 9.00 0.00 0.00 4035821 16 10
1468 6512 1282.57 1 10866779 11853434 16383 5224282599 18.00 0.00 0.00 234493438 16 11
1468 6512 88.2666 1 863305 958472 1852 404511165 9.00 0.00 0.00 20139471 16 12
1468 6512 572.915 1 5055595 5541046 8191 2423535603 14.00 0.00 0.01 110016685 16 13
1468 6512 36.7914 1 379342 424093 900 175261032 9.00 0.00 0.00 8642598 16 14
1468 6512 17.6373 1 196105 225424 510 87858207 9.00 0.00 0.00 4724728 16 15
1468 6512 410.926 1 3681306 4024384 6397 1803176515 13.00 0.00 0.00 80046693 16 16
1468 6512 52.0331 1 551433 623818 1150 246376781 9.00 0.00 0.00 12977666 16 17
1468 6512 761.486 1 6782842 7411460 11004 3273748233 17.00 0.00 0.00 145193162 16 18
1468 6512 24.8732 1 259979 293117 618 119483409 9.00 0.00 0.01 5927849 16 19
1468 6512 1.9417 1 26273 32551 94 10017469 9.00 0.00 0.01 664812 16 20
1556 6914 94.9816 1 883401 990320 1915 437015018 9.00 0.00 0.01 20768240 17 1
1556 6914 45.3711 1 451756 512976 1022 213259567 9.00 0.00 0.01 11016007 17 2
1556 6914 63.0994 1 598234 668232 1277 291949143 9.00 0.00 0.01 13611841 17 3
1556 6914 90.1093 1 848279 953530 1803 408675767 9.00 0.00 0.01 20089341 17 4
1556 6914 319.673 1 2776125 3071068 4860 1370271609 13.00 0.00 0.00 64092845 17 5
1556 6914 38.4202 1 385616 439237 924 183003936 9.00 0.00 0.00 9194100 17 6
1556 6914 91.98 1 865051 968017 1852 417450137 9.00 0.00 0.00 20703548 17 7
1556 6914 302.744 1 2680893 2962802 4606 1319493456 13.00 0.00 0.00 60180928 17 8
1556 6914 120.145 1 1079110 1197433 2047 529888491 10.00 0.00 0.01 24638381 17 9
1556 6914 275.725 1 2388390 2638804 4095 1180652055 13.00 0.00 0.01 54897263 17 10
1556 6914 37.2433 1 364296 410703 880 173116055 9.00 0.00 0.01 8706819 17 11
1556 6914 185.057 1 1654679 1830979 3131 820870874 11.00 0.00 0.01 37470229 17 12
1556 6914 13.7829 1 143840 167229 382 67506810 9.00 0.00 0.01 3486152 17 13
1556 6914 161.327 1 1457363 1613659 2813 712251880 11.00 0.00 0.01 33780939 17 14
1556 6914 352.937 1 3126261 3461112 5530 1527966954 13.00 0.00 0.00 69359193 17 15
1556 6914 969.385 1 7822516 8556092 12405 4023451631 18.00 0.00 0.00 171678566 17 16
1556 6914 330.014 1 2911321 3223404 5117 1452671778 13.00 0.00 0.00 64828318 17 17
1556 6914 7.9048 1 87920 103790 254 39826109 9.00 0.00 0.01 2179175 17 18
1556 6914 1048.91 1 8427203 9253331 13639 4236125264 18.00 0.00 0.01 181068652 17 19
1556 6914 104.269 1 981410 1104178 2046 470263833 10.00 0.00 0.01 23264892 17 20
1644 7316 161.06 1 1361262 1509946 2573 719134658 11.00 0.00 0.01 30455706 18 1
1644 7316 211.768 1 1769262 1965214 3419 936760890 12.00 0.00 0.01 39391154 18 2
1644 7316 253.675 1 2082254 2321800 4092 1079561327 12.00 0.00 0.01 47695133 18 3
1644 7316 248.395 1 2077127 2314061 4092 1091024364 12.00 0.00 0.01 47973925 18 4
1644 7316 176.664 1 1494864 1666970 2938 778092843 11.00 0.00 0.01 34936269 18 5
1644 7316 8.89865 1 92784 109186 255 44469091 9.00 0.00 0.01 2327201 18 6
1644 7316 157.216 1 1358851 1517106 2561 709921563 11.00 0.00 0.01 31565297 18 7
1644 7316 42.3476 1 390993 449310 949 200286107 9.00 0.00 0.01 9347148 18 8
1644 7316 2.12468 1 25258 31182 93 10969008 9.00 0.00 0.01 640693 18 9
1644 7316 25.5621 1 238733 271329 542 121340519 9.00 0.00 0.00 5633607 18 10
1644 7316 265.629 1 2233576 2493623 4094 1124798574 12.00 0.00 0.01 53909566 18 11
1644 7316 321.908 1 2618337 2892000 4523 1377836789 14.00 0.00 0.01 59086631 18 12
1644 7316 131.808 1 1129450 1260085 2058 584811536 11.00 0.00 0.01 25653987 18 13
1644 7316 154.104 1 1347156 1510176 2558 688048092 11.00 0.00 0.01 31397991 18 14
1644 7316 255.264 1 2107683 2337781 4093 1088222528 12.00 0.00 0.01 47674076 18 15
1644 7316 136.132 1 1161059 1291242 2171 596893335 10.00 0.00 0.01 26895181 18 16
1644 7316 31.2333 1 296462 339382 712 151756877 9.00 0.00 0.01 7115651 18 17
1644 7316 79.5719 1 703253 794263 1532 374078096 9.00 0.00 0.00 16384652 18 18
1644 7316 275.173 1 2236692 2460952 4094 1185390615 13.00 0.00 0.00 49760327 18 19
1644 7316 13.181 1 129123 149661 349 65441436 9.00 0.00 0.01 3097471 18 20
1732 7718 6.72298 1 67749 80576 209 33938590 9.00 0.00 0.00 1679602 19 1
1732 7718 1038.97 1 7343625 8057888 12154 4068064912 19.00 0.01 0.01 160839374 19 2
1732 7718 130.833 1 1039579 1161812 2047 579643856 10.00 0.00 0.01 23906118 19 3
1732 7718 190.5 1 1475901 1633550 2875 842979224 11.00 0.00 0.01 33574325 19 4
1732 7718 365.569 1 2791690 3084188 4861 1556650511 14.00 0.00 0.00 62061421 19 5
1732 7718 717.676 1 5240696 5773828 8191 2934374415 17.00 0.00 0.01 114622066 19 6
1732 7718 498.196 1 3787161 4173064 6652 2114844495 15.00 0.00 0.00 85117201 19 7
1732 7718 744.678 1 5433560 5938254 8451 3103639462 17.00 0.00 0.01 115987010 19 8
1732 7718 66.5829 1 554347 624554 1150 303649606 9.00 0.00 0.01 12843352 19 9
1732 7718 0.838872 1 10418 13087 45 4491822 9.00 0.00 0.01 260021 19 10
1732 7718 8.14576 1 80379 95793 253 40066172 9.00 0.00 0.01 1992420 19 11
1732 7718 328.844 1 2443035 2714309 4095 1376584529 13.00 0.00 0.01 55170984 19 12
1732 7718 20.2639 1 184486 213815 508 98168051 9.00 0.00 0.00 4585424 19 13
1732 7718 36.3685 1 314960 358303 765 174071835 9.00 0.00 0.01 7499973 19 14
1732 7718 180.475 1 1408548 1567471 2713 780857247 11.00 0.00 0.01 32633264 19 15
1732 7718 27.9687 1 251337 289923 583 132569489 9.00 0.00 0.01 6215264 19 16
1732 7718 377.812 1 2872206 3168750 5112 1600548228 15.00 0.00 0.01 63071630 19 17
1732 7718 655.64 1 4784505 5251959 8190 2701961692 17.00 0.00 0.01 104972904 19 18
1732 7718 23.5334 1 208641 240007 511 116159192 9.00 0.00 0.01 4975640 19 19
1732 7718 265.661 1 2060146 2296809 4090 1133480204 12.00 0.00 0.01 47058291 19 20
1820 8120 548.29 1 3861555 4262213 6780 2255788198 15.00 0.00 0.01 87608701 20 1
1820 8120 1408.27 1 9030024 9901231 14628 5419002651 22.00 0.00 0.01 199043605 20 2
1820 8120 41.8746 1 341220 388479 797 200210275 9.00 0.01 0.01 8067998 20 3
1820 8120 20.8468 1 178934 208796 498 101499175 9.00 0.01 0.01 4394173 20 4
1820 8120 65.0061 1 506844 573271 1023 305002438 9.00 0.00 0.01 11748189 20 5
1820 8120 1.3018 1 14040 17709 61 6887972 9.00 0.00 0.01 355506 20 6
1820 8120 217.415 1 1607728 1791590 3070 958836213 12.00 0.00 0.01 36929350 20 7
1820 8120 58.0392 1 471200 538449 1023 269001173 9.00 0.00 0.01 11340080 20 8
1820 8120 297.331 1 2084029 2305397 4092 1254116442 14.00 0.00 0.01 47322361 20 9
1820 8120 62.8494 1 489742 552429 1023 286239948 9.00 0.00 0.01 11511299 20 10
1820 8120 1.15282 1 12947 16040 58 6280259 9.00 0.00 0.01 326027 20 11
1820 8120 370.068 1 2578562 2866881 4412 1547893025 14.00 0.00 0.00 58603073 20 12
1820 8120 9.62054 1 86839 102718 254 48331973 9.00 0.00 0.01 2134224 20 13
1820 8120 251.54 1 1807291 2012101 3518 1077071964 13.00 0.00 0.01 41884957 20 14
1820 8120 22.9225 1 200344 230709 510 112536690 9.00 0.00 0.01 4894863 20 15
1820 8120 12.2451 1 106840 123958 277 60998204 9.00 0.00 0.01 2605386 20 16
1820 8120 224.905 1 1667245 1854775 3164 990515325 13.00 0.00 0.01 38719233 20 17
1820 8120 170.484 1 1270405 1423898 2429 753407070 11.00 0.00 0.01 29529071 20 18
1820 8120 779.523 1 5395988 5958165 8391 3129972973 17.00 0.00 0.01 119933363 20 19
1820 8120 66.6299 1 527727 597078 1085 308825631 10.00 0.01 0.00 12200064 20 20
