WARNING: for repeatability, setting FPU to use double precision
============================[ Problem Statistics ]=============================
|                                                                             |
|  Number of variables:           688                                         |
|  Number of clauses:            8656                                         |
|  Parse time:                   0.01 s                                       |
|  Eliminated clauses:           0.01 Mb                                      |
|  Simplification time:          0.03 s                                       |
|                                                                             |
=============================[ Search Statistics ]==============================
| Conflicts  |          ORIGINAL         |          LEARNT          | Progress |
|            |    Vars  Clauses Literals |    Limit  Clauses Lit/Cl |          |
================================================================================
|        100 |     448     8048    49480 |     2950      100     16 | 13.954 % |
|        250 |     448     8048    49480 |     3246      250     14 | 13.954 % |
|        475 |     448     8048    49480 |     3570      475     14 | 13.954 % |
|        812 |     448     8048    49480 |     3927      812     15 | 13.954 % |
|       1318 |     448     8048    49480 |     4320     1318     15 | 13.954 % |
|       2077 |     448     8048    49480 |     4752     2077     15 | 13.954 % |
|       3216 |     448     8048    49480 |     5227     3216     15 | 13.954 % |
|       4924 |     448     8048    49480 |     5750     4924     15 | 13.954 % |
|       7486 |     448     8048    49480 |     6325     4532     15 | 13.954 % |
|      11330 |     448     8048    49480 |     6958     5137     15 | 13.954 % |
|      17096 |     448     8048    49480 |     7653     3808     14 | 13.954 % |
|      25745 |     448     8048    49480 |     8419     4664     14 | 13.954 % |
|      38719 |     448     8048    49480 |     9261     4705     14 | 13.954 % |
|      58180 |     448     8048    49480 |    10187     5358     14 | 13.954 % |
|      87372 |     448     8048    49480 |    11206     8586     16 | 13.954 % |
|     131161 |     448     8048    49480 |    12326     6918     14 | 13.954 % |
|     196845 |     448     8048    49480 |    13559    10041     16 | 13.954 % |
|     295371 |     448     8048    49480 |    14915    12388     15 | 13.954 % |
|     443160 |     448     8048    49480 |    16406     9208     15 | 13.954 % |
|     664843 |     448     8048    49480 |    18047    15422     15 | 13.954 % |
|     997368 |     448     8048    49480 |    19852    10694     16 | 13.954 % |
|    1496156 |     448     8048    49480 |    21837    18656     14 | 13.954 % |
|    2244338 |     448     8048    49480 |    24021    18285     17 | 13.954 % |
|    3366612 |     448     8048    49480 |    26423    15448     14 | 13.954 % |
|    5050023 |     448     8048    49480 |    29065    17841     17 | 13.954 % |
|    7575139 |     448     8048    49480 |    31972    25956     16 | 13.954 % |
|   11362814 |     448     8048    49480 |    35169    25942     17 | 13.954 % |
|   17044326 |     448     8048    49480 |    38686    21749     16 | 13.954 % |
===============================================================================
restarts              : 26604
conflicts             : 17732891       (30292 /sec)
decisions             : 22637865       (0.00 % random) (38670 /sec)
propagations          : 458573451      (783345 /sec)
conflict literals     : 304414303      (8.35 % deleted)
Memory used           : 43.00 MB
CPU time              : 585.404 s

SATISFIABLE
