rn rc t sat cfs dec rts r1 mem ptime stime cfl r s
288 1876 0.002999 1 16 29 1 2830 8.00 0.00 0.00 100 1 1
288 1876 0.002999 1 0 15 1 272 8.00 0.00 0.00 0 1 2
288 1876 0.002999 1 17 34 1 2237 8.00 0.00 0.00 197 1 3
288 1876 0.002999 1 3 15 1 633 8.00 0.00 0.00 68 1 4
288 1876 0.004999 1 22 39 1 3287 8.00 0.00 0.00 239 1 5
288 1876 0.001999 1 9 22 1 1310 8.00 0.00 0.00 137 1 6
288 1876 0.003999 1 16 28 1 2563 8.00 0.00 0.00 142 1 7
288 1876 0.002999 1 4 15 1 904 8.00 0.00 0.00 87 1 8
288 1876 0.003999 1 17 29 1 2773 8.00 0.00 0.00 154 1 9
288 1876 0.002999 1 3 15 1 668 8.00 0.00 0.00 39 1 10
288 1876 0.001999 1 9 21 1 1484 8.00 0.00 0.00 77 1 11
288 1876 0.002999 1 3 15 1 655 8.00 0.00 0.00 63 1 12
288 1876 0.003999 1 15 34 1 2196 8.00 0.00 0.00 97 1 13
288 1876 0.003999 1 10 21 1 1710 8.00 0.00 0.00 117 1 14
288 1876 0.003999 1 5 18 1 1065 8.00 0.00 0.00 69 1 15
288 1876 0.005999 1 12 25 1 1969 8.00 0.00 0.00 104 1 16
288 1876 0.004999 1 18 30 1 2738 8.00 0.00 0.00 149 1 17
288 1876 0.002999 1 8 22 1 1129 8.00 0.00 0.00 147 1 18
288 1876 0.003999 1 6 19 1 1093 8.00 0.00 0.00 70 1 19
288 1876 0.006998 1 20 29 1 3462 8.00 0.00 0.00 180 1 20
552 3720 0.018997 1 383 495 3 66964 8.00 0.00 0.00 9271 2 1
552 3720 0.014997 1 156 225 2 28313 8.00 0.00 0.00 4105 2 2
552 3720 0.017997 1 350 603 3 47347 8.00 0.00 0.01 7820 2 3
552 3720 0.010998 1 83 140 1 16406 8.00 0.00 0.01 1979 2 4
552 3720 0.008998 1 25 71 1 4613 8.00 0.00 0.01 681 2 5
552 3720 0.008998 1 22 51 1 6121 8.00 0.00 0.00 383 2 6
552 3720 0.017997 1 322 452 3 58908 8.00 0.00 0.01 7533 2 7
552 3720 0.009998 1 41 107 1 8977 8.00 0.00 0.01 1098 2 8
552 3720 0.020996 1 434 549 4 74931 8.00 0.00 0.00 9693 2 9
552 3720 0.009998 1 177 274 2 29727 8.00 0.00 0.00 4810 2 10
552 3720 0.009998 1 63 116 1 10514 8.00 0.00 0.00 1726 2 11
552 3720 0.008998 1 38 98 1 6254 8.00 0.00 0.01 807 2 12
552 3720 0.012998 1 166 243 2 31213 8.00 0.00 0.00 4644 2 13
552 3720 0.011998 1 136 206 2 23931 8.00 0.00 0.00 4184 2 14
552 3720 0.018997 1 409 580 4 71444 8.00 0.00 0.00 10952 2 15
552 3720 0.011998 1 101 146 2 24125 8.00 0.00 0.00 2047 2 16
552 3720 0.007998 1 31 83 1 6597 8.00 0.00 0.00 979 2 17
552 3720 0.005999 1 20 62 1 4224 8.00 0.00 0.01 612 2 18
552 3720 0.018997 1 467 664 4 76706 8.00 0.00 0.00 9729 2 19
552 3720 0.013997 1 148 221 2 24845 8.00 0.00 0.01 3648 2 20
816 5564 0.009998 1 56 133 1 9694 8.00 0.00 0.00 1122 3 1
816 5564 0.013997 1 113 190 2 27505 8.00 0.00 0.01 2917 3 2
816 5564 0.029995 1 451 620 4 117202 8.00 0.00 0.01 8667 3 3
816 5564 0.015997 1 148 232 2 45214 8.00 0.00 0.01 3748 3 4
816 5564 0.016997 1 192 312 2 38758 8.00 0.00 0.01 4713 3 5
816 5564 0.011998 1 50 122 1 7984 8.00 0.00 0.01 1494 3 6
816 5564 0.025996 1 375 471 3 112564 8.00 0.00 0.01 9588 3 7
816 5564 0.022996 1 215 285 3 63304 8.00 0.00 0.01 4298 3 8
816 5564 0.021996 1 222 359 3 72508 8.00 0.00 0.01 6596 3 9
816 5564 0.008998 1 58 110 1 16867 8.00 0.00 0.00 1557 3 10
816 5564 0.017997 1 204 319 2 37990 8.00 0.00 0.01 4715 3 11
816 5564 0.018997 1 167 283 2 51659 8.00 0.00 0.01 4250 3 12
816 5564 0.018997 1 213 303 3 67326 8.00 0.00 0.00 6222 3 13
816 5564 0.020996 1 268 359 3 75690 8.00 0.00 0.01 5715 3 14
816 5564 0.017997 1 164 286 2 48413 8.00 0.00 0.01 4534 3 15
816 5564 0.012998 1 23 67 1 6354 8.00 0.00 0.01 596 3 16
816 5564 0.019996 1 241 362 3 70121 8.00 0.00 0.01 5736 3 17
816 5564 0.019996 1 289 426 3 67453 8.00 0.00 0.01 6898 3 18
816 5564 0.012998 1 37 82 1 10244 8.00 0.00 0.01 909 3 19
816 5564 0.026995 1 331 495 3 84096 8.00 0.00 0.01 8114 3 20
1080 7408 0.023996 1 249 376 3 65757 9.00 0.01 0.01 6456 4 1
1080 7408 0.031995 1 338 446 3 124537 9.00 0.00 0.01 8067 4 2
1080 7408 0.018997 1 155 244 2 45432 9.00 0.00 0.01 3745 4 3
1080 7408 0.029995 1 227 347 3 80979 9.00 0.01 0.01 5311 4 4
1080 7408 0.018997 1 140 242 2 53159 9.00 0.00 0.01 3253 4 5
1080 7408 0.021996 1 133 265 2 52678 9.00 0.01 0.01 3471 4 6
1080 7408 0.027995 1 283 438 3 95585 9.00 0.00 0.01 6327 4 7
1080 7408 0.015997 1 78 143 1 29440 9.00 0.00 0.01 1660 4 8
1080 7408 0.026995 1 257 375 3 100086 9.00 0.00 0.01 5974 4 9
1080 7408 0.032994 1 378 573 3 133493 9.00 0.00 0.01 7934 4 10
1080 7408 0.041993 1 668 893 6 203402 9.00 0.00 0.01 14126 4 11
1080 7408 0.012998 1 47 175 1 9940 9.00 0.00 0.01 988 4 12
1080 7408 0.021996 1 170 278 2 63036 9.00 0.00 0.01 3625 4 13
1080 7408 0.017997 1 19 68 1 6483 9.00 0.01 0.01 340 4 14
1080 7408 0.032994 1 311 451 3 106882 9.00 0.01 0.01 5816 4 15
1080 7408 0.023996 1 128 216 2 51811 9.00 0.00 0.01 2959 4 16
1080 7408 0.024996 1 224 350 3 81354 9.00 0.00 0.01 4394 4 17
1080 7408 0.022996 1 206 308 3 86678 9.00 0.00 0.01 4316 4 18
1080 7408 0.016997 1 149 326 2 29951 9.00 0.00 0.01 3662 4 19
1080 7408 0.036994 1 369 505 3 135791 9.00 0.00 0.01 8184 4 20
1344 9252 0.040993 1 283 422 3 153764 9.00 0.01 0.01 5079 5 1
1344 9252 0.029995 1 159 258 2 83669 9.00 0.00 0.01 4274 5 2
1344 9252 0.032994 1 263 399 3 127781 9.00 0.00 0.01 6312 5 3
1344 9252 0.033994 1 333 501 3 139397 9.00 0.00 0.01 8454 5 4
1344 9252 0.033994 1 209 313 3 107850 9.00 0.01 0.01 3919 5 5
1344 9252 0.017997 1 34 108 1 8622 9.00 0.01 0.01 874 5 6
1344 9252 0.022996 1 48 98 1 26401 9.00 0.01 0.01 1807 5 7
1344 9252 0.051992 1 385 505 3 220530 9.00 0.01 0.01 7125 5 8
1344 9252 0.025996 1 120 237 2 42467 9.00 0.00 0.01 3407 5 9
1344 9252 0.026995 1 110 202 2 62095 9.00 0.00 0.01 2623 5 10
1344 9252 0.019996 1 67 126 1 38464 9.00 0.00 0.01 1791 5 11
1344 9252 0.042993 1 407 616 4 197321 9.00 0.00 0.01 9005 5 12
1344 9252 0.019996 1 68 133 1 34007 9.00 0.00 0.01 2361 5 13
1344 9252 0.027995 1 216 342 3 92321 9.00 0.00 0.01 5073 5 14
1344 9252 0.025996 1 207 399 3 73801 9.00 0.01 0.01 4160 5 15
1344 9252 0.017997 1 89 185 1 26138 9.00 0.00 0.01 2329 5 16
1344 9252 0.038994 1 285 382 3 146573 9.00 0.01 0.01 5720 5 17
1344 9252 0.045993 1 343 450 3 181523 9.00 0.01 0.01 8509 5 18
1344 9252 0.017997 1 55 136 1 29229 9.00 0.00 0.01 1433 5 19
1344 9252 0.027995 1 225 359 3 90183 9.00 0.00 0.01 4669 5 20
1608 11096 0.025996 1 64 122 1 45625 9.00 0.01 0.01 1728 6 1
1608 11096 0.032994 1 198 367 2 107042 9.00 0.00 0.01 4131 6 2
1608 11096 0.033994 1 236 389 3 103001 9.00 0.01 0.01 5885 6 3
1608 11096 0.042993 1 307 504 3 167206 9.00 0.01 0.01 6535 6 4
1608 11096 0.037994 1 273 482 3 147063 9.00 0.00 0.01 5898 6 5
1608 11096 0.023996 1 56 140 1 46056 9.00 0.00 0.01 1577 6 6
1608 11096 0.048992 1 419 651 4 231200 9.00 0.00 0.01 9510 6 7
1608 11096 0.042993 1 280 433 3 194866 9.00 0.00 0.01 4738 6 8
1608 11096 0.05999 1 581 881 5 305821 9.00 0.00 0.01 10926 6 9
1608 11096 0.027995 1 115 188 2 74642 9.00 0.01 0.01 3760 6 10
1608 11096 0.043993 1 296 419 3 186723 9.00 0.00 0.01 6055 6 11
1608 11096 0.043993 1 331 502 3 196216 9.00 0.00 0.01 6768 6 12
1608 11096 0.038994 1 325 466 3 164006 9.00 0.00 0.01 7442 6 13
1608 11096 0.027995 1 136 224 2 86567 9.00 0.00 0.01 3254 6 14
1608 11096 0.033994 1 209 396 3 111728 9.00 0.01 0.01 4848 6 15
1608 11096 0.043993 1 233 341 3 178825 9.00 0.01 0.01 4570 6 16
1608 11096 0.045993 1 294 489 3 184822 9.00 0.01 0.01 6606 6 17
1608 11096 0.041993 1 351 570 3 183165 9.00 0.00 0.01 8658 6 18
1608 11096 0.053991 1 430 659 4 253021 9.00 0.01 0.01 8025 6 19
1608 11096 0.031995 1 232 339 3 125051 9.00 0.00 0.01 5677 6 20
1872 12940 0.020996 1 47 133 1 20408 9.00 0.01 0.01 1406 7 1
1872 12940 0.043993 1 254 425 3 152009 9.00 0.01 0.01 5102 7 2
1872 12940 0.034994 1 165 344 2 90464 9.00 0.01 0.01 5617 7 3
1872 12940 0.053991 1 284 427 3 210050 9.00 0.01 0.01 6322 7 4
1872 12940 0.034994 1 145 258 2 95827 9.00 0.01 0.01 3284 7 5
1872 12940 0.031995 1 119 234 2 72330 9.00 0.01 0.01 3766 7 6
1872 12940 0.042993 1 219 389 3 145480 9.00 0.01 0.01 5739 7 7
1872 12940 0.070989 1 415 588 4 345239 9.00 0.01 0.01 10818 7 8
1872 12940 0.053991 1 398 640 3 242695 9.00 0.01 0.01 8866 7 9
1872 12940 0.026995 1 92 198 1 51219 9.00 0.01 0.01 2499 7 10
1872 12940 0.042993 1 251 392 3 149613 9.00 0.01 0.01 5737 7 11
1872 12940 0.023996 1 46 129 1 20274 9.00 0.01 0.01 1148 7 12
1872 12940 0.051992 1 370 538 3 242768 9.00 0.00 0.01 7610 7 13
1872 12940 0.026995 1 102 198 2 60480 9.00 0.00 0.01 2884 7 14
1872 12940 0.031995 1 109 238 2 65264 9.00 0.01 0.01 3267 7 15
1872 12940 0.039993 1 183 280 2 133695 9.00 0.01 0.01 4863 7 16
1872 12940 0.027995 1 60 163 1 23727 9.00 0.01 0.01 1102 7 17
1872 12940 0.025996 1 44 97 1 36639 9.00 0.01 0.01 1107 7 18
1872 12940 0.039993 1 172 306 2 129225 9.00 0.01 0.01 3741 7 19
1872 12940 0.025996 1 42 84 1 30056 9.00 0.01 0.01 1426 7 20
2136 14784 0.030995 1 58 116 1 55994 9.00 0.01 0.01 1824 8 1
2136 14784 0.077988 1 449 607 4 405558 9.00 0.01 0.01 7639 8 2
2136 14784 0.058991 1 342 537 3 247840 9.00 0.01 0.01 9004 8 3
2136 14784 0.050992 1 343 603 3 196517 9.00 0.01 0.01 8473 8 4
2136 14784 0.043993 1 202 384 3 150262 9.00 0.01 0.01 3733 8 5
2136 14784 0.035994 1 129 265 2 74963 9.00 0.01 0.02 2863 8 6
2136 14784 0.051992 1 164 249 2 213468 9.00 0.01 0.01 2528 8 7
2136 14784 0.031995 1 113 224 2 70801 9.00 0.01 0.02 2769 8 8
2136 14784 0.06499 1 451 693 4 314228 9.00 0.01 0.02 9587 8 9
2136 14784 0.048992 1 175 285 2 183955 9.00 0.01 0.02 2658 8 10
2136 14784 0.043993 1 169 281 2 152758 9.00 0.01 0.02 4459 8 11
2136 14784 0.027995 1 37 98 1 30570 9.00 0.01 0.01 1381 8 12
2136 14784 0.043993 1 127 210 2 112012 9.00 0.01 0.02 2708 8 13
2136 14784 0.044993 1 180 284 2 161897 9.00 0.01 0.02 4817 8 14
2136 14784 0.084987 1 635 948 6 434231 9.00 0.01 0.02 12328 8 15
2136 14784 0.075988 1 350 445 3 422629 9.00 0.00 0.01 3751 8 16
2136 14784 0.035994 1 155 366 2 99947 9.00 0.01 0.01 3394 8 17
2136 14784 0.031995 1 106 270 2 60611 9.00 0.01 0.01 2850 8 18
2136 14784 0.038994 1 206 363 3 121097 9.00 0.01 0.02 4083 8 19
2136 14784 0.065989 1 427 622 4 293714 9.00 0.01 0.02 8515 8 20
2400 16628 0.079987 1 439 632 4 392205 9.00 0.01 0.02 7957 9 1
2400 16628 0.037994 1 142 213 2 80493 9.00 0.01 0.02 3222 9 2
2400 16628 0.071989 1 344 483 3 320513 9.00 0.01 0.02 5698 9 3
2400 16628 0.090986 1 647 866 6 453957 9.00 0.01 0.02 11969 9 4
2400 16628 0.031995 1 119 212 2 24299 9.00 0.01 0.02 3116 9 5
2400 16628 0.065989 1 306 509 3 260793 9.00 0.01 0.02 6775 9 6
2400 16628 0.086986 1 432 650 4 449954 9.00 0.01 0.02 6788 9 7
2400 16628 0.046992 1 160 292 2 126547 9.00 0.01 0.02 4579 9 8
2400 16628 0.06399 1 373 578 3 272722 9.00 0.01 0.02 7742 9 9
2400 16628 0.043993 1 277 506 3 134584 9.00 0.01 0.02 6637 9 10
2400 16628 0.067989 1 382 580 3 309717 9.00 0.01 0.02 7450 9 11
2400 16628 0.056991 1 221 355 3 218078 9.00 0.01 0.02 5268 9 12
2400 16628 0.032994 1 109 189 2 95482 9.00 0.00 0.02 2183 9 13
2400 16628 0.038994 1 179 429 2 93627 9.00 0.01 0.02 3567 9 14
2400 16628 0.057991 1 251 444 3 229219 9.00 0.01 0.02 5186 9 15
2400 16628 0.076988 1 431 659 4 346107 9.00 0.01 0.02 8210 9 16
2400 16628 0.073988 1 305 554 3 334813 9.00 0.01 0.02 6259 9 17
2400 16628 0.076988 1 394 626 3 362376 9.00 0.01 0.02 9258 9 18
2400 16628 0.025996 1 1 32 1 4234 9.00 0.01 0.02 38 9 19
2400 16628 0.049992 1 220 410 3 178532 9.00 0.01 0.02 5220 9 20
2664 18472 0.06499 1 318 530 3 268907 10.00 0.01 0.02 7689 10 1
2664 18472 0.044993 1 129 237 2 76656 10.00 0.01 0.02 3433 10 2
2664 18472 0.058991 1 191 332 2 217558 10.00 0.01 0.02 3730 10 3
2664 18472 0.046992 1 147 330 2 129823 10.00 0.01 0.02 3828 10 4
2664 18472 0.043993 1 161 350 2 96823 10.00 0.01 0.02 3008 10 5
2664 18472 0.036994 1 91 196 1 70117 10.00 0.01 0.02 2919 10 6
2664 18472 0.069989 1 209 275 3 298246 10.00 0.01 0.02 3204 10 7
2664 18472 0.086986 1 264 396 3 444115 10.00 0.01 0.02 4039 10 8
2664 18472 0.077988 1 450 706 4 368110 10.00 0.01 0.02 8389 10 9
2664 18472 0.076988 1 349 545 3 365263 10.00 0.01 0.02 8020 10 10
2664 18472 0.057991 1 190 268 2 245483 10.00 0.01 0.02 2830 10 11
2664 18472 0.06399 1 296 556 3 257849 10.00 0.01 0.02 7520 10 12
2664 18472 0.076988 1 404 603 4 356062 10.00 0.01 0.02 9587 10 13
2664 18472 0.044993 1 163 361 2 109543 10.00 0.01 0.02 4325 10 14
2664 18472 0.048992 1 243 417 3 129218 10.00 0.01 0.02 7184 10 15
2664 18472 0.030995 1 17 75 1 16116 10.00 0.01 0.02 449 10 16
2664 18472 0.081987 1 443 640 4 364087 10.00 0.01 0.02 10884 10 17
2664 18472 0.038994 1 54 120 1 67882 10.00 0.01 0.02 1441 10 18
2664 18472 0.077988 1 361 541 3 372863 10.00 0.01 0.02 7335 10 19
2664 18472 0.06299 1 249 429 3 255491 10.00 0.01 0.02 5631 10 20
2928 20316 0.054991 1 122 290 2 143274 10.00 0.01 0.02 4314 11 1
2928 20316 0.049992 1 126 249 2 136193 10.00 0.01 0.02 3615 11 2
2928 20316 0.052991 1 154 302 2 129690 10.00 0.01 0.02 3623 11 3
2928 20316 0.046992 1 84 172 1 90101 10.00 0.01 0.02 3306 11 4
2928 20316 0.103984 1 470 805 4 529060 10.00 0.01 0.02 10166 11 5
2928 20316 0.094985 1 512 897 5 453268 10.00 0.01 0.02 12727 11 6
2928 20316 0.067989 1 294 443 3 274462 10.00 0.01 0.02 5512 11 7
2928 20316 0.050992 1 221 441 3 149587 10.00 0.01 0.02 5913 11 8
2928 20316 0.047992 1 154 417 2 101397 10.00 0.01 0.02 2965 11 9
2928 20316 0.046992 1 87 141 1 128740 10.00 0.01 0.02 2204 11 10
2928 20316 0.050992 1 164 405 2 141311 10.00 0.01 0.02 4407 11 11
2928 20316 0.035994 1 51 149 1 39764 10.00 0.01 0.02 1012 11 12
2928 20316 0.049992 1 144 275 2 131492 10.00 0.01 0.02 3591 11 13
2928 20316 0.069989 1 246 456 3 262903 10.00 0.01 0.02 6531 11 14
2928 20316 0.05999 1 248 379 3 190028 10.00 0.01 0.02 6892 11 15
2928 20316 0.071989 1 226 321 3 294482 10.00 0.01 0.02 5117 11 16
2928 20316 0.053991 1 244 395 3 173879 10.00 0.01 0.02 5784 11 17
2928 20316 0.078987 1 424 645 4 336945 10.00 0.01 0.02 10074 11 18
2928 20316 0.074988 1 334 619 3 306271 10.00 0.01 0.02 7577 11 19
2928 20316 0.102984 1 514 734 5 485232 10.00 0.01 0.02 11360 11 20
3192 22160 0.121981 1 567 902 5 631684 10.00 0.01 0.02 9692 12 1
3192 22160 0.068989 1 266 462 3 225326 10.00 0.01 0.02 6776 12 2
3192 22160 0.085986 1 247 359 3 391236 10.00 0.01 0.02 4219 12 3
3192 22160 0.071989 1 150 243 2 261585 10.00 0.01 0.02 2661 12 4
3192 22160 0.103984 1 282 365 3 501686 10.00 0.01 0.02 3391 12 5
3192 22160 0.056991 1 208 401 3 172037 10.00 0.01 0.02 4763 12 6
3192 22160 0.122981 1 519 761 5 620113 10.00 0.01 0.02 11625 12 7
3192 22160 0.071989 1 199 344 2 235180 10.00 0.01 0.02 6225 12 8
3192 22160 0.110983 1 411 586 4 542786 10.00 0.01 0.02 6434 12 9
3192 22160 0.131979 1 525 759 5 711096 10.00 0.01 0.02 9046 12 10
3192 22160 0.111982 1 479 783 4 558630 10.00 0.01 0.02 12143 12 11
3192 22160 0.070989 1 250 488 3 275086 10.00 0.01 0.02 5230 12 12
3192 22160 0.097985 1 424 617 4 447420 10.00 0.01 0.02 8125 12 13
3192 22160 0.077988 1 289 438 3 320273 10.00 0.01 0.02 6140 12 14
3192 22160 0.076988 1 160 249 2 307794 10.00 0.01 0.02 2520 12 15
3192 22160 0.047992 1 74 140 1 95437 10.00 0.01 0.02 1909 12 16
3192 22160 0.098984 1 225 330 3 476799 10.00 0.01 0.02 3114 12 17
3192 22160 0.06199 1 104 192 2 174046 10.00 0.01 0.02 2231 12 18
3192 22160 0.056991 1 95 176 1 162534 10.00 0.01 0.02 2118 12 19
3192 22160 0.072988 1 250 411 3 269790 10.00 0.01 0.02 4923 12 20
3456 24004 0.044993 1 99 227 1 62010 10.00 0.01 0.03 3876 13 1
3456 24004 0.073988 1 159 222 2 265765 10.00 0.01 0.03 4156 13 2
3456 24004 0.077988 1 201 307 3 302700 10.00 0.01 0.03 4378 13 3
3456 24004 0.049992 1 117 275 2 90697 10.00 0.01 0.03 2467 13 4
3456 24004 0.114982 1 382 615 3 556964 10.00 0.01 0.03 8307 13 5
3456 24004 0.106983 1 370 618 3 492617 10.00 0.01 0.03 7564 13 6
3456 24004 0.075988 1 217 367 3 271620 10.00 0.01 0.03 5338 13 7
3456 24004 0.052991 1 63 122 1 89865 10.00 0.01 0.03 1888 13 8
3456 24004 0.055991 1 152 357 2 118517 10.00 0.01 0.03 3902 13 9
3456 24004 0.090986 1 193 293 2 388419 10.00 0.01 0.02 2912 13 10
3456 24004 0.093985 1 250 356 3 405665 10.00 0.01 0.03 5547 13 11
3456 24004 0.075988 1 177 271 2 271083 10.00 0.01 0.03 3814 13 12
3456 24004 0.080987 1 201 416 2 331885 10.00 0.01 0.03 3526 13 13
3456 24004 0.084987 1 243 360 3 348078 10.00 0.01 0.03 4991 13 14
3456 24004 0.065989 1 229 375 3 228815 10.00 0.01 0.03 5705 13 15
3456 24004 0.101984 1 289 429 3 484985 10.00 0.01 0.03 4803 13 16
3456 24004 0.068989 1 156 241 2 225302 10.00 0.01 0.03 3540 13 17
3456 24004 0.091986 1 359 613 3 379453 10.00 0.01 0.03 8177 13 18
3456 24004 0.070989 1 206 415 2 250583 10.00 0.01 0.02 5309 13 19
3456 24004 0.049992 1 46 109 1 85949 10.00 0.01 0.03 1483 13 20
3720 25848 0.12698 1 311 521 3 648187 10.00 0.01 0.03 4373 14 1
3720 25848 0.088986 1 238 324 3 367693 10.00 0.01 0.03 4661 14 2
3720 25848 0.053991 1 77 141 1 99988 10.00 0.01 0.03 2008 14 3
3720 25848 0.120981 1 312 556 3 570456 10.00 0.02 0.03 3858 14 4
3720 25848 0.147977 1 529 867 5 820054 10.00 0.01 0.03 8102 14 5
3720 25848 0.06099 1 70 251 1 141329 10.00 0.01 0.03 1407 14 6
3720 25848 0.137979 1 380 589 3 760898 10.00 0.01 0.03 5930 14 7
3720 25848 0.048992 1 33 90 1 46228 10.00 0.01 0.03 1175 14 8
3720 25848 0.123981 1 460 666 4 627535 10.00 0.01 0.03 8605 14 9
3720 25848 0.067989 1 109 174 2 203727 10.00 0.01 0.03 2726 14 10
3720 25848 0.118981 1 429 623 4 554235 10.00 0.01 0.03 8268 14 11
3720 25848 0.12798 1 504 886 5 640060 10.00 0.01 0.03 9150 14 12
3720 25848 0.075988 1 203 416 3 278964 10.00 0.01 0.03 3751 14 13
3720 25848 0.136979 1 309 438 3 694062 10.00 0.01 0.03 3763 14 14
3720 25848 0.099984 1 369 564 3 430386 10.00 0.01 0.03 6633 14 15
3720 25848 0.115982 1 422 646 4 561259 10.00 0.01 0.03 8638 14 16
3720 25848 0.102984 1 332 532 3 456996 10.00 0.01 0.03 5700 14 17
3720 25848 0.140978 1 331 490 3 720553 10.00 0.01 0.03 5489 14 18
3720 25848 0.057991 1 106 286 2 91034 10.00 0.02 0.03 2655 14 19
3720 25848 0.101984 1 404 576 4 419629 10.00 0.02 0.03 9654 14 20
3984 27692 0.051992 1 39 112 1 57566 10.00 0.01 0.03 1197 15 1
3984 27692 0.147977 1 554 847 5 720369 10.00 0.02 0.03 11974 15 2
3984 27692 0.12998 1 256 354 3 658369 10.00 0.01 0.03 2666 15 3
3984 27692 0.098984 1 245 435 3 381137 10.00 0.02 0.03 5117 15 4
3984 27692 0.054991 1 87 180 1 95500 10.00 0.01 0.03 2090 15 5
3984 27692 0.148977 1 324 459 3 776384 10.00 0.01 0.03 3240 15 6
3984 27692 0.099984 1 237 415 3 404627 10.00 0.01 0.03 4511 15 7
3984 27692 0.141978 1 537 803 5 739777 10.00 0.01 0.03 12319 15 8
3984 27692 0.06499 1 134 251 2 179344 10.00 0.01 0.03 3984 15 9
3984 27692 0.067989 1 85 162 1 185205 10.00 0.01 0.03 2219 15 10
3984 27692 0.095985 1 297 538 3 386035 10.00 0.01 0.03 5311 15 11
3984 27692 0.147977 1 525 732 5 789608 10.00 0.01 0.03 10211 15 12
3984 27692 0.108983 1 222 310 3 457777 10.00 0.02 0.03 3273 15 13
3984 27692 0.12898 1 439 586 4 612254 10.00 0.01 0.03 8929 15 14
3984 27692 0.12898 1 292 448 3 637965 10.00 0.01 0.03 4993 15 15
3984 27692 0.077988 1 202 311 3 245970 10.00 0.02 0.03 5242 15 16
3984 27692 0.078987 1 286 619 3 253183 10.00 0.01 0.03 5948 15 17
3984 27692 0.150977 1 527 740 5 765854 10.00 0.01 0.03 13897 15 18
3984 27692 0.088986 1 219 352 3 337493 10.00 0.01 0.03 6267 15 19
3984 27692 0.075988 1 177 295 2 235938 10.00 0.01 0.03 4276 15 20
4248 29536 0.06399 1 60 130 1 122425 10.00 0.01 0.03 1549 16 1
4248 29536 0.144977 1 459 622 4 715499 10.00 0.01 0.03 9957 16 2
4248 29536 0.076988 1 113 179 2 205813 10.00 0.02 0.03 3140 16 3
4248 29536 0.069989 1 116 192 2 194195 10.00 0.01 0.03 3091 16 4
4248 29536 0.056991 1 106 283 2 86706 10.00 0.01 0.03 2572 16 5
4248 29536 0.155976 1 486 752 4 798646 10.00 0.01 0.03 8250 16 6
4248 29536 0.120981 1 251 316 3 569100 10.00 0.01 0.03 3402 16 7
4248 29536 0.108983 1 448 721 4 438913 10.00 0.01 0.03 8545 16 8
4248 29536 0.075988 1 212 362 3 196975 10.00 0.01 0.03 5987 16 9
4248 29536 0.098984 1 321 481 3 407235 10.00 0.01 0.03 6642 16 10
4248 29536 0.056991 1 87 149 1 103279 10.00 0.01 0.03 2204 16 11
4248 29536 0.050992 1 23 72 1 47103 10.00 0.01 0.03 726 16 12
4248 29536 0.088986 1 219 462 3 311112 10.00 0.01 0.03 5053 16 13
4248 29536 0.139978 1 383 537 3 697405 10.00 0.01 0.03 6427 16 14
4248 29536 0.075988 1 129 259 2 193107 10.00 0.01 0.03 3173 16 15
4248 29536 0.169974 1 432 650 4 926769 10.00 0.01 0.03 5810 16 16
4248 29536 0.111982 1 427 614 4 453543 10.00 0.02 0.03 10560 16 17
4248 29536 0.152976 1 498 848 4 786709 10.00 0.01 0.03 9828 16 18
4248 29536 0.175973 1 616 826 6 965749 10.00 0.01 0.03 11937 16 19
4248 29536 0.092985 1 238 334 3 330105 10.00 0.01 0.03 5061 16 20
4512 31380 0.107983 1 210 351 3 417218 11.00 0.01 0.04 3701 17 1
4512 31380 0.083987 1 205 321 3 240112 11.00 0.01 0.04 5583 17 2
4512 31380 0.171973 1 411 628 4 936820 11.00 0.01 0.03 6849 17 3
4512 31380 0.136979 1 420 736 4 637985 11.00 0.01 0.03 10640 17 4
4512 31380 0.107983 1 368 555 3 442796 11.00 0.01 0.03 7656 17 5
4512 31380 0.073988 1 176 282 2 179575 11.00 0.01 0.03 4512 17 6
4512 31380 0.114982 1 243 388 3 489783 11.00 0.01 0.03 5176 17 7
4512 31380 0.054991 1 65 168 1 44794 11.00 0.01 0.03 1662 17 8
4512 31380 0.096985 1 178 302 2 354757 11.00 0.01 0.03 4710 17 9
4512 31380 0.19397 1 721 1344 6 1055987 11.00 0.02 0.03 14454 17 10
4512 31380 0.091986 1 209 353 3 327852 11.00 0.01 0.03 4174 17 11
4512 31380 0.075988 1 75 152 1 193595 11.00 0.01 0.04 2130 17 12
4512 31380 0.069989 1 152 244 2 136638 11.00 0.01 0.04 3969 17 13
4512 31380 0.051992 1 40 109 1 20504 11.00 0.01 0.03 966 17 14
4512 31380 0.099984 1 188 320 2 329890 11.00 0.02 0.03 4105 17 15
4512 31380 0.05999 1 128 241 2 59568 11.00 0.02 0.03 3560 17 16
4512 31380 0.105983 1 282 398 3 440540 11.00 0.01 0.03 5261 17 17
4512 31380 0.177972 1 479 704 4 956007 11.00 0.02 0.03 7599 17 18
4512 31380 0.055991 1 1 32 1 8286 11.00 0.02 0.03 49 17 19
4512 31380 0.087986 1 287 451 3 315133 11.00 0.01 0.03 6661 17 20
4776 33224 0.148977 1 380 638 3 736670 11.00 0.01 0.03 6778 18 1
4776 33224 0.179972 1 632 967 6 902594 11.00 0.02 0.04 14742 18 2
4776 33224 0.100984 1 161 259 2 342088 11.00 0.02 0.04 3727 18 3
4776 33224 0.071989 1 64 120 1 148705 11.00 0.01 0.04 1990 18 4
4776 33224 0.124981 1 340 618 3 530402 11.00 0.01 0.04 8194 18 5
4776 33224 0.082987 1 492 886 4 205416 11.00 0.02 0.03 12379 18 6
4776 33224 0.094985 1 162 275 2 358977 11.00 0.01 0.04 3186 18 7
4776 33224 0.110983 1 201 377 2 393842 11.00 0.02 0.04 4929 18 8
4776 33224 0.12598 1 237 495 3 561432 11.00 0.01 0.04 3694 18 9
4776 33224 0.106983 1 273 527 3 399082 11.00 0.01 0.04 6160 18 10
4776 33224 0.115982 1 389 668 3 447905 11.00 0.02 0.04 10156 18 11
4776 33224 0.090986 1 141 276 2 268023 11.00 0.02 0.04 4391 18 12
4776 33224 0.153976 1 365 543 3 767342 11.00 0.01 0.04 6630 18 13
4776 33224 0.098984 1 525 799 5 340478 11.00 0.01 0.03 12945 18 14
4776 33224 0.093985 1 148 234 2 329133 11.00 0.01 0.03 3064 18 15
4776 33224 0.121981 1 412 646 4 505120 11.00 0.01 0.04 10157 18 16
4776 33224 0.100984 1 140 241 2 352580 11.00 0.02 0.04 3105 18 17
4776 33224 0.161975 1 652 987 6 873294 11.00 0.01 0.03 15315 18 18
4776 33224 0.096985 1 164 331 2 330365 11.00 0.01 0.04 4604 18 19
4776 33224 0.104984 1 213 425 3 360741 11.00 0.02 0.04 3943 18 20
5040 35068 0.074988 1 209 366 3 118852 11.00 0.02 0.04 5582 19 1
5040 35068 0.185971 1 348 558 3 926134 11.00 0.02 0.04 5316 19 2
5040 35068 0.204968 1 925 1552 7 1091198 11.00 0.02 0.04 23847 19 3
5040 35068 0.06499 1 53 137 1 46015 11.00 0.02 0.04 1414 19 4
5040 35068 0.19597 1 675 1197 6 1052980 11.00 0.01 0.04 14823 19 5
5040 35068 0.188971 1 567 763 5 1003115 11.00 0.01 0.04 11666 19 6
5040 35068 0.206968 1 461 568 4 1156766 11.00 0.01 0.04 5717 19 7
5040 35068 0.055991 1 12 107 1 29676 11.00 0.01 0.04 339 19 8
5040 35068 0.12998 1 309 586 3 533746 11.00 0.02 0.04 8471 19 9
5040 35068 0.117982 1 202 309 3 489530 11.00 0.01 0.04 2722 19 10
5040 35068 0.198969 1 420 515 4 1078979 11.00 0.02 0.04 5801 19 11
5040 35068 0.066989 1 53 111 1 62231 11.00 0.02 0.04 1365 19 12
5040 35068 0.071989 1 87 176 1 128162 11.00 0.01 0.04 2398 19 13
5040 35068 0.143978 1 324 518 3 673153 11.00 0.01 0.04 8214 19 14
5040 35068 0.080987 1 116 213 2 180458 11.00 0.02 0.04 2947 19 15
5040 35068 0.081987 1 144 208 2 176876 11.00 0.02 0.04 3022 19 16
5040 35068 0.105983 1 249 498 3 370602 11.00 0.02 0.04 6223 19 17
5040 35068 0.12898 1 277 443 3 532954 11.00 0.02 0.04 6129 19 18
5040 35068 0.076988 1 76 185 1 202043 11.00 0.01 0.03 1988 19 19
5040 35068 0.071989 1 217 428 3 123035 11.00 0.01 0.04 5591 19 20
5304 36912 0.067989 1 112 326 2 77939 11.00 0.01 0.04 2484 20 1
5304 36912 0.097985 1 116 240 2 270961 11.00 0.02 0.04 3337 20 2
5304 36912 0.06299 1 26 85 1 65798 11.00 0.01 0.04 570 20 3
5304 36912 0.206968 1 621 959 6 1092276 11.00 0.01 0.04 14908 20 4
5304 36912 0.090986 1 186 396 2 237224 11.00 0.02 0.04 4117 20 5
5304 36912 0.076988 1 167 342 2 153412 11.00 0.01 0.04 4703 20 6
5304 36912 0.12998 1 359 531 3 524943 11.00 0.02 0.04 8618 20 7
5304 36912 0.078987 1 130 339 2 159656 11.00 0.02 0.04 3374 20 8
5304 36912 0.161975 1 375 529 3 765660 11.00 0.02 0.04 7408 20 9
5304 36912 0.132979 1 357 493 3 570990 11.00 0.01 0.04 6309 20 10
5304 36912 0.156976 1 414 627 4 722432 11.00 0.02 0.04 8829 20 11
5304 36912 0.066989 1 33 90 1 74819 11.00 0.01 0.04 932 20 12
5304 36912 0.216967 1 474 723 4 1192240 11.00 0.02 0.04 8084 20 13
5304 36912 0.189971 1 329 411 3 986642 11.00 0.02 0.04 3561 20 14
5304 36912 0.138978 1 302 519 3 568856 11.00 0.02 0.04 6495 20 15
5304 36912 0.148977 1 421 774 4 650901 11.00 0.02 0.04 9425 20 16
5304 36912 0.135979 1 171 284 2 575803 11.00 0.02 0.04 2657 20 17
5304 36912 0.102984 1 325 818 3 355500 11.00 0.01 0.04 8521 20 18
5304 36912 0.066989 1 120 226 2 95184 11.00 0.01 0.04 3505 20 19
5304 36912 0.122981 1 240 470 3 458293 11.00 0.02 0.04 5323 20 20
