WARNING: for repeatability, setting FPU to use double precision
============================[ Problem Statistics ]=============================
|                                                                             |
|  Number of variables:          1168                                         |
|  Number of clauses:           15100                                         |
|  Parse time:                   0.01 s                                       |
|  Eliminated clauses:           0.01 Mb                                      |
|  Simplification time:          0.05 s                                       |
|                                                                             |
=============================[ Search Statistics ]==============================
| Conflicts  |          ORIGINAL         |          LEARNT          | Progress |
|            |    Vars  Clauses Literals |    Limit  Clauses Lit/Cl |          |
================================================================================
|        100 |     784    14108    86686 |     5172      100     15 | 12.329 % |
|        250 |     784    14108    86686 |     5690      250     14 | 12.329 % |
|        475 |     784    14108    86686 |     6259      475     14 | 12.329 % |
|        812 |     784    14108    86686 |     6885      812     14 | 12.329 % |
|       1318 |     784    14108    86686 |     7573     1318     14 | 12.329 % |
|       2077 |     784    14108    86686 |     8331     2077     15 | 12.329 % |
|       3216 |     784    14108    86686 |     9164     3216     16 | 12.329 % |
|       4924 |     784    14108    86686 |    10080     4924     15 | 12.329 % |
|       7486 |     784    14108    86686 |    11088     7486     15 | 12.329 % |
|      11330 |     784    14108    86686 |    12197     5667     14 | 12.329 % |
|      17096 |     784    14108    86686 |    13417    11433     15 | 12.329 % |
|      25745 |     784    14108    86686 |    14758    13295     15 | 12.329 % |
|      38719 |     784    14108    86686 |    16234    11245     15 | 12.329 % |
|      58180 |     784    14108    86686 |    17858    14213     14 | 12.329 % |
|      87372 |     784    14108    86686 |    19644    16028     15 | 12.329 % |
|     131161 |     784    14108    86686 |    21608    10134     14 | 12.329 % |
|     196845 |     784    14108    86686 |    23769    20883     15 | 12.329 % |
|     295371 |     784    14108    86686 |    26146    22193     15 | 12.329 % |
|     443160 |     784    14108    86686 |    28761    23706     16 | 12.329 % |
|     664843 |     784    14108    86686 |    31637    19682     15 | 12.329 % |
|     997368 |     784    14108    86686 |    34800    16318     17 | 12.329 % |
|    1496156 |     784    14108    86686 |    38280    30593     14 | 12.329 % |
|    2244338 |     784    14108    86686 |    42109    33462     23 | 12.329 % |
|    3366612 |     784    14108    86686 |    46320    30012     15 | 12.329 % |
|    5050023 |     784    14108    86686 |    50952    26526     17 | 12.329 % |
|    7575139 |     784    14108    86686 |    56047    41668     18 | 12.329 % |
|   11362814 |     784    14108    86686 |    61651    26368     17 | 12.329 % |
|   17044326 |     784    14108    86686 |    67817    42338     16 | 12.329 % |
|   25566595 |     784    14108    86686 |    74598    50801     16 | 12.329 % |
===============================================================================
restarts              : 46107
conflicts             : 32909399       (23004 /sec)
decisions             : 43670247       (0.00 % random) (30525 /sec)
propagations          : 937933826      (655614 /sec)
conflict literals     : 584074417      (7.96 % deleted)
Memory used           : 94.00 MB
CPU time              : 1430.62 s

SATISFIABLE
