WARNING: for repeatability, setting FPU to use double precision
============================[ Problem Statistics ]=============================
|                                                                             |
|  Number of variables:          1248                                         |
|  Number of clauses:           16174                                         |
|  Parse time:                   0.01 s                                       |
|  Eliminated clauses:           0.01 Mb                                      |
|  Simplification time:          0.05 s                                       |
|                                                                             |
=============================[ Search Statistics ]==============================
| Conflicts  |          ORIGINAL         |          LEARNT          | Progress |
|            |    Vars  Clauses Literals |    Limit  Clauses Lit/Cl |          |
================================================================================
|        100 |     840    15118    92887 |     5543      100     18 | 12.180 % |
|        250 |     840    15118    92887 |     6097      250     15 | 12.180 % |
|        475 |     840    15118    92887 |     6707      475     14 | 12.180 % |
|        812 |     840    15118    92887 |     7378      812     15 | 12.180 % |
|       1318 |     840    15118    92887 |     8115     1318     14 | 12.180 % |
|       2077 |     840    15118    92887 |     8927     2077     14 | 12.180 % |
|       3216 |     840    15118    92887 |     9820     3216     14 | 12.180 % |
|       4924 |     840    15118    92887 |    10802     4924     14 | 12.180 % |
|       7486 |     840    15118    92887 |    11882     7486     14 | 12.180 % |
|      11330 |     840    15118    92887 |    13070    11330     14 | 12.180 % |
|      17096 |     840    15118    92887 |    14377    10481     14 | 12.180 % |
|      25745 |     840    15118    92887 |    15815    11822     15 | 12.180 % |
|      38719 |     840    15118    92887 |    17397     8765     15 | 12.180 % |
|      58180 |     840    15118    92887 |    19136    10485     14 | 12.180 % |
|      87372 |     840    15118    92887 |    21050    10678     14 | 12.180 % |
|     131161 |     840    15118    92887 |    23155    11753     14 | 12.180 % |
|     196845 |     840    15118    92887 |    25471    18624     16 | 12.180 % |
|     295371 |     840    15118    92887 |    28018    25277     14 | 12.180 % |
|     443160 |     840    15118    92887 |    30820    26192     15 | 12.180 % |
|     664843 |     840    15118    92887 |    33902    18923     14 | 12.180 % |
|     997368 |     840    15118    92887 |    37292    20462     16 | 12.180 % |
|    1496156 |     840    15118    92887 |    41021    32415     15 | 12.180 % |
|    2244338 |     840    15118    92887 |    45123    32757     17 | 12.180 % |
|    3366612 |     840    15118    92887 |    49636    18105     13 | 12.180 % |
|    5050023 |     840    15118    92887 |    54599    47104     16 | 12.180 % |
|    7575139 |     840    15118    92887 |    60059    30122     19 | 12.180 % |
|   11362814 |     840    15118    92887 |    66065    30320     16 | 12.180 % |
|   17044326 |     840    15118    92887 |    72672    59825     15 | 12.180 % |
|   25566595 |     840    15118    92887 |    79939    67675     16 | 12.180 % |
|   38349998 |     840    15118    92887 |    87933    31379     17 | 12.180 % |
|   57525103 |     840    15118    92887 |    96726    44077     17 | 12.180 % |
|   86287761 |     840    15118    92887 |   106399    91936     17 | 12.180 % |
===============================================================================
restarts              : 114455
conflicts             : 86843866       (114436285 /sec)
decisions             : 112250381      (0.00 % random) (147915071 /sec)
propagations          : 2922295860     (3850780699 /sec)
conflict literals     : 1593751624     (9.07 % deleted)
Memory used           : 163.00 MB
CPU time              : 0.758884 s

SATISFIABLE
