WARNING: for repeatability, setting FPU to use double precision
============================[ Problem Statistics ]=============================
|                                                                             |
|  Number of variables:          1328                                         |
|  Number of clauses:           17248                                         |
|  Parse time:                   0.01 s                                       |
|  Eliminated clauses:           0.01 Mb                                      |
|  Simplification time:          0.06 s                                       |
|                                                                             |
=============================[ Search Statistics ]==============================
| Conflicts  |          ORIGINAL         |          LEARNT          | Progress |
|            |    Vars  Clauses Literals |    Limit  Clauses Lit/Cl |          |
================================================================================
|        100 |     896    16128    99088 |     5913      100     14 | 12.048 % |
|        250 |     896    16128    99088 |     6504      250     12 | 12.048 % |
|        475 |     896    16128    99088 |     7155      475     13 | 12.048 % |
|        812 |     896    16128    99088 |     7871      812     13 | 12.048 % |
|       1318 |     896    16128    99088 |     8658     1318     14 | 12.048 % |
|       2077 |     896    16128    99088 |     9523     2077     14 | 12.048 % |
|       3216 |     896    16128    99088 |    10476     3216     14 | 12.048 % |
|       4924 |     896    16128    99088 |    11523     4924     14 | 12.048 % |
|       7486 |     896    16128    99088 |    12676     7486     15 | 12.048 % |
|      11330 |     896    16128    99088 |    13943    11330     15 | 12.048 % |
|      17096 |     896    16128    99088 |    15338     9872     15 | 12.048 % |
|      25745 |     896    16128    99088 |    16872    10739     16 | 12.048 % |
|      38719 |     896    16128    99088 |    18559    15174     15 | 12.048 % |
|      58180 |     896    16128    99088 |    20415    15819     14 | 12.048 % |
|      87372 |     896    16128    99088 |    22456    14000     15 | 12.048 % |
|     131161 |     896    16128    99088 |    24702    12259     14 | 12.048 % |
|     196845 |     896    16128    99088 |    27172    15201     16 | 12.048 % |
|     295371 |     896    16128    99088 |    29890    15628     14 | 12.048 % |
|     443160 |     896    16128    99088 |    32879    20466     16 | 12.048 % |
|     664843 |     896    16128    99088 |    36167    29190     15 | 12.048 % |
|     997368 |     896    16128    99088 |    39783    33642     15 | 12.048 % |
|    1496156 |     896    16128    99088 |    43762    38567     14 | 12.048 % |
|    2244338 |     896    16128    99088 |    48138    23525     17 | 12.048 % |
|    3366612 |     896    16128    99088 |    52952    46897     15 | 12.048 % |
|    5050023 |     896    16128    99088 |    58247    53322     17 | 12.048 % |
|    7575139 |     896    16128    99088 |    64072    30154     17 | 12.048 % |
|   11362814 |     896    16128    99088 |    70479    34356     16 | 12.048 % |
|   17044326 |     896    16128    99088 |    77527    50971     17 | 12.048 % |
|   25566595 |     896    16128    99088 |    85279    40380     16 | 12.048 % |
|   38349998 |     896    16128    99088 |    93807    64816     20 | 12.048 % |
|   57525103 |     896    16128    99088 |   103188    87736     16 | 12.048 % |
===============================================================================
restarts              : 79099
conflicts             : 60870641       (18220 /sec)
decisions             : 80385155       (0.00 % random) (24062 /sec)
propagations          : 1924576128     (576084 /sec)
conflict literals     : 1106388687     (8.46 % deleted)
Memory used           : 148.00 MB
CPU time              : 3340.79 s

SATISFIABLE
