WARNING: for repeatability, setting FPU to use double precision
============================[ Problem Statistics ]=============================
|                                                                             |
|  Number of variables:          1008                                         |
|  Number of clauses:           12952                                         |
|  Parse time:                   0.01 s                                       |
|  Eliminated clauses:           0.01 Mb                                      |
|  Simplification time:          0.04 s                                       |
|                                                                             |
=============================[ Search Statistics ]==============================
| Conflicts  |          ORIGINAL         |          LEARNT          | Progress |
|            |    Vars  Clauses Literals |    Limit  Clauses Lit/Cl |          |
================================================================================
|        100 |     672    12088    74284 |     4432      100     14 | 12.699 % |
|        250 |     672    12088    74284 |     4875      250     13 | 12.699 % |
|        475 |     672    12088    74284 |     5363      475     14 | 12.699 % |
|        812 |     672    12088    74284 |     5899      812     14 | 12.699 % |
|       1318 |     672    12088    74284 |     6489     1318     15 | 12.699 % |
|       2077 |     672    12088    74284 |     7138     2077     15 | 12.699 % |
|       3216 |     672    12088    74284 |     7852     3216     15 | 12.699 % |
|       4924 |     672    12088    74284 |     8637     4924     15 | 12.699 % |
|       7486 |     672    12088    74284 |     9500     7486     15 | 12.699 % |
|      11330 |     672    12088    74284 |    10451     6469     15 | 12.699 % |
|      17096 |     672    12088    74284 |    11496     6846     14 | 12.699 % |
|      25745 |     672    12088    74284 |    12645     9575     15 | 12.699 % |
|      38719 |     672    12088    74284 |    13910     9716     14 | 12.699 % |
|      58180 |     672    12088    74284 |    15301     8035     14 | 12.699 % |
|      87372 |     672    12088    74284 |    16831    13931     16 | 12.699 % |
|     131161 |     672    12088    74284 |    18514    15115     14 | 12.699 % |
|     196845 |     672    12088    74284 |    20366    15210     15 | 12.699 % |
|     295371 |     672    12088    74284 |    22402    10769     14 | 12.699 % |
|     443160 |     672    12088    74284 |    24643    22640     16 | 12.699 % |
|     664843 |     672    12088    74284 |    27107    19929     15 | 12.699 % |
|     997368 |     672    12088    74284 |    29818    23111     16 | 12.699 % |
|    1496156 |     672    12088    74284 |    32799    27169     14 | 12.699 % |
|    2244338 |     672    12088    74284 |    36079    23048     16 | 12.699 % |
|    3366612 |     672    12088    74284 |    39687    33671     15 | 12.699 % |
|    5050023 |     672    12088    74284 |    43656    24761     16 | 12.699 % |
|    7575139 |     672    12088    74284 |    48022    31771     16 | 12.699 % |
|   11362814 |     672    12088    74284 |    52824    45459     17 | 12.699 % |
|   17044326 |     672    12088    74284 |    58106    38370     16 | 12.699 % |
|   25566595 |     672    12088    74284 |    63917    36711     17 | 12.699 % |
|   38349998 |     672    12088    74284 |    70309    14898     15 | 12.699 % |
|   57525103 |     672    12088    74284 |    77340    53808     19 | 12.699 % |
|   86287761 |     672    12088    74284 |    85074    45769     13 | 12.699 % |
===============================================================================
restarts              : 121082
conflicts             : 92243072       (17549 /sec)
decisions             : 116548458      (0.00 % random) (22174 /sec)
propagations          : 3093192827     (588486 /sec)
conflict literals     : 1689744291     (8.96 % deleted)
Memory used           : 137.00 MB
CPU time              : 5256.19 s

SATISFIABLE
