rn rc t sat cfs dec rts r1 mem ptime stime cfl r s
896 13315 0.032994 1 211 9957 3 28324 9.00 0.01 0.01 55148 1 1
896 13315 0.045993 1 422 8700 4 70838 9.00 0.01 0.02 72900 1 2
896 13315 0.054991 1 621 19683 6 100189 9.00 0.00 0.02 111404 1 3
896 13315 0.040993 1 367 1971 3 36751 9.00 0.01 0.02 94005 1 4
896 13315 0.025996 1 56 423 1 6664 9.00 0.01 0.02 16745 1 5
896 13315 0.093985 1 1277 12610 8 156327 9.00 0.01 0.02 228734 1 6
896 13315 0.037994 1 344 6317 3 43066 9.00 0.00 0.01 80834 1 7
896 13315 0.054991 1 548 3438 5 72179 9.00 0.01 0.02 104326 1 8
896 13315 0.057991 1 669 7551 6 78577 9.00 0.01 0.01 127743 1 9
896 13315 0.065989 1 895 16798 7 152794 9.00 0.00 0.01 133750 1 10
896 13315 0.045993 1 496 6413 4 66050 9.00 0.01 0.02 75323 1 11
896 13315 0.046992 1 444 21216 4 73185 9.00 0.00 0.01 92013 1 12
896 13315 0.039993 1 335 4462 3 37157 9.00 0.01 0.01 69327 1 13
896 13315 0.038994 1 345 8032 3 57996 9.00 0.01 0.02 63028 1 14
896 13315 0.022996 1 25 161 1 5691 9.00 0.01 0.01 2791 1 15
896 13315 0.027995 1 85 371 1 7524 9.00 0.01 0.02 23592 1 16
896 13315 0.052991 1 593 11524 5 95684 9.00 0.01 0.02 88343 1 17
896 13315 0.023996 1 16 158 1 2827 9.00 0.01 0.01 6314 1 18
896 13315 0.024996 1 71 1047 1 6108 9.00 0.01 0.01 20482 1 19
896 13315 0.049992 1 464 6029 4 62981 9.00 0.01 0.02 83508 1 20
1744 26566 24.6862 1 74518 190046 235 14454372 90.00 0.01 0.03 18541405 2 1
1744 26566 2.6426 1 16613 45124 63 3265079 28.00 0.01 0.03 4136655 2 2
1744 26566 2.16667 1 15003 51369 62 2967483 27.00 0.01 0.03 3894532 2 3
1744 26566 18.9021 1 79446 253615 252 16489879 84.00 0.01 0.03 21350967 2 4
1744 26566 2.93955 1 17380 53956 63 3534964 29.00 0.01 0.03 4331699 2 5
1744 26566 2.10168 1 11923 47388 52 2290174 27.00 0.01 0.03 3992111 2 6
1744 26566 16.1305 1 54727 169965 169 10799709 87.00 0.01 0.03 15013837 2 7
1744 26566 11.5182 1 56740 125922 178 11521665 59.00 0.01 0.03 12719899 2 8
1744 26566 15.8756 1 76265 173396 242 15834211 60.00 0.01 0.03 14364753 2 9
1744 26566 2.16167 1 15255 44446 62 2893954 26.00 0.01 0.03 4255260 2 10
1744 26566 6.08408 1 34806 79788 125 6780227 52.00 0.01 0.03 7467485 2 11
1744 26566 7.54685 1 32033 93945 119 6116254 62.00 0.01 0.03 9252790 2 12
1744 26566 28.3077 1 116831 248737 316 23279593 63.00 0.01 0.03 23695815 2 13
1744 26566 30.3804 1 117335 289226 317 23241789 88.00 0.01 0.03 26911966 2 14
1744 26566 5.63014 1 27747 97909 98 5390499 61.00 0.01 0.03 7989767 2 15
1744 26566 9.41557 1 36370 102253 126 6716120 61.00 0.01 0.03 8889164 2 16
1744 26566 22.0277 1 89672 253682 254 18505041 85.00 0.01 0.03 24147823 2 17
1744 26566 1.2958 1 10070 33064 45 1929836 26.00 0.01 0.03 2859935 2 18
1744 26566 0.302953 1 3046 12871 15 566960 12.00 0.01 0.03 1040234 2 19
1744 26566 2.92455 1 15851 55451 62 3014162 40.00 0.01 0.03 4768989 2 20
2592 39817 0.348946 1 2803 15378 15 1083699 11.00 0.02 0.05 677160 3 1
2592 39817 36.6634 1 109312 339925 285 57766635 90.00 0.02 0.05 24007949 3 2
2592 39817 54.6037 1 165929 652006 445 73069247 88.00 0.01 0.05 28660760 3 3
2592 39817 38.3952 1 84828 318574 254 39241509 141.00 0.01 0.05 21294218 3 4
2592 39817 23.2535 1 101523 278501 255 51933387 81.00 0.02 0.05 17504845 3 5
2592 39817 23.8544 1 70289 248030 220 34113360 78.00 0.02 0.05 13509899 3 6
2592 39817 5.47617 1 27448 103739 95 14187662 42.00 0.01 0.05 5489311 3 7
2592 39817 24.5053 1 80700 275829 253 36438103 88.00 0.01 0.05 16885464 3 8
2592 39817 2.79157 1 14256 64010 61 7436524 29.00 0.01 0.05 2982662 3 9
2592 39817 19.653 1 64360 209272 190 31576314 81.00 0.02 0.05 13763752 3 10
2592 39817 1.89971 1 14571 46162 62 7514306 19.00 0.02 0.04 2341483 3 11
2592 39817 12.5561 1 42749 163164 127 22817050 45.00 0.02 0.05 7359369 3 12
2592 39817 10.4884 1 50030 176027 154 26913357 79.00 0.01 0.05 8742880 3 13
2592 39817 17.3574 1 48752 186014 146 25586411 77.00 0.01 0.05 10475467 3 14
2592 39817 6.93195 1 26530 108669 94 13866182 43.00 0.01 0.05 5179394 3 15
2592 39817 11.3563 1 36740 120008 126 18935313 46.00 0.02 0.05 6165691 3 16
2592 39817 36.9664 1 159325 391594 428 85844449 83.00 0.02 0.05 24674751 3 17
2592 39817 12.6161 1 64056 179390 190 34150882 71.00 0.02 0.05 10824702 3 18
2592 39817 66.3379 1 193424 600212 509 90319920 90.00 0.01 0.05 31755035 3 19
2592 39817 38.6071 1 111776 366280 293 56237331 87.00 0.02 0.05 20681559 3 20
3440 53068 6.72598 1 33327 104714 124 28642458 40.00 0.02 0.06 5761196 4 1
3440 53068 12.3661 1 55019 179092 171 47814118 63.00 0.02 0.06 9347223 4 2
3440 53068 17.8953 1 75555 216421 236 64267903 81.00 0.02 0.06 11848597 4 3
3440 53068 21.0548 1 82272 253026 253 68095968 84.00 0.01 0.06 15297856 4 4
3440 53068 1.43178 1 9240 43230 38 6686889 19.00 0.02 0.06 1924821 4 5
3440 53068 8.43372 1 39273 129789 127 36825482 41.00 0.02 0.06 6769731 4 6
3440 53068 14.4548 1 54327 128097 167 65120787 30.00 0.02 0.06 4220473 4 7
3440 53068 5.04423 1 22626 53734 80 29293295 19.00 0.02 0.06 1880201 4 8
3440 53068 14.7778 1 60656 206458 189 51599630 63.00 0.02 0.06 10586119 4 9
3440 53068 30.1804 1 96587 192602 255 114685004 54.00 0.01 0.06 7372752 4 10
3440 53068 7.95679 1 38086 110105 126 32310857 42.00 0.02 0.06 6370617 4 11
3440 53068 0.298954 1 1201 3770 7 1963181 12.00 0.02 0.06 93282 4 12
3440 53068 0.448931 1 2585 17856 15 2148817 12.00 0.02 0.06 794134 4 13
3440 53068 3.03354 1 14403 43685 61 18026434 14.00 0.02 0.06 1247615 4 14
3440 53068 0.683896 1 4680 21437 25 3548832 12.00 0.02 0.06 882570 4 15
3440 53068 2.42263 1 10114 15780 45 18682955 12.00 0.02 0.06 511218 4 16
3440 53068 18.2192 1 63553 191315 190 66466871 63.00 0.02 0.06 8798492 4 17
3440 53068 52.447 1 167293 394089 445 161428683 98.00 0.02 0.06 24349602 4 18
3440 53068 17.5233 1 74477 216807 234 65892269 74.00 0.02 0.06 12611208 4 19
3440 53068 3.04954 1 17930 56209 63 16098641 27.00 0.02 0.06 2769211 4 20
4288 66319 7.68783 1 25028 67789 93 42475941 29.00 0.03 0.08 2637352 5 1
4288 66319 0.473927 1 2471 15411 15 2633869 13.00 0.02 0.08 512413 5 2
4288 66319 21.5397 1 64576 130757 194 114017831 32.00 0.02 0.08 3240667 5 3
4288 66319 9.60754 1 34776 64416 125 63064109 22.00 0.03 0.08 1744669 5 4
4288 66319 0.476927 1 1674 9908 11 3383130 13.00 0.02 0.08 197828 5 5
4288 66319 33.016 1 89311 129598 254 172638019 45.00 0.02 0.08 4022092 5 6
4288 66319 21.8227 1 68013 110458 211 133202179 31.00 0.02 0.08 2760026 5 7
4288 66319 31.8642 1 77122 138857 248 140159031 46.00 0.02 0.08 4950143 5 8
4288 66319 11.9242 1 37486 59810 126 73225334 22.00 0.02 0.08 1895010 5 9
4288 66319 9.82651 1 35326 69662 126 62812224 22.00 0.03 0.08 1963288 5 10
4288 66319 7.71783 1 31016 65425 114 53838630 16.00 0.03 0.08 1456527 5 11
4288 66319 6.81996 1 25984 67087 94 45395227 16.00 0.02 0.08 1471927 5 12
4288 66319 28.9576 1 75839 134624 240 134053536 34.00 0.03 0.08 4268982 5 13
4288 66319 18.1722 1 58117 217931 185 81704991 63.00 0.03 0.08 9958624 5 14
4288 66319 10.3844 1 38719 71773 127 65895939 21.00 0.02 0.08 1736378 5 15
4288 66319 3.40748 1 15159 46495 62 25639196 13.00 0.02 0.08 802780 5 16
4288 66319 11.1343 1 40179 74544 127 75506212 22.00 0.03 0.08 1849226 5 17
4288 66319 13.266 1 46536 92238 138 86285472 22.00 0.03 0.08 2070075 5 18
4288 66319 10.3794 1 34693 57387 125 65659414 22.00 0.03 0.08 1691363 5 19
4288 66319 37.3603 1 103747 139328 262 207149833 40.00 0.02 0.08 3811581 5 20
5136 79570 8.51271 1 23681 33771 86 62457309 17.00 0.03 0.09 1138702 6 1
5136 79570 10.2864 1 37882 119456 126 59039145 42.00 0.03 0.09 7144824 6 2
5136 79570 19.1911 1 48850 57173 148 147388994 23.00 0.03 0.09 1521908 6 3
5136 79570 9.53255 1 35604 131366 126 50954626 44.00 0.03 0.09 6945262 6 4
5136 79570 8.26374 1 21466 25791 77 67325346 16.00 0.03 0.09 774699 6 5
5136 79570 28.1257 1 65272 70525 197 219086957 23.00 0.03 0.09 1515986 6 6
5136 79570 16.9444 1 53785 168379 164 81449294 64.00 0.03 0.09 10119347 6 7
5136 79570 13.7819 1 38032 61228 126 101196424 22.00 0.03 0.09 1615967 6 8
5136 79570 18.5982 1 44070 56234 127 129328136 23.00 0.03 0.10 1700504 6 9
5136 79570 24.7152 1 55972 65742 173 179560541 24.00 0.03 0.09 1544848 6 10
5136 79570 8.42172 1 23524 31635 85 64908437 17.00 0.03 0.09 1001923 6 11
5136 79570 24.0963 1 57869 63233 185 193380294 19.00 0.03 0.09 1289417 6 12
5136 79570 0.270958 1 432 1164 4 1352072 13.00 0.03 0.10 55468 6 13
5136 79570 28.8146 1 69010 98596 216 177160274 32.00 0.03 0.09 3015875 6 14
5136 79570 20.1879 1 49124 68101 149 134925162 23.00 0.04 0.09 1931664 6 15
5136 79570 16.4745 1 40025 58771 127 115846982 23.00 0.03 0.09 2007644 6 16
5136 79570 35.0797 1 85083 102341 254 235936519 33.00 0.03 0.09 2731617 6 17
5136 79570 47.3768 1 109626 380240 286 187284568 102.00 0.02 0.09 17695464 6 18
5136 79570 12.5731 1 34883 65434 125 85072679 22.00 0.03 0.09 1670960 6 19
5136 79570 9.34058 1 32710 132839 123 53845897 42.00 0.03 0.09 6243843 6 20
5984 92821 12.7901 1 36018 111255 126 77313657 42.00 0.03 0.11 6598937 7 1
5984 92821 12.5751 1 27460 39207 97 104636295 17.00 0.04 0.11 906970 7 2
5984 92821 0.489925 1 1031 5548 7 3151118 15.00 0.04 0.11 107618 7 3
5984 92821 20.8228 1 42641 47095 127 171705184 19.00 0.04 0.11 1067491 7 4
5984 92821 18.3972 1 40495 69539 127 146394427 23.00 0.04 0.11 2057864 7 5
5984 92821 17.6823 1 37212 43778 126 144918544 19.00 0.04 0.11 1079984 7 6
5984 92821 25.1532 1 56619 93649 177 162497162 33.00 0.04 0.11 2743551 7 7
5984 92821 11.7592 1 28520 40501 102 89918064 18.00 0.04 0.11 1245089 7 8
5984 92821 11.1833 1 23713 26971 86 92500338 17.00 0.03 0.11 735077 7 9
5984 92821 26.584 1 55377 63788 173 217474102 20.00 0.03 0.11 1327959 7 10
5984 92821 8.09477 1 18082 21026 63 71660793 15.00 0.04 0.11 530867 7 11
5984 92821 15.8466 1 34960 39163 125 143375325 17.00 0.04 0.11 703845 7 12
5984 92821 27.8068 1 61568 94131 190 180972086 32.00 0.04 0.12 2527111 7 13
5984 92821 45.793 1 95222 123545 255 284250040 46.00 0.04 0.11 3639866 7 14
5984 92821 2.02169 1 4668 6442 25 17441013 15.00 0.04 0.11 181357 7 15
5984 92821 16.5575 1 51237 164726 157 91594016 63.00 0.03 0.11 8990576 7 16
5984 92821 30.6343 1 66314 109265 204 180132167 34.00 0.04 0.11 3469528 7 17
5984 92821 44.7072 1 113606 375792 300 203277325 102.00 0.04 0.11 19836447 7 18
5984 92821 1.77773 1 4041 6744 22 15291139 15.00 0.04 0.11 241533 7 19
5984 92821 12.5491 1 32652 61967 123 92135158 22.00 0.04 0.11 1524713 7 20
6832 106072 11.9302 1 22473 26851 79 100202649 18.00 0.04 0.13 724468 8 1
6832 106072 52.0351 1 94977 111073 255 358409589 53.00 0.04 0.12 3635738 8 2
6832 106072 7.72583 1 26055 83006 94 54686661 42.00 0.04 0.12 4544365 8 3
6832 106072 7.95779 1 15657 21107 62 66899380 17.00 0.04 0.13 768119 8 4
6832 106072 9.95249 1 20552 32292 72 81688920 17.00 0.04 0.13 859117 8 5
6832 106072 20.7218 1 59923 164808 189 126400521 65.00 0.04 0.13 9123203 8 6
6832 106072 7.44187 1 14539 18546 62 64404654 15.00 0.04 0.13 455641 8 7
6832 106072 2.20066 1 4695 5962 25 19609834 15.00 0.04 0.13 170959 8 8
6832 106072 0.833873 1 1565 5012 10 6020660 15.00 0.03 0.13 155093 8 9
6832 106072 3.65144 1 12304 58054 53 24310490 29.00 0.04 0.13 2619454 8 10
6832 106072 18.8631 1 35719 42529 126 162276319 18.00 0.04 0.13 1081347 8 11
6832 106072 0.724889 1 1269 2271 8 5197809 15.00 0.04 0.13 94870 8 12
6832 106072 18.2532 1 33645 53736 124 126500771 23.00 0.04 0.13 1486012 8 13
6832 106072 19.774 1 36022 40477 126 163028499 19.00 0.04 0.13 1088279 8 14
6832 106072 21.8187 1 40444 48178 127 182975824 19.00 0.04 0.13 1183707 8 15
6832 106072 10.4864 1 33682 116833 124 68552990 44.00 0.04 0.12 6151635 8 16
6832 106072 7.66983 1 24642 104819 92 50054018 41.00 0.04 0.13 4603566 8 17
6832 106072 8.26974 1 16338 19824 63 70324564 15.00 0.04 0.13 555209 8 18
6832 106072 5.02923 1 10249 23666 45 41761764 16.00 0.04 0.13 684365 8 19
6832 106072 38.4362 1 88856 248674 254 212244272 99.00 0.03 0.13 14959334 8 20
7680 119323 4.19636 1 13105 60030 59 28514723 22.00 0.04 0.15 2282313 9 1
7680 119323 4.53131 1 7999 14305 31 41470602 16.00 0.05 0.14 367186 9 2
7680 119323 5.64814 1 9837 14543 44 52428807 16.00 0.04 0.15 321598 9 3
7680 119323 19.614 1 32070 37269 119 166475276 19.00 0.04 0.14 969283 9 4
7680 119323 39.499 1 61307 69434 190 317955223 26.00 0.04 0.15 1627016 9 5
7680 119323 5.85411 1 12585 28812 55 47536850 16.00 0.04 0.15 651054 9 6
7680 119323 1.73174 1 3089 5938 15 14315250 16.00 0.04 0.15 148947 9 7
7680 119323 36.8584 1 67638 131263 208 240097153 34.00 0.05 0.15 3415586 9 8
7680 119323 2.84157 1 4750 8686 25 24314140 16.00 0.04 0.14 255702 9 9
7680 119323 7.96179 1 14054 19261 61 73417517 16.00 0.04 0.14 495797 9 10
7680 119323 20.2759 1 32989 39863 124 174566774 19.00 0.04 0.15 966505 9 11
7680 119323 4.51231 1 8098 12160 32 41546913 16.00 0.04 0.14 254509 9 12
7680 119323 18.3682 1 29825 45647 109 140654901 23.00 0.04 0.15 1358617 9 13
7680 119323 50.0854 1 70719 97343 221 290811682 35.00 0.05 0.14 3151707 9 14
7680 119323 9.1986 1 15858 19736 62 81971283 16.00 0.05 0.14 521172 9 15
7680 119323 9.14961 1 16132 20029 63 84867558 16.00 0.05 0.15 513898 9 16
7680 119323 37.6143 1 57142 76891 180 271156746 26.00 0.05 0.14 2016606 9 17
7680 119323 71.9361 1 145630 472269 382 366601111 151.00 0.04 0.15 22543724 9 18
7680 119323 11.6862 1 21190 34434 76 85606093 18.00 0.04 0.14 1090588 9 19
7680 119323 17.6523 1 45366 160560 130 116240796 63.00 0.04 0.14 8192265 9 20
8528 132574 7.96979 1 14067 23481 61 64536253 18.00 0.05 0.17 688362 10 1
8528 132574 3.9344 1 6992 13998 31 33946500 17.00 0.05 0.16 340402 10 2
8528 132574 10.8274 1 19007 29846 63 91431391 18.00 0.05 0.16 901334 10 3
8528 132574 45.5001 1 70498 95768 220 343686593 34.00 0.05 0.16 2848197 10 4
8528 132574 17.7703 1 29869 43551 109 145835838 24.00 0.05 0.16 1255097 10 5
8528 132574 12.0162 1 19617 25961 66 105580457 18.00 0.05 0.16 736466 10 6
8528 132574 30.2704 1 51908 86996 158 228028919 26.00 0.05 0.16 2154741 10 7
8528 132574 4.89026 1 7248 9722 31 43678410 17.00 0.05 0.16 243914 10 8
8528 132574 27.5008 1 44491 82639 127 205239319 25.00 0.05 0.16 1997444 10 9
8528 132574 26.279 1 42845 74466 127 205023782 25.00 0.05 0.16 2030638 10 10
8528 132574 23.4894 1 37660 54654 126 188384734 25.00 0.05 0.16 1612481 10 11
8528 132574 20.2829 1 37520 66778 126 166582960 24.00 0.05 0.16 1488158 10 12
8528 132574 20.9378 1 28208 34396 101 167972542 19.00 0.05 0.16 823327 10 13
8528 132574 7.28989 1 13750 26555 61 63272074 17.00 0.05 0.16 615416 10 14
8528 132574 52.873 1 80336 116694 253 393013209 35.00 0.05 0.16 3151929 10 15
8528 132574 28.8866 1 45585 57491 133 224971167 25.00 0.05 0.16 1963386 10 16
8528 132574 42.5925 1 66712 89768 205 317271984 34.00 0.05 0.16 2808572 10 17
8528 132574 41.1287 1 64249 84139 192 341604470 32.00 0.05 0.16 2031021 10 18
8528 132574 19.805 1 29259 42690 107 162353149 20.00 0.05 0.16 1061456 10 19
8528 132574 19.446 1 33604 47123 124 159494777 24.00 0.05 0.16 1390221 10 20
9376 145825 39.386 1 49355 68356 150 298635882 26.00 0.06 0.18 2196852 11 1
9376 145825 11.2713 1 14986 18536 62 99237175 19.00 0.05 0.18 505548 11 2
9376 145825 35.9065 1 50538 64276 157 267465520 33.00 0.06 0.18 2388443 11 3
9376 145825 6.595 1 9071 12048 38 60309463 19.00 0.05 0.18 314860 11 4
9376 145825 80.0578 1 102611 137884 256 523590061 68.00 0.06 0.18 4641118 11 5
9376 145825 6.93595 1 9458 11655 41 62466834 19.00 0.05 0.18 317424 11 6
9376 145825 37.0084 1 52743 66424 158 273079495 26.00 0.05 0.18 2076485 11 7
9376 145825 16.2275 1 21108 24800 76 143706148 19.00 0.06 0.18 613147 11 8
9376 145825 28.9066 1 35581 40819 126 239243888 20.00 0.05 0.19 854779 11 9
9376 145825 21.5377 1 27815 35915 99 185933212 20.00 0.05 0.18 776921 11 10
9376 145825 47.2378 1 59443 68258 189 397651155 26.00 0.06 0.18 1613496 11 11
9376 145825 24.1953 1 49707 239239 152 153778253 67.00 0.06 0.18 10669505 11 12
9376 145825 32.2881 1 38538 43822 127 262723563 20.00 0.06 0.18 938529 11 13
9376 145825 28.4417 1 36673 41163 126 246063759 20.00 0.06 0.18 930720 11 14
9376 145825 10.0135 1 13420 16074 60 90561479 19.00 0.06 0.18 459113 11 15
9376 145825 17.6143 1 23647 30088 85 152972603 19.00 0.06 0.18 804345 11 16
9376 145825 40.5758 1 53302 70201 161 305740000 27.00 0.05 0.18 2125634 11 17
9376 145825 17.8583 1 24194 28157 90 154216132 19.00 0.05 0.18 789254 11 18
9376 145825 7.64684 1 9913 14909 44 68469996 19.00 0.06 0.18 414333 11 19
9376 145825 11.5662 1 15737 20080 62 100841306 19.00 0.05 0.18 538017 11 20
10224 159076 3.24151 1 3944 9479 21 26979068 20.00 0.06 0.19 156199 12 1
10224 159076 14.9667 1 18945 35165 63 119892493 20.00 0.06 0.19 1067690 12 2
10224 159076 20.5639 1 26618 35763 94 166860647 20.00 0.05 0.19 1085737 12 3
10224 159076 6.13507 1 7174 10422 31 54330185 20.00 0.06 0.19 291474 12 4
10224 159076 35.1557 1 44116 55878 127 293128753 25.00 0.06 0.19 1674369 12 5
10224 159076 2.43263 1 2799 4347 15 20997809 20.00 0.06 0.19 94081 12 6
10224 159076 28.8576 1 32148 37243 120 239611807 20.00 0.06 0.19 877942 12 7
10224 159076 14.3828 1 17253 20390 63 130561491 20.00 0.06 0.19 449176 12 8
10224 159076 19.2461 1 22053 25436 78 157736828 20.00 0.06 0.20 647261 12 9
10224 159076 6.25305 1 7883 10214 31 55135978 20.00 0.06 0.19 296192 12 10
10224 159076 35.0907 1 41602 47003 127 297237771 25.00 0.06 0.19 1216809 12 11
10224 159076 2.08968 1 2403 3830 14 17636032 20.00 0.06 0.19 85220 12 12
10224 159076 29.3655 1 32291 39087 121 239591425 21.00 0.06 0.20 911248 12 13
10224 159076 13.124 1 15876 19607 62 117332211 20.00 0.06 0.19 435789 12 14
10224 159076 27.8158 1 33114 40573 124 241173686 21.00 0.06 0.19 985018 12 15
10224 159076 6.6 1 8232 11307 34 59138738 20.00 0.06 0.19 291042 12 16
10224 159076 19.469 1 23458 27948 85 177980302 20.00 0.06 0.19 603350 12 17
10224 159076 21.0478 1 29960 53968 109 170453896 25.00 0.06 0.19 1408482 12 18
10224 159076 19.797 1 22976 26286 83 173137036 20.00 0.06 0.19 600191 12 19
10224 159076 33.3469 1 39328 45033 127 276887729 25.00 0.06 0.19 1112595 12 20
11072 172327 10.5484 1 10961 13335 46 87349848 20.00 0.07 0.22 357945 13 1
11072 172327 45.743 1 49922 55371 155 419123524 26.00 0.06 0.21 1099523 13 2
11072 172327 23.0605 1 25199 29387 93 202378029 20.00 0.06 0.21 649076 13 3
11072 172327 6.67698 1 7870 10689 31 58509394 20.00 0.07 0.21 347285 13 4
11072 172327 3.65544 1 7526 40467 31 29786649 24.00 0.07 0.21 1697404 13 5
11072 172327 75.5035 1 77220 84015 249 623489366 29.00 0.06 0.21 1830940 13 6
11072 172327 14.1618 1 15194 22023 62 124583127 20.00 0.07 0.21 418268 13 7
11072 172327 50.7763 1 51136 71130 157 353822145 28.00 0.06 0.21 2064750 13 8
11072 172327 46.5839 1 47934 56624 142 355688852 27.00 0.06 0.21 1477952 13 9
11072 172327 1.01385 1 1077 3481 7 7064730 20.00 0.07 0.21 66469 13 10
11072 172327 8.02478 1 8450 11583 35 68589596 20.00 0.06 0.22 302391 13 11
11072 172327 13.015 1 14526 17074 62 117042545 20.00 0.06 0.21 380963 13 12
11072 172327 57.6222 1 56529 64760 177 431883381 28.00 0.06 0.22 1779970 13 13
11072 172327 36.6424 1 41462 61711 127 272320865 26.00 0.07 0.21 1861346 13 14
11072 172327 9.60254 1 10704 15401 46 86195007 20.00 0.07 0.21 365194 13 15
11072 172327 3.63245 1 4225 6588 22 31973173 20.00 0.07 0.21 194552 13 16
11072 172327 52.364 1 55891 67059 173 448161965 27.00 0.06 0.21 1390962 13 17
11072 172327 41.9396 1 42667 47400 127 352576504 22.00 0.07 0.21 1008330 13 18
11072 172327 28.6756 1 30262 34230 109 248851748 21.00 0.07 0.21 878849 13 19
11072 172327 0.45493 1 283 1158 3 1679387 20.00 0.07 0.21 25283 13 20
11920 185578 11.4733 1 10968 14270 46 94002421 21.00 0.07 0.23 368662 14 1
11920 185578 46.6009 1 44321 52228 127 384105295 27.00 0.07 0.23 1318684 14 2
11920 185578 13.435 1 14449 23721 62 112823886 21.00 0.07 0.23 662787 14 3
11920 185578 69.0655 1 55934 67124 173 423300249 29.00 0.07 0.23 1744210 14 4
11920 185578 76.9353 1 78185 118696 251 531215319 37.00 0.07 0.23 3144223 14 5
11920 185578 8.78067 1 10227 16163 45 73235600 21.00 0.07 0.23 586401 14 6
11920 185578 46.005 1 47664 58093 142 386262839 27.00 0.07 0.23 1365998 14 7
11920 185578 3.76843 1 3730 5933 20 31968353 21.00 0.07 0.23 187199 14 8
11920 185578 53.8278 1 47901 54095 142 405806088 28.00 0.07 0.24 1378868 14 9
11920 185578 62.6225 1 59384 66164 189 516331134 29.00 0.07 0.23 1604105 14 10
11920 185578 62.3695 1 57576 64058 183 510158524 28.00 0.07 0.23 1390684 14 11
11920 185578 26.6799 1 35270 74702 125 209694240 26.00 0.07 0.23 1724204 14 12
11920 185578 41.5557 1 38274 48721 126 329631650 26.00 0.07 0.23 1174907 14 13
11920 185578 22.0057 1 21641 25964 77 191741733 21.00 0.07 0.23 657119 14 14
11920 185578 7.27889 1 7404 12083 31 64574169 21.00 0.07 0.23 270977 14 15
11920 185578 49.6455 1 51066 63474 157 376147743 28.00 0.08 0.23 1973183 14 16
11920 185578 37.1374 1 37621 52337 126 266102345 27.00 0.07 0.22 1678430 14 17
11920 185578 0.478927 1 387 1581 3 1848100 21.00 0.07 0.23 62427 14 18
11920 185578 30.0334 1 29737 38524 109 241717563 21.00 0.07 0.23 1013330 14 19
11920 185578 3.2655 1 3781 10626 20 27408715 21.00 0.08 0.23 286917 14 20
12768 198829 30.1314 1 41311 124064 127 187046067 66.00 0.08 0.25 7357606 15 1
12768 198829 53.0659 1 81398 243518 253 363074158 101.00 0.08 0.25 15383332 15 2
12768 198829 34.5288 1 54359 162622 166 241379330 71.00 0.07 0.25 9807984 15 3
12768 198829 77.9332 1 77933 208273 250 371004148 69.00 0.09 0.25 10104084 15 4
12768 198829 85.328 1 80745 105937 253 547942907 50.00 0.08 0.25 3924633 15 5
12768 198829 15.7306 1 18761 36394 63 124967171 25.00 0.08 0.25 1108856 15 6
12768 198829 22.1886 1 20558 27979 72 172509945 22.00 0.08 0.26 787917 15 7
12768 198829 95.6085 1 80948 115264 253 688340227 50.00 0.07 0.25 3774062 15 8
12768 198829 16.3025 1 14049 19751 61 131028013 22.00 0.07 0.25 460627 15 9
12768 198829 46.9859 1 43566 59827 127 379012680 28.00 0.08 0.25 2028471 15 10
12768 198829 8.89465 1 8761 10897 37 78969403 22.00 0.07 0.25 320671 15 11
12768 198829 18.2962 1 16817 21725 63 165236008 22.00 0.08 0.25 440992 15 12
12768 198829 70.9682 1 58899 69242 188 513977689 29.00 0.07 0.25 1890534 15 13
12768 198829 5.07723 1 4878 7042 26 44956466 22.00 0.07 0.25 164513 15 14
12768 198829 111.498 1 84033 108419 254 598279559 50.00 0.08 0.25 3259266 15 15
12768 198829 4.31834 1 4751 9986 25 36383050 22.00 0.08 0.25 384592 15 16
12768 198829 85.69 1 70248 86203 220 616161943 38.00 0.08 0.25 2344731 15 17
12768 198829 55.4036 1 49623 55833 152 468205054 28.00 0.08 0.25 1244604 15 18
12768 198829 13.6789 1 13403 23459 60 118876894 22.00 0.07 0.25 579029 15 19
12768 198829 41.9366 1 59793 228491 189 297050063 68.00 0.08 0.25 10157442 15 20
13616 212080 65.769 1 50041 56787 155 510259438 28.00 0.09 0.27 1227270 16 1
13616 212080 93.2068 1 74905 86907 236 657473495 39.00 0.08 0.26 2517282 16 2
13616 212080 18.3042 1 15743 23272 62 154639994 22.00 0.08 0.26 572126 16 3
13616 212080 56.3324 1 47041 67781 141 400485610 37.00 0.09 0.26 2396000 16 4
13616 212080 42.7225 1 61768 227970 190 299114675 101.00 0.09 0.26 12885250 16 5
13616 212080 43.6764 1 37925 44223 126 366482494 28.00 0.08 0.26 1150588 16 6
13616 212080 12.5011 1 11190 16974 46 102512007 22.00 0.08 0.26 537172 16 7
13616 212080 100.339 1 77629 95642 250 622737857 39.00 0.08 0.26 2666588 16 8
13616 212080 54.4297 1 39977 50011 127 363554130 28.00 0.08 0.26 1464199 16 9
13616 212080 67.4467 1 52800 65402 158 457945011 37.00 0.08 0.26 2207627 16 10
13616 212080 96.1044 1 76530 113545 243 611847748 39.00 0.08 0.26 3586682 16 11
13616 212080 30.7473 1 42614 148183 127 222338462 68.00 0.08 0.26 7889281 16 12
13616 212080 36.4705 1 28230 37175 101 266171678 27.00 0.08 0.27 1066741 16 13
13616 212080 25.2132 1 25222 39791 93 193733427 27.00 0.09 0.26 1295987 16 14
13616 212080 3.87041 1 3221 7085 16 33263227 22.00 0.08 0.26 118969 16 15
13616 212080 23.3744 1 20587 29013 72 189139046 22.00 0.08 0.26 905646 16 16
13616 212080 102.484 1 67992 77903 211 632802497 29.00 0.09 0.26 1293054 16 17
13616 212080 3.35149 1 3142 13676 15 27554439 22.00 0.09 0.26 229760 16 18
13616 212080 66.067 1 53924 65608 165 539992317 29.00 0.09 0.26 1532592 16 19
13616 212080 90.4073 1 112850 345593 293 562477946 158.00 0.08 0.26 21049143 16 20
14464 225331 5.75612 1 4381 6475 22 48120739 25.00 0.09 0.29 158549 17 1
14464 225331 13.178 1 11826 19858 52 126562998 25.00 0.09 0.28 465560 17 2
14464 225331 15.5406 1 24106 99221 88 119006875 47.00 0.10 0.28 5106454 17 3
14464 225331 0.965853 1 710 2871 6 5572052 25.00 0.08 0.28 91587 17 4
14464 225331 13.8649 1 13508 47946 60 98998036 26.00 0.09 0.28 1646068 17 5
14464 225331 45.777 1 34670 45887 125 306077011 28.00 0.09 0.28 1731173 17 6
14464 225331 135.851 1 153086 443352 404 780633735 197.00 0.09 0.28 28097077 17 7
14464 225331 8.34173 1 7378 11376 31 79589685 25.00 0.09 0.28 366889 17 8
14464 225331 20.7638 1 15683 21785 62 168109525 25.00 0.08 0.28 537702 17 9
14464 225331 55.2706 1 70876 226264 220 393908952 103.00 0.09 0.28 12102165 17 10
14464 225331 48.7686 1 68538 222268 212 336742880 105.00 0.09 0.28 13523864 17 11
14464 225331 34.2698 1 27548 35779 97 272272265 27.00 0.09 0.28 1060921 17 12
14464 225331 66.4169 1 46847 55560 140 459744065 29.00 0.08 0.29 1560783 17 13
14464 225331 126.736 1 95415 149769 255 722386564 52.00 0.08 0.28 4589071 17 14
14464 225331 10.1745 1 8538 11508 36 85031948 25.00 0.08 0.28 394824 17 15
14464 225331 76.1054 1 59368 81481 189 540812222 37.00 0.09 0.28 2304875 17 16
14464 225331 20.6249 1 16902 21505 63 188045198 25.00 0.08 0.28 494534 17 17
14464 225331 26.496 1 22351 28461 78 231958641 25.00 0.09 0.28 724189 17 18
14464 225331 84.9001 1 50411 134987 156 356803086 51.00 0.08 0.28 6405559 17 19
14464 225331 63.3064 1 49110 61265 149 460903622 30.00 0.08 0.28 1853628 17 20
15312 238582 3.61845 1 2407 3628 15 28152852 29.00 0.09 0.30 102771 18 1
15312 238582 34.5228 1 26998 32267 94 297830992 29.00 0.10 0.30 888779 18 2
15312 238582 19.464 1 14518 17883 62 162734793 29.00 0.09 0.29 431712 18 3
15312 238582 74.2617 1 52575 62884 158 558876329 30.00 0.09 0.30 1687676 18 4
15312 238582 98.892 1 67151 76875 205 714026358 39.00 0.09 0.30 2036438 18 5
15312 238582 25.2742 1 20418 24746 70 206968272 29.00 0.10 0.30 782320 18 6
15312 238582 27.1729 1 20372 26540 70 216727066 29.00 0.10 0.30 682779 18 7
15312 238582 21.9307 1 17100 21625 63 197131070 29.00 0.09 0.30 533829 18 8
15312 238582 19.1201 1 13854 20097 61 140977644 29.00 0.09 0.31 619590 18 9
15312 238582 26.401 1 20523 24801 71 231031458 29.00 0.09 0.29 667531 18 10
15312 238582 32.3901 1 24544 30257 92 295167322 29.00 0.09 0.30 563195 18 11
15312 238582 82.1445 1 60730 66936 189 705753085 36.00 0.09 0.29 1351366 18 12
15312 238582 25.0062 1 16494 20929 63 182767773 29.00 0.09 0.31 521178 18 13
15312 238582 44.7342 1 33338 38751 124 392690215 29.00 0.09 0.29 896065 18 14
15312 238582 92.7279 1 63030 88254 190 570161379 38.00 0.09 0.30 2545207 18 15
15312 238582 4.75528 1 3979 6225 21 41581357 29.00 0.09 0.29 173453 18 16
15312 238582 97.4682 1 80596 141224 253 626440059 51.00 0.10 0.29 3903174 18 17
15312 238582 83.1804 1 66465 84127 204 584737085 39.00 0.09 0.30 3194805 18 18
15312 238582 128.06 1 84413 121547 254 862210143 41.00 0.09 0.30 2881109 18 19
15312 238582 20.8278 1 15798 19783 62 187243789 29.00 0.09 0.30 401220 18 20
16160 251833 34.6537 1 22337 26457 78 271761550 29.00 0.10 0.33 591590 19 1
16160 251833 34.9367 1 24046 28139 88 306413225 29.00 0.10 0.32 571835 19 2
16160 251833 4.45132 1 3073 4110 15 37646800 29.00 0.10 0.32 105461 19 3
16160 251833 11.1903 1 7756 9260 31 97468913 29.00 0.10 0.32 239396 19 4
16160 251833 21.4197 1 14648 19373 62 180163176 29.00 0.10 0.32 463801 19 5
16160 251833 37.6033 1 27705 32849 98 320684757 29.00 0.10 0.32 868247 19 6
16160 251833 41.9466 1 27832 31637 99 344256331 29.00 0.09 0.32 723600 19 7
16160 251833 25.7711 1 19126 24561 63 222388780 29.00 0.10 0.32 671517 19 8
16160 251833 5.2592 1 3368 5026 17 40353174 29.00 0.09 0.32 119401 19 9
16160 251833 102.905 1 67911 82437 210 774341800 38.00 0.10 0.32 1992147 19 10
16160 251833 22.1436 1 16099 19534 63 184328214 29.00 0.10 0.32 575131 19 11
16160 251833 102.804 1 70483 77573 220 866991417 31.00 0.10 0.32 1612219 19 12
16160 251833 1.38279 1 837 2106 7 8274590 29.00 0.10 0.32 57120 19 13
16160 251833 21.1358 1 15348 19120 62 185427993 29.00 0.11 0.32 465399 19 14
16160 251833 40.7778 1 28326 34497 101 342184081 29.00 0.09 0.32 823629 19 15
16160 251833 18.5472 1 13389 17692 60 160920254 29.00 0.10 0.32 390768 19 16
16160 251833 42.2276 1 30475 35606 110 351619277 29.00 0.10 0.32 1025141 19 17
16160 251833 37.4283 1 26075 30186 94 326654010 29.00 0.10 0.32 696553 19 18
16160 251833 0.716891 1 324 1057 3 2834904 29.00 0.10 0.32 35685 19 19
16160 251833 53.9808 1 37908 43478 126 456241709 29.00 0.10 0.32 996465 19 20
17008 265084 64.4992 1 47461 77477 142 447102823 38.00 0.10 0.34 2096514 20 1
17008 265084 20.9908 1 16316 35084 63 170254703 30.00 0.09 0.33 819116 20 2
17008 265084 46.5309 1 36662 52887 126 372921192 30.00 0.11 0.33 1490568 20 3
17008 265084 20.8128 1 15386 24858 62 168332291 30.00 0.10 0.33 687255 20 4
17008 265084 53.8998 1 32673 42706 123 376824864 30.00 0.11 0.33 1189035 20 5
17008 265084 45.901 1 33379 50768 124 358164834 30.00 0.11 0.33 1297228 20 6
17008 265084 97.5902 1 73437 122963 229 684254266 50.00 0.10 0.33 3023710 20 7
17008 265084 26.8419 1 16812 19675 63 228619989 30.00 0.11 0.33 446766 20 8
17008 265084 69.5964 1 46888 69473 140 450367442 37.00 0.10 0.34 2120078 20 9
17008 265084 139.473 1 92618 135289 255 905019304 53.00 0.10 0.33 4080551 20 10
17008 265084 82.7204 1 50672 56331 157 669741237 31.00 0.10 0.33 1237150 20 11
17008 265084 67.7557 1 49853 61752 154 543356804 30.00 0.10 0.33 1571005 20 12
17008 265084 29.8215 1 18979 31195 63 199298422 30.00 0.10 0.34 1137072 20 13
17008 265084 17.1574 1 14605 29907 62 141735305 30.00 0.11 0.33 617367 20 14
17008 265084 26.9429 1 18593 26807 63 224792809 30.00 0.11 0.33 749939 20 15
17008 265084 22.7815 1 19268 37440 64 187503978 30.00 0.10 0.33 829987 20 16
17008 265084 7.00193 1 5488 10546 29 56588230 30.00 0.10 0.33 316510 20 17
17008 265084 36.6794 1 27646 39928 97 298332901 30.00 0.11 0.33 1070133 20 18
17008 265084 52.2701 1 38448 52488 126 411167725 30.00 0.10 0.33 1663280 20 19
17008 265084 6.06408 1 4333 14475 22 48433557 30.00 0.11 0.33 256548 20 20
