WARNING: for repeatability, setting FPU to use double precision
============================[ Problem Statistics ]=============================
|                                                                             |
|  Number of variables:           688                                         |
|  Number of clauses:            8656                                         |
|  Parse time:                   0.01 s                                       |
|  Eliminated clauses:           0.01 Mb                                      |
|  Simplification time:          0.03 s                                       |
|                                                                             |
=============================[ Search Statistics ]==============================
| Conflicts  |          ORIGINAL         |          LEARNT          | Progress |
|            |    Vars  Clauses Literals |    Limit  Clauses Lit/Cl |          |
================================================================================
|        100 |     448     8048    49480 |     2950      100     12 | 13.954 % |
|        250 |     448     8048    49480 |     3246      250     12 | 13.954 % |
|        475 |     448     8048    49480 |     3570      475     13 | 13.954 % |
|        812 |     448     8048    49480 |     3927      812     13 | 13.954 % |
|       1318 |     448     8048    49480 |     4320     1318     14 | 13.954 % |
|       2077 |     448     8048    49480 |     4752     2077     14 | 13.954 % |
|       3216 |     448     8048    49480 |     5227     3216     14 | 13.954 % |
|       4924 |     448     8048    49480 |     5750     4924     14 | 13.954 % |
|       7486 |     448     8048    49480 |     6325     4527     14 | 13.954 % |
|      11330 |     448     8048    49480 |     6958     5133     14 | 13.954 % |
|      17096 |     448     8048    49480 |     7653     3746     15 | 13.954 % |
|      25745 |     448     8048    49480 |     8419     4549     14 | 13.954 % |
|      38719 |     448     8048    49480 |     9261     4637     14 | 13.954 % |
|      58180 |     448     8048    49480 |    10187     5210     14 | 13.954 % |
|      87372 |     448     8048    49480 |    11206     8447     15 | 13.954 % |
|     131161 |     448     8048    49480 |    12326     6779     15 | 13.954 % |
|     196845 |     448     8048    49480 |    13559     9878     15 | 13.954 % |
|     295371 |     448     8048    49480 |    14915    12185     15 | 13.954 % |
|     443160 |     448     8048    49480 |    16406     8827     14 | 13.954 % |
|     664843 |     448     8048    49480 |    18047    14952     15 | 13.954 % |
|     997368 |     448     8048    49480 |    19852    10302     14 | 13.954 % |
|    1496156 |     448     8048    49480 |    21837    18476     15 | 13.954 % |
|    2244338 |     448     8048    49480 |    24021    18508     18 | 13.954 % |
|    3366612 |     448     8048    49480 |    26423    15592     14 | 13.954 % |
|    5050023 |     448     8048    49480 |    29065    16006     14 | 13.954 % |
|    7575139 |     448     8048    49480 |    31972    25359     17 | 13.954 % |
|   11362814 |     448     8048    49480 |    35169    16546     15 | 13.954 % |
|   17044326 |     448     8048    49480 |    38686    21551     15 | 13.954 % |
|   25566595 |     448     8048    49480 |    42555    30721     18 | 13.954 % |
|   38349998 |     448     8048    49480 |    46810    17088     16 | 13.954 % |
===============================================================================
restarts              : 62840
conflicts             : 44520390       (23322 /sec)
decisions             : 55482370       (0.00 % random) (29064 /sec)
propagations          : 1339125522     (701492 /sec)
conflict literals     : 781067313      (9.11 % deleted)
Memory used           : 70.00 MB
CPU time              : 1908.97 s

SATISFIABLE
