WARNING: for repeatability, setting FPU to use double precision
============================[ Problem Statistics ]=============================
|                                                                             |
|  Number of variables:          1168                                         |
|  Number of clauses:           15100                                         |
|  Parse time:                   0.01 s                                       |
|  Eliminated clauses:           0.01 Mb                                      |
|  Simplification time:          0.05 s                                       |
|                                                                             |
=============================[ Search Statistics ]==============================
| Conflicts  |          ORIGINAL         |          LEARNT          | Progress |
|            |    Vars  Clauses Literals |    Limit  Clauses Lit/Cl |          |
================================================================================
|        100 |     784    14108    86686 |     5172      100     14 | 12.329 % |
|        250 |     784    14108    86686 |     5690      250     13 | 12.329 % |
|        475 |     784    14108    86686 |     6259      475     14 | 12.329 % |
|        812 |     784    14108    86686 |     6885      812     13 | 12.329 % |
|       1318 |     784    14108    86686 |     7573     1318     14 | 12.329 % |
|       2077 |     784    14108    86686 |     8331     2077     14 | 12.329 % |
|       3216 |     784    14108    86686 |     9164     3216     14 | 12.329 % |
|       4924 |     784    14108    86686 |    10080     4924     14 | 12.329 % |
|       7486 |     784    14108    86686 |    11088     7486     14 | 12.329 % |
|      11330 |     784    14108    86686 |    12197     5704     14 | 12.329 % |
|      17096 |     784    14108    86686 |    13417    11470     15 | 12.329 % |
|      25745 |     784    14108    86686 |    14758    13299     15 | 12.329 % |
|      38719 |     784    14108    86686 |    16234    11230     14 | 12.329 % |
|      58180 |     784    14108    86686 |    17858    14087     14 | 12.329 % |
|      87372 |     784    14108    86686 |    19644    16188     16 | 12.329 % |
|     131161 |     784    14108    86686 |    21608    10148     14 | 12.329 % |
|     196845 |     784    14108    86686 |    23769    20921     15 | 12.329 % |
|     295371 |     784    14108    86686 |    26146    23304     14 | 12.329 % |
|     443160 |     784    14108    86686 |    28761    25604     14 | 12.329 % |
|     664843 |     784    14108    86686 |    31637    17744     15 | 12.329 % |
|     997368 |     784    14108    86686 |    34800    24050     17 | 12.329 % |
|    1496156 |     784    14108    86686 |    38280    25967     14 | 12.329 % |
|    2244338 |     784    14108    86686 |    42109    37815     17 | 12.329 % |
|    3366612 |     784    14108    86686 |    46320    20151     14 | 12.329 % |
|    5050023 |     784    14108    86686 |    50952    27580     18 | 12.329 % |
|    7575139 |     784    14108    86686 |    56047    19418     17 | 12.329 % |
|   11362814 |     784    14108    86686 |    61651    44944     27 | 12.329 % |
|   17044326 |     784    14108    86686 |    67817    36264     15 | 12.329 % |
|   25566595 |     784    14108    86686 |    74598    31769     15 | 12.329 % |
|   38349998 |     784    14108    86686 |    82058    48865     20 | 12.329 % |
|   57525103 |     784    14108    86686 |    90264    32889     17 | 12.329 % |
===============================================================================
restarts              : 76866
conflicts             : 59465050       (19279 /sec)
decisions             : 77154746       (0.00 % random) (25014 /sec)
propagations          : 1841387811     (596980 /sec)
conflict literals     : 1076718420     (8.76 % deleted)
Memory used           : 139.00 MB
CPU time              : 3084.51 s

SATISFIABLE
