WARNING: for repeatability, setting FPU to use double precision
============================[ Problem Statistics ]=============================
|                                                                             |
|  Number of variables:           688                                         |
|  Number of clauses:            8656                                         |
|  Parse time:                   0.01 s                                       |
|  Eliminated clauses:           0.01 Mb                                      |
|  Simplification time:          0.03 s                                       |
|                                                                             |
=============================[ Search Statistics ]==============================
| Conflicts  |          ORIGINAL         |          LEARNT          | Progress |
|            |    Vars  Clauses Literals |    Limit  Clauses Lit/Cl |          |
================================================================================
|        100 |     448     8048    49480 |     2950      100     15 | 13.954 % |
|        250 |     448     8048    49480 |     3246      250     14 | 13.954 % |
|        475 |     448     8048    49480 |     3570      475     14 | 13.954 % |
|        812 |     448     8048    49480 |     3927      812     14 | 13.954 % |
|       1318 |     448     8048    49480 |     4320     1318     14 | 13.954 % |
|       2077 |     448     8048    49480 |     4752     2077     14 | 13.954 % |
|       3216 |     448     8048    49480 |     5227     3216     14 | 13.954 % |
|       4924 |     448     8048    49480 |     5750     4924     14 | 13.954 % |
|       7486 |     448     8048    49480 |     6325     4489     14 | 13.954 % |
|      11330 |     448     8048    49480 |     6958     5114     14 | 13.954 % |
|      17096 |     448     8048    49480 |     7653     3651     14 | 13.954 % |
|      25745 |     448     8048    49480 |     8419     4455     14 | 13.954 % |
|      38719 |     448     8048    49480 |     9261     4536     15 | 13.954 % |
|      58180 |     448     8048    49480 |    10187     5161     14 | 13.954 % |
|      87372 |     448     8048    49480 |    11206     8382     14 | 13.954 % |
|     131161 |     448     8048    49480 |    12326     6676     14 | 13.954 % |
|     196845 |     448     8048    49480 |    13559     9794     17 | 13.954 % |
|     295371 |     448     8048    49480 |    14915    12205     15 | 13.954 % |
|     443160 |     448     8048    49480 |    16406     8979     15 | 13.954 % |
|     664843 |     448     8048    49480 |    18047    15244     15 | 13.954 % |
|     997368 |     448     8048    49480 |    19852    10756     17 | 13.954 % |
|    1496156 |     448     8048    49480 |    21837    18965     14 | 13.954 % |
|    2244338 |     448     8048    49480 |    24021    18854     17 | 13.954 % |
|    3366612 |     448     8048    49480 |    26423    16009     14 | 13.954 % |
|    5050023 |     448     8048    49480 |    29065    18378     17 | 13.954 % |
|    7575139 |     448     8048    49480 |    31972    28528     17 | 13.954 % |
|   11362814 |     448     8048    49480 |    35169    24501     20 | 13.954 % |
===============================================================================
restarts              : 21240
conflicts             : 14248859       (32537 /sec)
decisions             : 18247530       (0.00 % random) (41668 /sec)
propagations          : 361734516      (826019 /sec)
conflict literals     : 244536004      (8.11 % deleted)
Memory used           : 41.00 MB
CPU time              : 437.925 s

SATISFIABLE
