rn rc t sat cfs dec rts r1 mem ptime stime cfl r s
244 1190 0.003999 1 1 9 1 304 8.00 0.00 0.00 8 1 1
244 1190 0.002999 1 8 21 1 1051 8.00 0.00 0.00 50 1 2
244 1190 0.003999 1 2 9 1 419 8.00 0.00 0.00 15 1 3
244 1190 0.001999 1 32 67 1 1837 8.00 0.00 0.00 260 1 4
244 1190 0.001999 1 33 60 1 1784 8.00 0.00 0.00 273 1 5
244 1190 0.001999 1 3 9 1 529 8.00 0.00 0.00 21 1 6
244 1190 0.003999 1 0 9 1 198 8.00 0.00 0.00 0 1 7
244 1190 0.004999 1 84 114 1 3927 8.00 0.00 0.00 519 1 8
244 1190 0.002999 1 0 9 1 198 8.00 0.00 0.00 0 1 9
244 1190 0.000999 1 0 9 1 198 8.00 0.00 0.00 0 1 10
244 1190 0.003999 1 0 9 1 198 8.00 0.00 0.00 0 1 11
244 1190 0.000999 1 10 20 1 918 8.00 0.00 0.00 77 1 12
244 1190 0.004999 1 19 30 1 1823 8.00 0.00 0.00 92 1 13
244 1190 0.003999 1 39 63 1 2440 8.00 0.00 0.00 258 1 14
244 1190 0.000999 1 52 77 1 2503 8.00 0.00 0.00 436 1 15
244 1190 0.003999 1 19 50 1 1206 8.00 0.00 0.00 151 1 16
244 1190 0.001999 1 56 78 1 3035 8.00 0.00 0.00 313 1 17
244 1190 0.002999 1 1 9 1 301 8.00 0.00 0.00 8 1 18
244 1190 0.001999 1 2 9 1 425 8.00 0.00 0.00 15 1 19
244 1190 0.001999 1 15 32 1 1189 8.00 0.00 0.00 90 1 20
428 2300 0.006998 1 73 98 1 11553 8.00 0.00 0.00 1189 2 1
428 2300 0.005999 1 26 69 1 4260 8.00 0.00 0.00 447 2 2
428 2300 0.009998 1 244 297 3 33829 8.00 0.00 0.00 3771 2 3
428 2300 0.010998 1 186 228 2 32562 8.00 0.00 0.00 2021 2 4
428 2300 0.003999 1 10 36 1 1860 8.00 0.00 0.00 148 2 5
428 2300 0.009998 1 144 184 2 19554 8.00 0.00 0.00 2068 2 6
428 2300 0.012998 1 208 290 3 25499 8.00 0.00 0.00 3500 2 7
428 2300 0.009998 1 215 314 3 27947 8.00 0.00 0.00 3974 2 8
428 2300 0.016997 1 442 531 4 65020 8.00 0.00 0.00 5746 2 9
428 2300 0.007998 1 62 98 1 7674 8.00 0.00 0.00 1127 2 10
428 2300 0.012998 1 217 304 3 33642 8.00 0.00 0.00 3624 2 11
428 2300 0.005999 1 19 44 1 3335 8.00 0.00 0.00 308 2 12
428 2300 0.004999 1 70 113 1 9276 8.00 0.00 0.00 1399 2 13
428 2300 0.013997 1 419 485 4 56132 8.00 0.00 0.00 6305 2 14
428 2300 0.003999 1 9 36 1 1609 8.00 0.00 0.00 138 2 15
428 2300 0.007998 1 199 260 2 16255 8.00 0.00 0.00 3112 2 16
428 2300 0.008998 1 187 267 2 20494 8.00 0.00 0.00 3079 2 17
428 2300 0.007998 1 193 234 2 25602 8.00 0.00 0.00 2950 2 18
428 2300 0.004999 1 58 90 1 8648 8.00 0.00 0.00 929 2 19
428 2300 0.004999 1 38 67 1 6248 8.00 0.00 0.00 625 2 20
612 3410 0.073988 1 2281 2824 14 332555 8.00 0.00 0.01 52729 3 1
612 3410 0.025996 1 660 853 6 101350 8.00 0.00 0.00 15815 3 2
612 3410 0.046992 1 1458 1985 10 214319 8.00 0.00 0.01 30390 3 3
612 3410 0.050992 1 1578 2015 10 230890 8.00 0.00 0.00 32809 3 4
612 3410 0.048992 1 1662 2228 11 225988 8.00 0.00 0.00 31360 3 5
612 3410 0.158975 1 5329 6667 29 757656 8.00 0.00 0.01 104558 3 6
612 3410 0.103984 1 3357 4190 17 532565 8.00 0.00 0.00 67288 3 7
612 3410 0.041993 1 1266 1639 8 178224 8.00 0.00 0.00 27602 3 8
612 3410 0.284956 1 9089 11093 38 1444607 8.00 0.00 0.00 165994 3 9
612 3410 0.030995 1 949 1359 7 146592 8.00 0.00 0.00 22069 3 10
612 3410 0.016997 1 362 496 3 48599 8.00 0.00 0.00 9686 3 11
612 3410 0.273958 1 9309 11809 39 1324699 8.00 0.00 0.00 175232 3 12
612 3410 0.019996 1 447 654 4 61954 8.00 0.00 0.01 10151 3 13
612 3410 0.12798 1 4181 5472 22 606172 8.00 0.00 0.00 87658 3 14
612 3410 0.008998 1 80 126 1 13427 8.00 0.00 0.00 2141 3 15
612 3410 0.189971 1 6243 7512 30 924827 8.00 0.00 0.00 114383 3 16
612 3410 0.184971 1 6301 8006 30 870428 8.00 0.00 0.00 121354 3 17
612 3410 0.096985 1 2997 3950 15 441270 8.00 0.00 0.01 65885 3 18
612 3410 0.06499 1 2047 2720 14 281098 8.00 0.00 0.00 49542 3 19
612 3410 0.134979 1 4515 5636 23 648198 8.00 0.00 0.00 91317 3 20
796 4520 4.54431 1 130513 148779 355 19687107 8.00 0.00 0.01 2525770 4 1
796 4520 0.219966 1 6560 9117 31 1095555 8.00 0.00 0.00 169710 4 2
796 4520 2.01669 1 59155 71008 188 8507978 8.00 0.00 0.01 1283169 4 3
796 4520 2.19966 1 66366 77745 204 9156809 8.00 0.00 0.01 1454201 4 4
796 4520 5.14322 1 142429 162369 382 21435727 8.00 0.00 0.01 2840410 4 5
796 4520 0.549916 1 16809 21615 63 2561595 8.00 0.00 0.00 382962 4 6
796 4520 0.537918 1 14675 18343 62 2648446 8.00 0.00 0.01 357539 4 7
796 4520 1.74073 1 52988 63909 159 7390426 8.00 0.00 0.01 1089468 4 8
796 4520 1.07784 1 31888 39105 118 4748653 8.00 0.00 0.01 796609 4 9
796 4520 3.41748 1 89011 104686 254 15985132 8.00 0.00 0.01 1865033 4 10
796 4520 0.401938 1 11655 14436 49 1914757 8.00 0.00 0.00 322367 4 11
796 4520 0.104984 1 2909 4212 15 490058 8.00 0.00 0.01 85632 4 12
796 4520 2.38364 1 69646 83145 219 9953695 8.00 0.00 0.00 1441598 4 13
796 4520 2.90956 1 83464 98558 254 12357988 8.00 0.00 0.00 1801528 4 14
796 4520 1.15982 1 36264 45924 126 5005662 8.00 0.00 0.01 842887 4 15
796 4520 1.2938 1 39757 49028 127 5834241 8.00 0.00 0.00 866516 4 16
796 4520 1.41978 1 39981 48911 127 6250630 8.00 0.00 0.01 1018115 4 17
796 4520 1.00085 1 30297 37765 109 4475423 8.00 0.00 0.01 706456 4 18
796 4520 4.20636 1 110253 127149 286 18480516 8.00 0.00 0.01 2329711 4 19
796 4520 3.15052 1 87296 103611 254 13149110 8.00 0.00 0.00 1920851 4 20
980 5630 2.15967 1 58501 72903 187 9221290 8.00 0.00 0.01 1187388 5 1
980 5630 7.14491 1 151495 177062 404 32688850 8.00 0.00 0.01 2965864 5 2
980 5630 2.37764 1 53886 65289 165 11894924 8.00 0.00 0.01 1105883 5 3
980 5630 3.52346 1 93422 111137 255 14235164 8.00 0.00 0.01 1806751 5 4
980 5630 1.57976 1 37058 45068 126 8014347 8.00 0.00 0.01 772951 5 5
980 5630 0.937857 1 23370 28826 85 4940375 8.00 0.00 0.01 551527 5 6
980 5630 0.219966 1 5946 7605 30 1143085 8.00 0.00 0.01 144147 5 7
980 5630 4.92525 1 105409 125540 270 22489687 8.00 0.00 0.00 2106125 5 8
980 5630 2.32765 1 60564 73007 189 10438807 8.00 0.00 0.01 1240774 5 9
980 5630 4.02539 1 100627 123815 255 16327136 8.00 0.00 0.01 2122213 5 10
980 5630 0.264959 1 7710 10004 31 1292346 8.00 0.00 0.00 205275 5 11
980 5630 2.6096 1 65711 79824 200 11692782 8.00 0.00 0.01 1265418 5 12
980 5630 1.19082 1 32850 42918 123 5295272 8.00 0.00 0.01 741099 5 13
980 5630 4.35434 1 95274 113779 255 20768887 8.00 0.00 0.01 1959205 5 14
980 5630 10.0375 1 211574 248404 511 43608241 8.00 0.00 0.01 4223810 5 15
980 5630 2.71359 1 69646 89712 219 11864012 8.00 0.00 0.01 1539035 5 16
980 5630 9.48856 1 234841 268092 533 36978073 8.00 0.00 0.00 4173788 5 17
980 5630 7.2529 1 148420 173782 389 34035720 8.00 0.00 0.01 2911127 5 18
980 5630 0.899863 1 22994 29016 83 4429677 8.00 0.00 0.01 529776 5 19
980 5630 3.61945 1 87212 103167 254 15456014 8.00 0.00 0.01 1707156 5 20
1164 6740 27.9847 1 446965 493790 1022 131376957 8.00 0.00 0.01 8144977 6 1
1164 6740 10.6384 1 177814 204816 491 54987499 8.00 0.00 0.01 3352924 6 2
1164 6740 0.254961 1 7452 10400 31 1212623 8.00 0.00 0.01 187630 6 3
1164 6740 5.49116 1 94377 109936 255 28314972 8.00 0.00 0.01 1970789 6 4
1164 6740 1.59676 1 32300 39921 122 8555211 8.00 0.00 0.01 700419 6 5
1164 6740 0.902862 1 18897 23523 63 4929682 8.00 0.00 0.01 407506 6 6
1164 6740 3.10953 1 59046 71147 188 16189750 8.00 0.00 0.01 1268551 6 7
1164 6740 0.266959 1 6958 9360 31 1418255 8.00 0.00 0.01 172154 6 8
1164 6740 1.19382 1 24828 31210 92 6432114 8.00 0.00 0.01 564910 6 9
1164 6740 0.222966 1 5716 7947 30 1141349 8.00 0.00 0.01 140687 6 10
1164 6740 7.19191 1 126093 147064 340 37652312 8.00 0.00 0.01 2492484 6 11
1164 6740 1.04484 1 22620 28902 80 5510589 8.00 0.00 0.01 519197 6 12
1164 6740 4.90925 1 90177 106615 255 25618412 8.00 0.01 0.01 1848688 6 13
1164 6740 5.12622 1 94037 110957 255 26719570 8.00 0.00 0.01 1896483 6 14
1164 6740 5.61315 1 100538 115959 255 30144403 8.00 0.00 0.01 1976248 6 15
1164 6740 4.72828 1 88512 104844 254 24091897 8.00 0.00 0.01 1903340 6 16
1164 6740 6.19506 1 111551 131076 293 32435944 8.00 0.00 0.01 2272722 6 17
1164 6740 0.733888 1 17789 22952 63 3670707 8.00 0.00 0.01 443316 6 18
1164 6740 1.9797 1 48173 59728 143 9296681 8.00 0.00 0.01 1202046 6 19
1164 6740 0.470928 1 11232 14737 46 2424337 8.00 0.00 0.01 250022 6 20
1348 7850 16.9664 1 406734 493496 994 56210430 9.00 0.00 0.01 9778961 7 1
1348 7850 53.0769 1 1076729 1252268 2047 205239357 11.00 0.01 0.01 25282969 7 2
1348 7850 35.1747 1 750888 867804 1565 145372925 9.00 0.00 0.01 16728013 7 3
1348 7850 23.1035 1 494518 574247 1023 93392502 9.00 0.00 0.01 11621988 7 4
1348 7850 41.4667 1 840654 967250 1789 162639665 10.00 0.01 0.01 19581075 7 5
1348 7850 50.8223 1 1007034 1163505 2046 198132551 10.00 0.00 0.01 23323733 7 6
1348 7850 8.31973 1 192384 235906 509 35184966 9.00 0.00 0.01 5152218 7 7
1348 7850 12.5001 1 292113 358577 701 53601081 9.00 0.00 0.01 7155296 7 8
1348 7850 22.5416 1 465151 530370 1023 91948872 9.00 0.01 0.01 10891503 7 9
1348 7850 42.1996 1 875543 1012380 1896 168395605 10.00 0.00 0.01 19954251 7 10
1348 7850 60.9077 1 1241600 1447386 2348 234401511 11.00 0.01 0.01 28341145 7 11
1348 7850 9.15461 1 202611 256070 510 33402860 9.00 0.01 0.01 5550920 7 12
1348 7850 28.3767 1 597605 694592 1277 113042255 9.00 0.00 0.01 13898639 7 13
1348 7850 69.4934 1 1318893 1484223 2556 273159976 11.00 0.00 0.01 29256315 7 14
1348 7850 2.01169 1 49766 63935 153 8816866 9.00 0.00 0.01 1370921 7 15
1348 7850 53.3049 1 1106761 1284753 2047 210140467 11.00 0.01 0.01 26122696 7 16
1348 7850 65.997 1 1266609 1438893 2428 253910646 11.00 0.00 0.01 29457458 7 17
1348 7850 2.21966 1 46826 57767 140 10129627 9.00 0.01 0.01 1383954 7 18
1348 7850 2.75958 1 71021 92440 221 12133961 9.00 0.00 0.01 1894674 7 19
1348 7850 58.7541 1 1162082 1327094 2172 233413150 10.00 0.00 0.01 25590679 7 20
1532 8960 41.8226 1 723579 851672 1534 154243728 11.00 0.01 0.01 19041104 8 1
1532 8960 29.8855 1 460432 537187 1022 128709843 10.00 0.00 0.01 11467791 8 2
1532 8960 91.1681 1 1449754 1723872 2813 309903676 14.00 0.00 0.01 38508208 8 3
1532 8960 8.88965 1 143920 178572 382 39028463 9.00 0.00 0.01 4126515 8 4
1532 8960 455.307 1 6737200 7395655 10891 1418482701 19.00 0.01 0.01 150479239 8 5
1532 8960 112.944 1 1867118 2110588 3581 380172552 13.00 0.00 0.01 44854401 8 6
1532 8960 13.9319 1 145667 166349 382 74448338 9.00 0.01 0.01 4466700 8 7
1532 8960 38.0752 1 471538 548069 1023 155175259 11.00 0.01 0.01 12954098 8 8
1532 8960 26.54 1 408107 477211 1002 111935129 9.00 0.01 0.01 10232744 8 9
1532 8960 47.2768 1 794544 919451 1691 172961786 12.00 0.01 0.01 19812237 8 10
1532 8960 10.3854 1 135626 161979 379 51325994 9.00 0.00 0.01 4024130 8 11
1532 8960 83.1054 1 1352105 1554432 2558 291344762 13.00 0.01 0.01 34661097 8 12
1532 8960 102.78 1 1744381 1975249 3332 350877993 13.00 0.00 0.01 43334930 8 13
1532 8960 42.4385 1 747682 855993 1556 151417992 11.00 0.00 0.01 18424159 8 14
1532 8960 44.7432 1 703886 825822 1532 168872686 11.00 0.00 0.01 18217364 8 15
1532 8960 104.024 1 1723801 2038818 3323 343964050 14.00 0.01 0.01 43481611 8 16
1532 8960 274.526 1 4133976 4643424 7287 897335983 17.00 0.00 0.01 97042543 8 17
1532 8960 14.4958 1 234950 289200 533 63000431 9.00 0.00 0.01 6585986 8 18
1532 8960 173.129 1 2280246 2556534 4095 606042406 14.00 0.01 0.01 55969737 8 19
1532 8960 55.9715 1 1006003 1146958 2046 196835837 11.00 0.00 0.01 23887853 8 20
1716 10070 130.774 1 1506000 1703343 2940 485153406 13.00 0.01 0.01 37564366 9 1
1716 10070 316.349 1 3522291 3962787 6142 1084298315 19.00 0.00 0.01 90118967 9 2
1716 10070 137.566 1 1488624 1685632 2907 553327778 14.00 0.01 0.01 36775301 9 3
1716 10070 70.2843 1 592473 660631 1275 391316204 11.00 0.00 0.01 16824395 9 4
1716 10070 4.24635 1 38307 43840 126 26266158 9.00 0.00 0.01 1296961 9 5
1716 10070 246.541 1 2736058 3075787 4733 861377749 17.00 0.00 0.01 68762078 9 6
1716 10070 929.702 1 7539012 8139041 12285 3873827416 21.00 0.00 0.01 161559182 9 7
1716 10070 449.759 1 5446350 6255644 8495 1409258140 21.00 0.01 0.01 132204411 9 8
1716 10070 239.011 1 2753666 3133298 4796 820581433 18.00 0.00 0.01 73258146 9 9
1716 10070 70.4793 1 982476 1161397 2046 237623821 13.00 0.00 0.01 26598906 9 10
1716 10070 58.3351 1 775153 900091 1650 211822999 13.00 0.00 0.01 20822512 9 11
1716 10070 21.3498 1 178867 200004 498 121364067 10.00 0.00 0.01 5528822 9 12
1716 10070 51.2652 1 415454 457382 1019 294246996 11.00 0.01 0.01 12249440 9 13
1716 10070 21.1898 1 182359 201196 507 121784787 9.00 0.01 0.01 5901462 9 14
1716 10070 644.496 1 7295621 8242263 12027 1958943407 22.00 0.01 0.01 183466898 9 15
1716 10070 300.675 1 2697891 3005848 4637 1313278656 18.00 0.01 0.01 71284128 9 16
1716 10070 95.5415 1 1240209 1420476 2343 341129925 13.00 0.00 0.01 31548261 9 17
1716 10070 695.631 1 6210831 6740779 10105 2682029651 20.00 0.00 0.01 136606263 9 18
1716 10070 227.168 1 2549513 2883234 4349 822547019 17.00 0.01 0.01 64149541 9 19
1716 10070 15.9016 1 134911 151938 377 87435721 9.00 0.00 0.01 4648695 9 20
1900 11180 80.1718 1 559485 615358 1163 444042202 13.00 0.01 0.01 17202386 10 1
1900 11180 101.806 1 727471 797918 1534 577815308 12.00 0.01 0.01 20540569 10 2
1900 11180 195.352 1 1384719 1513518 2652 1048193550 14.00 0.01 0.01 35646701 10 3
1900 11180 20.9258 1 156853 174906 422 126465100 10.00 0.01 0.01 5011283 10 4
1900 11180 269.936 1 2700183 3083924 4640 965305649 18.00 0.01 0.01 70236315 10 5
1900 11180 1.84772 1 16099 19098 63 12212167 9.00 0.01 0.01 579662 10 6
1900 11180 69.0915 1 481470 529632 1023 398022044 11.00 0.00 0.01 14537422 10 7
1900 11180 281.294 1 1865610 2027837 3581 1610772397 15.00 0.01 0.01 48606677 10 8
1900 11180 2.81057 1 25145 29717 93 17750369 9.00 0.00 0.01 921131 10 9
1900 11180 105.689 1 727144 795523 1534 601488776 14.00 0.01 0.01 21172337 10 10
1900 11180 106.295 1 782408 864825 1661 531626873 13.00 0.01 0.01 20279200 10 11
1900 11180 55.6295 1 389599 426819 941 329665008 11.00 0.01 0.01 11256188 10 12
1900 11180 52.1531 1 365302 404076 885 291885428 11.00 0.01 0.01 11333471 10 13
1900 11180 144.705 1 1013247 1105238 2046 806546213 13.00 0.01 0.01 26407572 10 14
1900 11180 65.971 1 474583 523376 1023 376568132 11.00 0.01 0.01 14491018 10 15
1900 11180 68.6026 1 538262 601447 1116 363945376 12.00 0.01 0.01 16686815 10 16
1900 11180 77.6432 1 567942 627908 1195 431375023 11.00 0.00 0.01 17033370 10 17
1900 11180 4.44832 1 36974 42591 126 28117625 9.00 0.01 0.01 1369411 10 18
1900 11180 471.945 1 4391594 4961488 7865 1687833673 21.00 0.00 0.01 113670556 10 19
1900 11180 12.3891 1 97865 110028 255 77103691 9.00 0.00 0.01 3025640 10 20
2084 12290 66.2309 1 434922 480257 1021 381816938 12.00 0.01 0.01 13325235 11 1
2084 12290 953.102 1 5532892 5984140 8701 4622288661 26.00 0.01 0.01 159454439 11 2
2084 12290 610.02 1 3533036 3822969 6142 3069860598 22.00 0.01 0.01 107891787 11 3
2084 12290 109.844 1 723662 803571 1534 605564659 14.00 0.01 0.01 22741766 11 4
2084 12290 169.651 1 1064146 1175331 2047 908642871 16.00 0.01 0.01 35582406 11 5
2084 12290 121.852 1 774368 854719 1647 682713120 14.00 0.01 0.01 24982630 11 6
2084 12290 2.45263 1 21063 25412 76 15861059 9.00 0.00 0.01 745405 11 7
2084 12290 443.834 1 2700570 2929390 4648 2312498375 18.00 0.01 0.01 77690999 11 8
2084 12290 39.8299 1 268348 296000 637 238544886 11.00 0.00 0.01 8534361 11 9
2084 12290 9.61154 1 73283 84659 228 60588447 9.00 0.01 0.01 2372320 11 10
2084 12290 950.381 1 5424138 5815927 8446 4966487634 23.00 0.00 0.01 147979067 11 11
2084 12290 86.3589 1 565646 621954 1182 479339297 13.00 0.00 0.01 18254903 11 12
2084 12290 376.334 1 2357010 2566042 4095 1916503463 18.00 0.01 0.01 71310694 11 13
2084 12290 39.199 1 259783 287031 617 231502823 11.00 0.00 0.01 7925107 11 14
2084 12290 899.461 1 5352603 5789992 8269 4465068821 25.00 0.01 0.01 153257597 11 15
2084 12290 38.4871 1 254917 281745 600 228453237 11.00 0.00 0.01 8354761 11 16
2084 12290 8.75467 1 67283 77890 205 53488148 9.00 0.01 0.01 2311186 11 17
2084 12290 41.5877 1 286077 319785 683 249304867 11.00 0.01 0.01 9099736 11 18
2084 12290 9.94849 1 74824 86059 236 63240936 9.00 0.01 0.01 2584656 11 19
2084 12290 504.75 1 2926921 3190558 5118 2459972856 22.00 0.00 0.01 91784535 11 20
2268 13400 15.3217 1 107912 123359 284 93060683 10.00 0.01 0.01 3650286 12 1
2268 13400 974.785 1 5486904 5941667 8611 5002124985 26.00 0.01 0.01 161665645 12 2
2268 13400 5.58915 1 42397 50552 127 35167582 9.00 0.00 0.01 1545628 12 3
2268 13400 793.108 1 4218760 4530557 7482 4101547299 25.00 0.01 0.01 117341230 12 4
2268 13400 262.709 1 1522056 1673859 3002 1421950144 17.00 0.01 0.01 48301510 12 5
2268 13400 649.15 1 3557313 3849513 6142 3488337364 23.00 0.01 0.01 104849405 12 6
2268 13400 88.0186 1 543750 602585 1137 501595164 14.00 0.01 0.01 17632988 12 7
2268 13400 206.196 1 1206182 1318035 2298 1132983912 17.00 0.01 0.01 36761765 12 8
2268 13400 28.2867 1 192660 218540 510 167011394 12.00 0.00 0.01 6724323 12 9
2268 13400 139.982 1 807282 881154 1724 782366993 15.00 0.01 0.01 24947492 12 10
2268 13400 779.94 1 4247871 4613981 7547 4021302885 24.00 0.01 0.01 126447102 12 11
2268 13400 945.788 1 4978890 5386852 8191 4839422063 25.00 0.01 0.01 145066209 12 12
2268 13400 12.5641 1 91160 106204 255 77930337 10.00 0.01 0.02 3212012 12 13
2268 13400 223.828 1 1279070 1406299 2448 1245945496 16.00 0.01 0.01 40697383 12 14
2268 13400 584.96 1 3214810 3467974 5675 3114140693 23.00 0.01 0.01 91289197 12 15
2268 13400 48.9466 1 309863 345402 763 284059107 13.00 0.01 0.01 9917325 12 16
2268 13400 205.369 1 1160361 1260171 2170 1132871701 16.00 0.00 0.01 33647421 12 17
2268 13400 521.456 1 2785153 2993261 4861 2869604633 22.00 0.00 0.01 84772584 12 18
2268 13400 441.797 1 2421776 2601330 4095 2427031659 19.00 0.01 0.01 69515177 12 19
2268 13400 72.147 1 441219 486577 1022 416084241 13.00 0.01 0.01 13691665 12 20
2452 14510 911.494 1 4612491 5008594 8188 4800610744 24.00 0.01 0.01 133505423 13 1
2452 14510 45.0432 1 268363 297576 637 272449948 13.00 0.01 0.02 8425895 13 2
2452 14510 222.41 1 1175941 1278656 2190 1221956212 17.00 0.01 0.02 34827501 13 3
2452 14510 106.032 1 596923 657454 1277 614874525 15.00 0.01 0.02 18207369 13 4
2452 14510 525.081 1 2756221 2999316 4803 2763655871 23.00 0.01 0.01 83010536 13 5
2452 14510 386.674 1 1989482 2177760 3898 2155137305 21.00 0.00 0.01 54870205 13 6
2452 14510 27.7668 1 167155 188585 449 167400893 12.00 0.01 0.01 5495017 13 7
2452 14510 68.8445 1 401472 443665 977 392558902 14.00 0.01 0.01 12467884 13 8
2452 14510 87.2747 1 486300 532472 1023 499311632 14.00 0.01 0.01 14953500 13 9
2452 14510 2440.09 1 11390661 12226232 16383 12752829538 30.00 0.01 0.02 314723945 13 10
2452 14510 300.815 1 1609123 1761390 3070 1655510437 18.00 0.01 0.01 47399514 13 11
2452 14510 2.46263 1 18447 22780 63 15852466 9.00 0.01 0.02 645409 13 12
2452 14510 7.55485 1 52050 61148 158 47290084 10.00 0.01 0.01 1766001 13 13
2452 14510 221.348 1 1196940 1299463 2264 1236653610 17.00 0.01 0.02 35325340 13 14
2452 14510 51.5462 1 311028 347205 764 297237358 13.00 0.01 0.01 10399303 13 15
2452 14510 122.652 1 681064 749930 1479 691676030 16.00 0.01 0.01 21890948 13 16
2452 14510 344.626 1 1787412 1948836 3452 1867697209 21.00 0.01 0.02 53582140 13 17
2452 14510 75.3285 1 425979 470145 1021 433246213 14.00 0.01 0.01 12847147 13 18
2452 14510 998.42 1 4882159 5254443 8190 5158760644 26.00 0.01 0.02 143872409 13 19
2452 14510 417.153 1 2094001 2271763 4092 2177434352 21.00 0.01 0.01 63078260 13 20
2636 15620 150.242 1 812446 895054 1750 839275130 16.00 0.01 0.02 25995850 14 1
2636 15620 616.568 1 3030107 3306972 5298 3318329778 23.00 0.01 0.02 86981845 14 2
2636 15620 690.069 1 3181279 3425499 5629 3597791538 24.00 0.01 0.02 91920176 14 3
2636 15620 1216.63 1 5584888 6026240 8788 6436460574 28.00 0.01 0.02 151931810 14 4
2636 15620 188.734 1 985082 1079737 2046 1047132573 17.00 0.01 0.02 30027958 14 5
2636 15620 166.693 1 868023 967194 1867 954094065 17.00 0.00 0.01 26547747 14 6
2636 15620 33.9078 1 194909 219339 510 202477943 13.00 0.01 0.02 6086635 14 7
2636 15620 956.055 1 4501031 4874692 8136 5035015115 26.00 0.01 0.01 129555936 14 8
2636 15620 73.5528 1 403510 446726 986 428055909 15.00 0.01 0.02 12790889 14 9
2636 15620 119.54 1 644960 705872 1387 674735269 16.00 0.01 0.02 20253091 14 10
2636 15620 185.609 1 970412 1053694 2045 1037461532 17.00 0.01 0.02 29175690 14 11
2636 15620 721.892 1 3415918 3687422 6140 3793894445 26.00 0.01 0.02 95847827 14 12
2636 15620 3.18352 1 22738 28089 81 19888665 9.00 0.01 0.02 837508 14 13
2636 15620 548.459 1 2597919 2812769 4475 2928321714 23.00 0.01 0.02 76308639 14 14
2636 15620 53.1189 1 302295 335772 732 308501702 14.00 0.01 0.01 9518231 14 15
2636 15620 11.7782 1 73602 85509 231 70730179 10.00 0.01 0.02 2583107 14 16
2636 15620 40.1839 1 239479 266884 548 237156583 13.00 0.01 0.02 7262105 14 17
2636 15620 1190.92 1 5436001 5859678 8461 6037986207 29.00 0.01 0.02 160341492 14 18
2636 15620 9.8845 1 64661 74859 195 60507986 10.00 0.01 0.02 2145854 14 19
2636 15620 417.895 1 2044799 2244772 4057 2246086448 22.00 0.01 0.02 57687827 14 20
2820 16730 810.831 1 3625958 3914783 6268 4284877358 27.00 0.01 0.02 101447859 15 1
2820 16730 75.2246 1 399146 441851 967 439553269 14.00 0.01 0.02 12212238 15 2
2820 16730 49.4165 1 268202 298875 637 285602933 14.00 0.01 0.02 8211271 15 3
2820 16730 319.944 1 1556065 1697050 3068 1768479486 21.00 0.01 0.02 44758834 15 4
2820 16730 205.887 1 1104859 1212240 2047 1129925783 20.00 0.01 0.02 33772816 15 5
2820 16730 859.721 1 3720488 4073708 6506 4562887833 24.00 0.01 0.01 105083789 15 6
2820 16730 213.525 1 1076216 1181997 2047 1207468886 20.00 0.01 0.02 31621976 15 7
2820 16730 168.306 1 815186 898270 1755 932652505 17.00 0.01 0.02 24828806 15 8
2820 16730 273.585 1 1285235 1404231 2473 1496230678 21.00 0.01 0.02 40141106 15 9
2820 16730 293.765 1 1469245 1613165 2845 1675289864 21.00 0.01 0.02 41617715 15 10
2820 16730 131.09 1 666924 734642 1436 746400442 16.00 0.01 0.02 20059808 15 11
2820 16730 1043.32 1 4668234 5068961 8189 5413796467 28.00 0.01 0.02 132641550 15 12
2820 16730 1212.67 1 5321302 5799187 8191 6237504847 29.00 0.01 0.02 151056506 15 13
2820 16730 1255.86 1 5578388 6077258 8765 6496812757 29.00 0.01 0.02 153680215 15 14
2820 16730 102.474 1 539039 592721 1117 584048546 16.00 0.01 0.02 16911352 15 15
2820 16730 1300.93 1 5503024 5916692 8666 6785205962 28.00 0.01 0.02 151811375 15 16
2820 16730 247.369 1 1211046 1321990 2300 1347339518 21.00 0.01 0.02 35859490 15 17
2820 16730 3.55646 1 24803 30471 92 22358567 10.00 0.01 0.02 889330 15 18
2820 16730 360.238 1 1637280 1786137 3070 1987520821 21.00 0.01 0.02 48154737 15 19
2820 16730 1571.38 1 6581662 7160325 10566 7975512835 30.00 0.01 0.02 179532147 15 20
3004 17840 222.174 1 1050387 1140837 2047 1214743835 20.00 0.01 0.02 30510551 16 1
3004 17840 1021.59 1 4354885 4721625 7760 5390214479 28.00 0.01 0.02 120263132 16 2
3004 17840 297.127 1 1334254 1452681 2558 1606724886 21.00 0.01 0.02 37958696 16 3
3004 17840 186.038 1 854448 943678 1823 1005612457 20.00 0.01 0.02 26579280 16 4
3004 17840 35.5146 1 189003 214489 509 209951873 13.00 0.01 0.02 5889438 16 5
3004 17840 516.49 1 2351261 2566720 4095 2767031958 24.00 0.01 0.02 67313445 16 6
3004 17840 36.9474 1 198217 222590 510 210607387 13.00 0.01 0.02 6277665 16 7
3004 17840 1.9437 1 13837 17832 61 12390420 10.00 0.01 0.02 488929 16 8
3004 17840 1104.48 1 4663919 5026545 8189 5827149826 28.00 0.01 0.02 128208873 16 9
3004 17840 254.399 1 1196292 1311465 2259 1421721244 21.00 0.01 0.02 32825867 16 10
3004 17840 188.207 1 896759 986594 1946 1053582379 17.00 0.01 0.02 25342620 16 11
3004 17840 11.1163 1 63997 76351 190 66583498 12.00 0.01 0.02 2182653 16 12
3004 17840 1424.98 1 6029348 6499821 9723 7414909692 33.00 0.01 0.02 167982383 16 13
3004 17840 587.694 1 2497169 2709195 4221 3148273014 24.00 0.01 0.02 68823292 16 14
3004 17840 63.4314 1 333043 373914 766 367549737 15.00 0.01 0.02 10240264 16 15
3004 17840 1220.2 1 5148308 5579327 8191 6329903424 29.00 0.01 0.02 141932384 16 16
3004 17840 66.8248 1 321723 356486 766 381795444 14.00 0.01 0.02 9714549 16 17
3004 17840 133.232 1 641013 708687 1372 737090107 16.00 0.01 0.02 19079995 16 18
3004 17840 1305.18 1 5387765 5815094 8371 6757710151 29.00 0.01 0.02 143378711 16 19
3004 17840 482.957 1 1998770 2183418 3929 2438512215 24.00 0.01 0.02 59243896 16 20
3188 18950 231.107 1 1013604 1108776 2046 1261230718 20.00 0.01 0.02 28523562 17 1
3188 18950 123.158 1 566923 627213 1190 688906629 17.00 0.01 0.02 17114337 17 2
3188 18950 556.581 1 2322953 2536918 4095 2899545414 25.00 0.01 0.02 64700750 17 3
3188 18950 1531.09 1 5829791 6295521 9214 7872237136 31.00 0.01 0.02 150331833 17 4
3188 18950 731.764 1 2953642 3203675 5118 3836517706 27.00 0.01 0.02 79697815 17 5
3188 18950 190.008 1 843914 938303 1789 1037958389 20.00 0.01 0.02 24172271 17 6
3188 18950 24.6732 1 126669 146058 344 145464097 13.00 0.01 0.02 4068139 17 7
3188 18950 551.517 1 2337475 2551476 4095 2860225383 25.00 0.01 0.02 64510459 17 8
3188 18950 1806.82 1 6919489 7527620 11260 9370931031 33.00 0.01 0.02 180555243 17 9
3188 18950 376.604 1 1589033 1745961 3069 2096792769 21.00 0.01 0.02 41374648 17 10
3188 18950 1534.91 1 6056952 6610205 9725 8019689494 31.00 0.01 0.02 149862399 17 11
3188 18950 594.754 1 2468094 2679556 4126 3171698757 26.00 0.01 0.02 66222974 17 12
3188 18950 1174 1 4582347 5010726 8188 6263426365 26.00 0.01 0.02 120356175 17 13
3188 18950 37.2463 1 181772 205756 507 216147700 14.00 0.01 0.02 5834431 17 14
3188 18950 90.1893 1 439696 488737 1022 510931402 16.00 0.01 0.02 13193418 17 15
3188 18950 1489.79 1 5900383 6380176 9394 7705536977 35.00 0.01 0.02 155013895 17 16
3188 18950 335.43 1 1415268 1532667 2736 1822501909 23.00 0.01 0.02 39341915 17 17
3188 18950 102.401 1 482393 536629 1023 575520557 16.00 0.01 0.02 14568087 17 18
3188 18950 1889.14 1 7331165 8001602 12121 9751285452 37.00 0.01 0.02 195004865 17 19
3188 18950 79.3129 1 369470 411847 892 441079354 16.00 0.01 0.02 10792574 17 20
3372 20060 187.029 1 790666 874158 1675 1026201137 21.00 0.01 0.02 22005056 18 1
3372 20060 99.8058 1 431251 479806 1021 557038179 16.00 0.01 0.02 12835932 18 2
3372 20060 24.0803 1 115624 133638 314 144540150 13.00 0.01 0.02 3581934 18 3
3372 20060 72.533 1 330313 369693 766 415789112 16.00 0.01 0.02 9996912 18 4
3372 20060 196.998 1 796122 877448 1692 1080438296 20.00 0.01 0.02 21852354 18 5
3372 20060 20.7109 1 100681 115933 255 121935860 13.00 0.01 0.02 3431231 18 6
3372 20060 402.891 1 1580700 1721874 3069 2137698680 24.00 0.01 0.02 43885838 18 7
3372 20060 682.607 1 2657054 2898657 4605 3498875215 27.00 0.01 0.02 73671872 18 8
3372 20060 45.4791 1 200258 225121 510 260243665 14.00 0.01 0.02 6322179 18 9
3372 20060 24.5063 1 123721 141832 331 150019022 14.00 0.01 0.02 4017234 18 10
3372 20060 195.08 1 820143 906658 1779 1070727966 21.00 0.01 0.02 23277515 18 11
3372 20060 46.7909 1 209477 237288 511 267444541 14.00 0.01 0.02 6525763 18 12
3372 20060 1327.09 1 4875161 5282235 8190 6694712439 31.00 0.01 0.02 127142685 18 13
3372 20060 1817.42 1 6793247 7382818 11014 9163018204 34.00 0.01 0.02 177319452 18 14
3372 20060 97.5322 1 431176 480663 1021 527273734 16.00 0.01 0.02 13247781 18 15
3372 20060 225.476 1 868199 960603 1867 1226157785 21.00 0.01 0.02 25617292 18 16
3372 20060 1670.37 1 6176462 6696541 9980 8362191498 37.00 0.01 0.02 162883812 18 17
3372 20060 40.2519 1 186200 212085 509 234412565 15.00 0.01 0.02 5804530 18 18
3372 20060 35.0657 1 161666 183646 443 206293617 14.00 0.01 0.02 5067206 18 19
3372 20060 99.8628 1 414912 458590 1019 531290955 17.00 0.01 0.02 12469066 18 20
3556 21170 833.118 1 2952580 3239479 5118 4256528451 27.00 0.01 0.02 78194419 19 1
3556 21170 1513.27 1 5175280 5571020 8191 7704961316 32.00 0.01 0.02 130639021 19 2
3556 21170 889.346 1 3084069 3348544 5408 4509794686 29.00 0.01 0.02 84010164 19 3
3556 21170 199.159 1 787537 874315 1661 1090321327 21.00 0.01 0.02 22024737 19 4
3556 21170 327.453 1 1169062 1278817 2174 1723988473 23.00 0.01 0.02 32003648 19 5
3556 21170 60.5718 1 252548 281259 589 344077819 16.00 0.01 0.02 7789767 19 6
3556 21170 165.988 1 679948 755515 1473 903257915 20.00 0.01 0.02 18873267 19 7
3556 21170 175.283 1 706406 792040 1533 942695102 20.00 0.01 0.02 21233465 19 8
3556 21170 132.448 1 531518 584962 1086 744943239 19.00 0.01 0.02 15645020 19 9
3556 21170 46.091 1 189655 215648 509 259064002 14.00 0.01 0.02 5626560 19 10
3556 21170 27.4998 1 117669 136277 317 157650868 13.00 0.01 0.02 3675194 19 11
3556 21170 702.922 1 2498541 2699683 4221 3518516442 28.00 0.01 0.02 66402553 19 12
3556 21170 498.042 1 1853502 2033176 3581 2558824443 24.00 0.01 0.02 51765252 19 13
3556 21170 8.67168 1 42785 50973 127 53495371 12.00 0.01 0.02 1372643 19 14
3556 21170 634.871 1 2310879 2526753 4095 3316809419 26.00 0.01 0.02 60372855 19 15
3556 21170 121.814 1 484775 540176 1023 686141036 19.00 0.01 0.02 14185463 19 16
3556 21170 615.658 1 2306138 2571974 4095 3198815682 24.00 0.01 0.02 61189058 19 17
3556 21170 32.893 1 149781 171590 396 193480448 14.00 0.01 0.02 4781299 19 18
3556 21170 160.369 1 639817 708897 1370 866401043 20.00 0.01 0.02 18021397 19 19
3556 21170 396.677 1 1402840 1532602 2685 1971853928 23.00 0.01 0.02 39578027 19 20
3740 22280 179.982 1 663687 732023 1423 968391433 21.00 0.01 0.02 19588392 20 1
3740 22280 311.626 1 1099806 1204093 2047 1680631168 22.00 0.01 0.02 30507639 20 2
3740 22280 354.419 1 1242000 1378077 2352 1819072367 23.00 0.01 0.02 34775273 20 3
3740 22280 1039.67 1 3413150 3707577 6140 5221097505 33.00 0.01 0.02 90964955 20 4
3740 22280 605.143 1 2069985 2249792 4091 3133567694 26.00 0.01 0.02 54192248 20 5
3740 22280 203.071 1 721916 796778 1534 1087564808 21.00 0.01 0.02 20399743 20 6
3740 22280 393.836 1 1448759 1591541 2813 2067385572 23.00 0.01 0.02 37490886 20 7
3740 22280 178.406 1 692175 774532 1524 971667978 21.00 0.01 0.02 19619861 20 8
3740 22280 1648.4 1 5226979 5648672 8191 8204995595 37.00 0.01 0.02 127819476 20 9
3740 22280 3511.65 1 10423224 11255177 16382 16328426069 44.00 0.01 0.02 266302064 20 10
3740 22280 885.834 1 3004967 3261488 5236 4579324779 29.00 0.01 0.02 79409529 20 11
3740 22280 95.5785 1 356667 392767 851 546516173 16.00 0.01 0.02 9961693 20 12
3740 22280 92.6009 1 372611 418323 893 532202576 16.00 0.01 0.02 10376506 20 13
3740 22280 867.671 1 2913298 3175136 5117 4465879665 27.00 0.01 0.02 74744653 20 14
3740 22280 403.876 1 1410644 1556215 2716 2081531723 23.00 0.01 0.02 38711446 20 15
3740 22280 2288.54 1 7228538 7847566 11866 11142465720 41.00 0.01 0.02 184201782 20 16
3740 22280 306.679 1 1128755 1240830 2054 1670513406 22.00 0.01 0.02 29460656 20 17
3740 22280 43.5204 1 179737 206614 503 248504001 15.00 0.01 0.02 5648342 20 18
3740 22280 836.72 1 2776143 3029743 4860 4317094645 27.00 0.01 0.02 71561121 20 19
3740 22280 135.945 1 482934 534650 1023 736385764 20.00 0.01 0.02 14163491 20 20
