WARNING: for repeatability, setting FPU to use double precision
============================[ Problem Statistics ]=============================
|                                                                             |
|  Number of variables:           768                                         |
|  Number of clauses:            9730                                         |
|  Parse time:                   0.01 s                                       |
|  Eliminated clauses:           0.01 Mb                                      |
|  Simplification time:          0.03 s                                       |
|                                                                             |
=============================[ Search Statistics ]==============================
| Conflicts  |          ORIGINAL         |          LEARNT          | Progress |
|            |    Vars  Clauses Literals |    Limit  Clauses Lit/Cl |          |
================================================================================
|        100 |     504     9058    55681 |     3321      100     14 | 13.542 % |
|        250 |     504     9058    55681 |     3653      250     12 | 13.542 % |
|        475 |     504     9058    55681 |     4018      475     13 | 13.542 % |
|        812 |     504     9058    55681 |     4420      812     13 | 13.542 % |
|       1318 |     504     9058    55681 |     4862     1318     14 | 13.542 % |
|       2077 |     504     9058    55681 |     5348     2077     14 | 13.542 % |
|       3216 |     504     9058    55681 |     5883     3216     14 | 13.542 % |
|       4924 |     504     9058    55681 |     6472     4924     14 | 13.542 % |
|       7486 |     504     9058    55681 |     7119     4165     14 | 13.542 % |
|      11330 |     504     9058    55681 |     7831     4365     14 | 13.542 % |
|      17096 |     504     9058    55681 |     8614     6111     14 | 13.542 % |
|      25745 |     504     9058    55681 |     9475     5989     13 | 13.542 % |
|      38719 |     504     9058    55681 |    10423     9322     14 | 13.542 % |
|      58180 |     504     9058    55681 |    11465     7434     14 | 13.542 % |
|      87372 |     504     9058    55681 |    12612     7458     14 | 13.542 % |
|     131161 |     504     9058    55681 |    13873     6401     14 | 13.542 % |
|     196845 |     504     9058    55681 |    15261     8712     15 | 13.542 % |
|     295371 |     504     9058    55681 |    16787    14508     14 | 13.542 % |
|     443160 |     504     9058    55681 |    18465     8866     14 | 13.542 % |
|     664843 |     504     9058    55681 |    20312    15905     14 | 13.542 % |
|     997368 |     504     9058    55681 |    22343    20281     16 | 13.542 % |
|    1496156 |     504     9058    55681 |    24578    11984     14 | 13.542 % |
|    2244338 |     504     9058    55681 |    27036    17046     17 | 13.542 % |
|    3366612 |     504     9058    55681 |    29739    20550     14 | 13.542 % |
|    5050023 |     504     9058    55681 |    32713    29279     17 | 13.542 % |
|    7575139 |     504     9058    55681 |    35984    26132     17 | 13.542 % |
|   11362814 |     504     9058    55681 |    39583    18851     21 | 13.542 % |
===============================================================================
restarts              : 19452
conflicts             : 13055786       (30805 /sec)
decisions             : 16898719       (0.00 % random) (39873 /sec)
propagations          : 331858344      (783024 /sec)
conflict literals     : 225311193      (8.34 % deleted)
Memory used           : 43.00 MB
CPU time              : 423.817 s

SATISFIABLE
