WARNING: for repeatability, setting FPU to use double precision
============================[ Problem Statistics ]=============================
|                                                                             |
|  Number of variables:           688                                         |
|  Number of clauses:            8656                                         |
|  Parse time:                   0.01 s                                       |
|  Eliminated clauses:           0.01 Mb                                      |
|  Simplification time:          0.03 s                                       |
|                                                                             |
=============================[ Search Statistics ]==============================
| Conflicts  |          ORIGINAL         |          LEARNT          | Progress |
|            |    Vars  Clauses Literals |    Limit  Clauses Lit/Cl |          |
================================================================================
|        100 |     448     8048    49480 |     2950      100     11 | 13.954 % |
|        250 |     448     8048    49480 |     3246      250     12 | 13.954 % |
|        475 |     448     8048    49480 |     3570      475     13 | 13.954 % |
|        812 |     448     8048    49480 |     3927      812     13 | 13.954 % |
|       1318 |     448     8048    49480 |     4320     1318     13 | 13.954 % |
|       2077 |     448     8048    49480 |     4752     2077     13 | 13.954 % |
|       3216 |     448     8048    49480 |     5227     3216     14 | 13.954 % |
|       4924 |     448     8048    49480 |     5750     4924     14 | 13.954 % |
|       7486 |     448     8048    49480 |     6325     4528     14 | 13.954 % |
|      11330 |     448     8048    49480 |     6958     5142     14 | 13.954 % |
|      17096 |     448     8048    49480 |     7653     3760     15 | 13.954 % |
|      25745 |     448     8048    49480 |     8419     4576     14 | 13.954 % |
|      38719 |     448     8048    49480 |     9261     4537     15 | 13.954 % |
|      58180 |     448     8048    49480 |    10187     5179     14 | 13.954 % |
|      87372 |     448     8048    49480 |    11206     8492     16 | 13.954 % |
|     131161 |     448     8048    49480 |    12326     6713     14 | 13.954 % |
|     196845 |     448     8048    49480 |    13559     9904     15 | 13.954 % |
|     295371 |     448     8048    49480 |    14915    12296     15 | 13.954 % |
|     443160 |     448     8048    49480 |    16406     8800     14 | 13.954 % |
|     664843 |     448     8048    49480 |    18047    14771     15 | 13.954 % |
|     997368 |     448     8048    49480 |    19852    10012     16 | 13.954 % |
|    1496156 |     448     8048    49480 |    21837    18151     14 | 13.954 % |
|    2244338 |     448     8048    49480 |    24021    18237     18 | 13.954 % |
|    3366612 |     448     8048    49480 |    26423    15520     15 | 13.954 % |
|    5050023 |     448     8048    49480 |    29065    18525     16 | 13.954 % |
|    7575139 |     448     8048    49480 |    31972    20519     16 | 13.954 % |
|   11362814 |     448     8048    49480 |    35169    30047     17 | 13.954 % |
|   17044326 |     448     8048    49480 |    38686    34830     15 | 13.954 % |
|   25566595 |     448     8048    49480 |    42555    36818     16 | 13.954 % |
|   38349998 |     448     8048    49480 |    46810    36534     18 | 13.954 % |
|   57525103 |     448     8048    49480 |    51492    28292     15 | 13.954 % |
===============================================================================
restarts              : 77593
conflicts             : 59785280       (21516 /sec)
decisions             : 73616280       (0.00 % random) (26493 /sec)
propagations          : 1879314599     (676334 /sec)
conflict literals     : 1058771386     (9.49 % deleted)
Memory used           : 81.00 MB
CPU time              : 2778.68 s

SATISFIABLE
