WARNING: for repeatability, setting FPU to use double precision
============================[ Problem Statistics ]=============================
|                                                                             |
|  Number of variables:          2452                                         |
|  Number of clauses:           14510                                         |
|  Parse time:                   0.01 s                                       |
|  Eliminated clauses:           0.02 Mb                                      |
|  Simplification time:          0.02 s                                       |
|                                                                             |
=============================[ Search Statistics ]==============================
| Conflicts  |          ORIGINAL         |          LEARNT          | Progress |
|            |    Vars  Clauses Literals |    Limit  Clauses Lit/Cl |          |
================================================================================
|        100 |    2002    13194    40946 |     4837      100     33 |  3.752 % |
|        250 |    2002    13194    40946 |     5321      250     36 |  3.752 % |
|        475 |    2002    13194    40946 |     5853      475     39 |  3.752 % |
|        812 |    2002    13194    40946 |     6439      812     38 |  3.752 % |
|       1318 |    2002    13194    40946 |     7083     1318     37 |  3.752 % |
|       2077 |    2002    13194    40946 |     7791     2077     36 |  3.752 % |
|       3216 |    2002    13194    40946 |     8570     3216     39 |  3.752 % |
|       4924 |    2002    13194    40946 |     9427     4924     37 |  3.752 % |
|       7486 |    2002    13194    40946 |    10370     7486     37 |  3.752 % |
|      11330 |    2002    13194    40946 |    11407     6026     33 |  3.752 % |
|      17096 |    2002    13194    40946 |    12548     5980     30 |  3.752 % |
|      25745 |    2002    13194    40946 |    13802     8307     31 |  3.752 % |
|      38719 |    2002    13194    40946 |    15183     7274     26 |  3.752 % |
|      58180 |    2002    13194    40946 |    16701    11346     30 |  3.752 % |
|      87372 |    2002    13194    40946 |    18371    15205     28 |  3.752 % |
|     131161 |    2002    13194    40946 |    20208    12555     29 |  3.752 % |
|     196845 |    2002    13194    40946 |    22229    17107     26 |  3.752 % |
|     295371 |    2002    13194    40946 |    24452    14803     25 |  3.752 % |
|     443160 |    2002    13194    40946 |    26897    14744     26 |  3.752 % |
|     664843 |    2002    13194    40946 |    29587    19754     27 |  3.752 % |
|     997368 |    2002    13194    40946 |    32546    24476     24 |  3.752 % |
|    1496156 |    2002    13194    40946 |    35800    29115     26 |  3.752 % |
|    2244338 |    2002    13194    40946 |    39381    24423     26 |  3.752 % |
|    3366612 |    2002    13194    40946 |    43319    22733     22 |  3.752 % |
|    5050023 |    2002    13194    40946 |    47651    37261     23 |  3.752 % |
|    7575139 |    2002    13194    40946 |    52416    16424     24 |  3.752 % |
|   11362814 |    2001    13186    40922 |    57657    34095     20 |  3.793 % |
===============================================================================
restarts              : 16383
conflicts             : 11390661       (4668 /sec)
decisions             : 12226232       (0.00 % random) (5011 /sec)
propagations          : 12752829538    (5226385 /sec)
conflict literals     : 314723945      (69.70 % deleted)
Memory used           : 30.00 MB
CPU time              : 2440.09 s

SATISFIABLE
