WARNING: for repeatability, setting FPU to use double precision
============================[ Problem Statistics ]=============================
|                                                                             |
|  Number of variables:           848                                         |
|  Number of clauses:           10804                                         |
|  Parse time:                   0.01 s                                       |
|  Eliminated clauses:           0.01 Mb                                      |
|  Simplification time:          0.04 s                                       |
|                                                                             |
=============================[ Search Statistics ]==============================
| Conflicts  |          ORIGINAL         |          LEARNT          | Progress |
|            |    Vars  Clauses Literals |    Limit  Clauses Lit/Cl |          |
================================================================================
|        100 |     560    10068    61882 |     3691      100     12 | 13.208 % |
|        250 |     560    10068    61882 |     4060      250     14 | 13.208 % |
|        475 |     560    10068    61882 |     4466      475     14 | 13.208 % |
|        812 |     560    10068    61882 |     4913      812     14 | 13.208 % |
|       1318 |     560    10068    61882 |     5404     1318     14 | 13.208 % |
|       2077 |     560    10068    61882 |     5945     2077     14 | 13.208 % |
|       3216 |     560    10068    61882 |     6539     3216     14 | 13.208 % |
|       4924 |     560    10068    61882 |     7193     4924     14 | 13.208 % |
|       7486 |     560    10068    61882 |     7913     7486     14 | 13.208 % |
|      11330 |     560    10068    61882 |     8704     7292     14 | 13.208 % |
|      17096 |     560    10068    61882 |     9575     8606     14 | 13.208 % |
|      25745 |     560    10068    61882 |    10532     7502     14 | 13.208 % |
|      38719 |     560    10068    61882 |    11585     9749     15 | 13.208 % |
|      58180 |     560    10068    61882 |    12744    11525     14 | 13.208 % |
|      87372 |     560    10068    61882 |    14018     8202     14 | 13.208 % |
|     131161 |     560    10068    61882 |    15420     9278     14 | 13.208 % |
|     196845 |     560    10068    61882 |    16962    12522     16 | 13.208 % |
|     295371 |     560    10068    61882 |    18659    16640     14 | 13.208 % |
|     443160 |     560    10068    61882 |    20524    13746     15 | 13.208 % |
|     664843 |     560    10068    61882 |    22577    17897     15 | 13.208 % |
|     997368 |     560    10068    61882 |    24835    19638     17 | 13.208 % |
|    1496156 |     560    10068    61882 |    27318    17372     15 | 13.208 % |
|    2244338 |     560    10068    61882 |    30050    23632     17 | 13.208 % |
|    3366612 |     560    10068    61882 |    33055    28880     15 | 13.208 % |
|    5050023 |     560    10068    61882 |    36361    23977     20 | 13.208 % |
|    7575139 |     560    10068    61882 |    39997    34556     16 | 13.208 % |
|   11362814 |     560    10068    61882 |    43997    31938     15 | 13.208 % |
|   17044326 |     560    10068    61882 |    48396    28489     16 | 13.208 % |
|   25566595 |     560    10068    61882 |    53236    28367     16 | 13.208 % |
|   38349998 |     560    10068    61882 |    58560    37849     16 | 13.208 % |
===============================================================================
restarts              : 53881
conflicts             : 38803440       (22311 /sec)
decisions             : 49121460       (0.00 % random) (28244 /sec)
propagations          : 1177898970     (677268 /sec)
conflict literals     : 690357651      (8.53 % deleted)
Memory used           : 79.00 MB
CPU time              : 1739.19 s

SATISFIABLE
