WARNING: for repeatability, setting FPU to use double precision
============================[ Problem Statistics ]=============================
|                                                                             |
|  Number of variables:          1088                                         |
|  Number of clauses:           14026                                         |
|  Parse time:                   0.01 s                                       |
|  Eliminated clauses:           0.01 Mb                                      |
|  Simplification time:          0.05 s                                       |
|                                                                             |
=============================[ Search Statistics ]==============================
| Conflicts  |          ORIGINAL         |          LEARNT          | Progress |
|            |    Vars  Clauses Literals |    Limit  Clauses Lit/Cl |          |
================================================================================
|        100 |     728    13098    80485 |     4802      100     15 | 12.500 % |
|        250 |     728    13098    80485 |     5282      250     14 | 12.500 % |
|        475 |     728    13098    80485 |     5811      475     15 | 12.500 % |
|        812 |     728    13098    80485 |     6392      812     15 | 12.500 % |
|       1318 |     728    13098    80485 |     7031     1318     15 | 12.500 % |
|       2077 |     728    13098    80485 |     7734     2077     14 | 12.500 % |
|       3216 |     728    13098    80485 |     8508     3216     14 | 12.500 % |
|       4924 |     728    13098    80485 |     9358     4924     14 | 12.500 % |
|       7486 |     728    13098    80485 |    10294     7486     15 | 12.500 % |
|      11330 |     728    13098    80485 |    11324     6086     14 | 12.500 % |
|      17096 |     728    13098    80485 |    12456     6076     14 | 12.500 % |
|      25745 |     728    13098    80485 |    13702     8411     14 | 12.500 % |
|      38719 |     728    13098    80485 |    15072     7416     15 | 12.500 % |
|      58180 |     728    13098    80485 |    16579    11603     14 | 12.500 % |
|      87372 |     728    13098    80485 |    18237    15559     15 | 12.500 % |
|     131161 |     728    13098    80485 |    20061    13118     14 | 12.500 % |
|     196845 |     728    13098    80485 |    22067    17760     15 | 12.500 % |
|     295371 |     728    13098    80485 |    24274    15293     14 | 12.500 % |
|     443160 |     728    13098    80485 |    26702    16107     15 | 12.500 % |
|     664843 |     728    13098    80485 |    29372    20338     15 | 12.500 % |
|     997368 |     728    13098    80485 |    32309    14767     15 | 12.500 % |
|    1496156 |     728    13098    80485 |    35540    28484     15 | 12.500 % |
|    2244338 |     728    13098    80485 |    39094    19351     15 | 12.500 % |
|    3366612 |     728    13098    80485 |    43003    39100     15 | 12.500 % |
|    5050023 |     728    13098    80485 |    47304    16006     15 | 12.500 % |
|    7575139 |     728    13098    80485 |    52034    39636     21 | 12.500 % |
|   11362814 |     728    13098    80485 |    57238    19732     15 | 12.500 % |
|   17044326 |     728    13098    80485 |    62962    43288     17 | 12.500 % |
|   25566595 |     728    13098    80485 |    69258    19567     14 | 12.500 % |
|   38349998 |     728    13098    80485 |    76184    39559     17 | 12.500 % |
|   57525103 |     728    13098    80485 |    83802    72679     19 | 12.500 % |
===============================================================================
restarts              : 102650
conflicts             : 79612699       (18218 /sec)
decisions             : 101802833      (0.00 % random) (23296 /sec)
propagations          : 2577133680     (589738 /sec)
conflict literals     : 1447924584     (8.80 % deleted)
Memory used           : 147.00 MB
CPU time              : 4369.96 s

SATISFIABLE
