WARNING: for repeatability, setting FPU to use double precision
============================[ Problem Statistics ]=============================
|                                                                             |
|  Number of variables:           928                                         |
|  Number of clauses:           11878                                         |
|  Parse time:                   0.01 s                                       |
|  Eliminated clauses:           0.01 Mb                                      |
|  Simplification time:          0.04 s                                       |
|                                                                             |
=============================[ Search Statistics ]==============================
| Conflicts  |          ORIGINAL         |          LEARNT          | Progress |
|            |    Vars  Clauses Literals |    Limit  Clauses Lit/Cl |          |
================================================================================
|        100 |     616    11078    68083 |     4061      100     13 | 12.931 % |
|        250 |     616    11078    68083 |     4468      250     13 | 12.931 % |
|        475 |     616    11078    68083 |     4914      475     14 | 12.931 % |
|        812 |     616    11078    68083 |     5406      812     14 | 12.931 % |
|       1318 |     616    11078    68083 |     5947     1318     14 | 12.931 % |
|       2077 |     616    11078    68083 |     6541     2077     14 | 12.931 % |
|       3216 |     616    11078    68083 |     7195     3216     14 | 12.931 % |
|       4924 |     616    11078    68083 |     7915     4924     14 | 12.931 % |
|       7486 |     616    11078    68083 |     8707     7486     14 | 12.931 % |
|      11330 |     616    11078    68083 |     9577     6836     14 | 12.931 % |
|      17096 |     616    11078    68083 |    10535     7664     14 | 12.931 % |
|      25745 |     616    11078    68083 |    11589     5545     14 | 12.931 % |
|      38719 |     616    11078    68083 |    12748     6666     14 | 12.931 % |
|      58180 |     616    11078    68083 |    14022     6738     14 | 12.931 % |
|      87372 |     616    11078    68083 |    15425     7414     14 | 12.931 % |
|     131161 |     616    11078    68083 |    16967    12204     14 | 12.931 % |
|     196845 |     616    11078    68083 |    18664     8892     14 | 12.931 % |
|     295371 |     616    11078    68083 |    20530    12739     14 | 12.931 % |
|     443160 |     616    11078    68083 |    22584    15241     14 | 12.931 % |
|     664843 |     616    11078    68083 |    24842    19958     15 | 12.931 % |
|     997368 |     616    11078    68083 |    27326    13805     15 | 12.931 % |
|    1496156 |     616    11078    68083 |    30059    23879     14 | 12.931 % |
|    2244338 |     616    11078    68083 |    33065    15821     15 | 12.931 % |
|    3366612 |     616    11078    68083 |    36371    29110     15 | 12.931 % |
|    5050023 |     616    11078    68083 |    40008    24349     16 | 12.931 % |
|    7575139 |     616    11078    68083 |    44009    19045     18 | 12.931 % |
|   11362814 |     616    11078    68083 |    48410    29882     17 | 12.931 % |
|   17044326 |     616    11078    68083 |    53251    26782     19 | 12.931 % |
|   25566595 |     616    11078    68083 |    58577    45208     15 | 12.931 % |
|   38349998 |     616    11078    68083 |    64434    50361     19 | 12.931 % |
===============================================================================
restarts              : 55993
conflicts             : 39961281       (22056 /sec)
decisions             : 51275872       (0.00 % random) (28301 /sec)
propagations          : 1194455405     (659254 /sec)
conflict literals     : 716216870      (8.40 % deleted)
Memory used           : 83.00 MB
CPU time              : 1811.83 s

SATISFIABLE
