WARNING: for repeatability, setting FPU to use double precision
============================[ Problem Statistics ]=============================
|                                                                             |
|  Number of variables:          1088                                         |
|  Number of clauses:           14026                                         |
|  Parse time:                   0.01 s                                       |
|  Eliminated clauses:           0.01 Mb                                      |
|  Simplification time:          0.05 s                                       |
|                                                                             |
=============================[ Search Statistics ]==============================
| Conflicts  |          ORIGINAL         |          LEARNT          | Progress |
|            |    Vars  Clauses Literals |    Limit  Clauses Lit/Cl |          |
================================================================================
|        100 |     728    13098    80485 |     4802      100     11 | 12.500 % |
|        250 |     728    13098    80485 |     5282      250     12 | 12.500 % |
|        475 |     728    13098    80485 |     5811      475     13 | 12.500 % |
|        812 |     728    13098    80485 |     6392      812     13 | 12.500 % |
|       1318 |     728    13098    80485 |     7031     1318     14 | 12.500 % |
|       2077 |     728    13098    80485 |     7734     2077     14 | 12.500 % |
|       3216 |     728    13098    80485 |     8508     3216     15 | 12.500 % |
|       4924 |     728    13098    80485 |     9358     4924     14 | 12.500 % |
|       7486 |     728    13098    80485 |    10294     7486     15 | 12.500 % |
|      11330 |     728    13098    80485 |    11324     6003     15 | 12.500 % |
|      17096 |     728    13098    80485 |    12456     5988     14 | 12.500 % |
|      25745 |     728    13098    80485 |    13702     8316     14 | 12.500 % |
|      38719 |     728    13098    80485 |    15072     7414     14 | 12.500 % |
|      58180 |     728    13098    80485 |    16579    11598     15 | 12.500 % |
|      87372 |     728    13098    80485 |    18237    15618     15 | 12.500 % |
|     131161 |     728    13098    80485 |    20061    13092     14 | 12.500 % |
|     196845 |     728    13098    80485 |    22067    17814     15 | 12.500 % |
|     295371 |     728    13098    80485 |    24274    15750     15 | 12.500 % |
|     443160 |     728    13098    80485 |    26702    16060     15 | 12.500 % |
|     664843 |     728    13098    80485 |    29372    20501     14 | 12.500 % |
|     997368 |     728    13098    80485 |    32309    19115     17 | 12.500 % |
|    1496156 |     728    13098    80485 |    35540    22907     14 | 12.500 % |
|    2244338 |     728    13098    80485 |    39094    29548     17 | 12.500 % |
|    3366612 |     728    13098    80485 |    43003    38270     15 | 12.500 % |
|    5050023 |     728    13098    80485 |    47304    26960     17 | 12.500 % |
|    7575139 |     728    13098    80485 |    52034    40455     17 | 12.500 % |
|   11362814 |     728    13098    80485 |    57238    45559     22 | 12.500 % |
|   17044326 |     728    13098    80485 |    62962    39341     17 | 12.500 % |
===============================================================================
restarts              : 34213
conflicts             : 25268277       (24860 /sec)
decisions             : 33219981       (0.00 % random) (32683 /sec)
propagations          : 707209965      (695771 /sec)
conflict literals     : 446789919      (7.95 % deleted)
Memory used           : 86.00 MB
CPU time              : 1016.44 s

SATISFIABLE
