WARNING: for repeatability, setting FPU to use double precision
============================[ Problem Statistics ]=============================
|                                                                             |
|  Number of variables:           608                                         |
|  Number of clauses:            7582                                         |
|  Parse time:                   0.01 s                                       |
|  Eliminated clauses:           0.01 Mb                                      |
|  Simplification time:          0.03 s                                       |
|                                                                             |
=============================[ Search Statistics ]==============================
| Conflicts  |          ORIGINAL         |          LEARNT          | Progress |
|            |    Vars  Clauses Literals |    Limit  Clauses Lit/Cl |          |
================================================================================
|        100 |     392     7038    43279 |     2580      100     16 | 14.474 % |
|        250 |     392     7038    43279 |     2838      250     14 | 14.474 % |
|        475 |     392     7038    43279 |     3122      475     14 | 14.474 % |
|        812 |     392     7038    43279 |     3434      812     14 | 14.474 % |
|       1318 |     392     7038    43279 |     3778     1318     14 | 14.474 % |
|       2077 |     392     7038    43279 |     4156     2077     14 | 14.474 % |
|       3216 |     392     7038    43279 |     4571     3216     15 | 14.474 % |
|       4924 |     392     7038    43279 |     5028     2568     14 | 14.474 % |
|       7486 |     392     7038    43279 |     5531     5130     15 | 14.474 % |
|      11330 |     392     7038    43279 |     6084     3299     14 | 14.474 % |
|      17096 |     392     7038    43279 |     6693     5918     15 | 14.474 % |
|      25745 |     392     7038    43279 |     7362     4295     14 | 14.474 % |
|      38719 |     392     7038    43279 |     8099     6006     15 | 14.474 % |
|      58180 |     392     7038    43279 |     8908     4778     14 | 14.474 % |
|      87372 |     392     7038    43279 |     9799     6759     15 | 14.474 % |
|     131161 |     392     7038    43279 |    10779     5605     14 | 14.474 % |
|     196845 |     392     7038    43279 |    11857     5674     15 | 14.474 % |
|     295371 |     392     7038    43279 |    13043     8104     15 | 14.474 % |
|     443160 |     392     7038    43279 |    14347    10654     16 | 14.474 % |
|     664843 |     392     7038    43279 |    15782     7518     14 | 14.474 % |
|     997368 |     392     7038    43279 |    17360    13351     21 | 14.474 % |
|    1496156 |     392     7038    43279 |    19097    13098     14 | 14.474 % |
|    2244338 |     392     7038    43279 |    21006    10752     16 | 14.474 % |
|    3366612 |     392     7038    43279 |    23107    11641     14 | 14.474 % |
|    5050023 |     392     7038    43279 |    25418    20581     17 | 14.474 % |
|    7575139 |     392     7038    43279 |    27960    24549     17 | 14.474 % |
|   11362814 |     392     7038    43279 |    30756    24255     16 | 14.474 % |
|   17044326 |     392     7038    43279 |    33831    20753     16 | 14.474 % |
===============================================================================
restarts              : 32726
conflicts             : 21315828       (29572 /sec)
decisions             : 27030630       (0.00 % random) (37500 /sec)
propagations          : 571968861      (793498 /sec)
conflict literals     : 363482467      (8.43 % deleted)
Memory used           : 43.00 MB
CPU time              : 720.819 s

SATISFIABLE
