WARNING: for repeatability, setting FPU to use double precision
============================[ Problem Statistics ]=============================
|                                                                             |
|  Number of variables:          1168                                         |
|  Number of clauses:           15100                                         |
|  Parse time:                   0.01 s                                       |
|  Eliminated clauses:           0.01 Mb                                      |
|  Simplification time:          0.05 s                                       |
|                                                                             |
=============================[ Search Statistics ]==============================
| Conflicts  |          ORIGINAL         |          LEARNT          | Progress |
|            |    Vars  Clauses Literals |    Limit  Clauses Lit/Cl |          |
================================================================================
|        100 |     784    14108    86686 |     5172      100     14 | 12.329 % |
|        250 |     784    14108    86686 |     5690      250     14 | 12.329 % |
|        475 |     784    14108    86686 |     6259      475     13 | 12.329 % |
|        812 |     784    14108    86686 |     6885      812     14 | 12.329 % |
|       1318 |     784    14108    86686 |     7573     1318     14 | 12.329 % |
|       2077 |     784    14108    86686 |     8331     2077     14 | 12.329 % |
|       3216 |     784    14108    86686 |     9164     3216     14 | 12.329 % |
|       4924 |     784    14108    86686 |    10080     4924     14 | 12.329 % |
|       7486 |     784    14108    86686 |    11088     7486     15 | 12.329 % |
|      11330 |     784    14108    86686 |    12197     5714     14 | 12.329 % |
|      17096 |     784    14108    86686 |    13417    11480     14 | 12.329 % |
|      25745 |     784    14108    86686 |    14758    13317     15 | 12.329 % |
|      38719 |     784    14108    86686 |    16234    11346     15 | 12.329 % |
|      58180 |     784    14108    86686 |    17858    14279     14 | 12.329 % |
|      87372 |     784    14108    86686 |    19644    16210     15 | 12.329 % |
|     131161 |     784    14108    86686 |    21608    10056     14 | 12.329 % |
|     196845 |     784    14108    86686 |    23769    20953     15 | 12.329 % |
|     295371 |     784    14108    86686 |    26146    22781     15 | 12.329 % |
|     443160 |     784    14108    86686 |    28761    24838     15 | 12.329 % |
|     664843 |     784    14108    86686 |    31637    20891     15 | 12.329 % |
|     997368 |     784    14108    86686 |    34800    27901     18 | 12.329 % |
|    1496156 |     784    14108    86686 |    38280    31824     15 | 12.329 % |
|    2244338 |     784    14108    86686 |    42109    23880     16 | 12.329 % |
|    3366612 |     784    14108    86686 |    46320    32541     15 | 12.329 % |
|    5050023 |     784    14108    86686 |    50952    29997     17 | 12.329 % |
|    7575139 |     784    14108    86686 |    56047    41176     16 | 12.329 % |
|   11362814 |     784    14108    86686 |    61651    23657     18 | 12.329 % |
|   17044326 |     784    14108    86686 |    67817    33299     17 | 12.329 % |
|   25566595 |     784    14108    86686 |    74598    39324     16 | 12.329 % |
===============================================================================
restarts              : 50170
conflicts             : 36496151       (21512 /sec)
decisions             : 48107036       (0.00 % random) (28356 /sec)
propagations          : 1087165361     (640825 /sec)
conflict literals     : 654204026      (8.33 % deleted)
Memory used           : 108.00 MB
CPU time              : 1696.51 s

SATISFIABLE
