WARNING: for repeatability, setting FPU to use double precision
============================[ Problem Statistics ]=============================
|                                                                             |
|  Number of variables:          1088                                         |
|  Number of clauses:           14026                                         |
|  Parse time:                   0.01 s                                       |
|  Eliminated clauses:           0.01 Mb                                      |
|  Simplification time:          0.05 s                                       |
|                                                                             |
=============================[ Search Statistics ]==============================
| Conflicts  |          ORIGINAL         |          LEARNT          | Progress |
|            |    Vars  Clauses Literals |    Limit  Clauses Lit/Cl |          |
================================================================================
|        100 |     728    13098    80485 |     4802      100     12 | 12.500 % |
|        250 |     728    13098    80485 |     5282      250     14 | 12.500 % |
|        475 |     728    13098    80485 |     5811      475     14 | 12.500 % |
|        812 |     728    13098    80485 |     6392      812     14 | 12.500 % |
|       1318 |     728    13098    80485 |     7031     1318     14 | 12.500 % |
|       2077 |     728    13098    80485 |     7734     2077     14 | 12.500 % |
|       3216 |     728    13098    80485 |     8508     3216     15 | 12.500 % |
|       4924 |     728    13098    80485 |     9358     4924     15 | 12.500 % |
|       7486 |     728    13098    80485 |    10294     7486     15 | 12.500 % |
|      11330 |     728    13098    80485 |    11324     5954     14 | 12.500 % |
|      17096 |     728    13098    80485 |    12456     5952     15 | 12.500 % |
|      25745 |     728    13098    80485 |    13702     8290     14 | 12.500 % |
|      38719 |     728    13098    80485 |    15072     7365     14 | 12.500 % |
|      58180 |     728    13098    80485 |    16579    11580     14 | 12.500 % |
|      87372 |     728    13098    80485 |    18237    15559     15 | 12.500 % |
|     131161 |     728    13098    80485 |    20061    13098     14 | 12.500 % |
|     196845 |     728    13098    80485 |    22067    17833     16 | 12.500 % |
|     295371 |     728    13098    80485 |    24274    16001     15 | 12.500 % |
|     443160 |     728    13098    80485 |    26702    16295     14 | 12.500 % |
|     664843 |     728    13098    80485 |    29372    17454     15 | 12.500 % |
|     997368 |     728    13098    80485 |    32309    24755     17 | 12.500 % |
|    1496156 |     728    13098    80485 |    35540    24829     14 | 12.500 % |
|    2244338 |     728    13098    80485 |    39094    32808     17 | 12.500 % |
|    3366612 |     728    13098    80485 |    43003    34642     15 | 12.500 % |
|    5050023 |     728    13098    80485 |    47304    43116     17 | 12.500 % |
|    7575139 |     728    13098    80485 |    52034    18957     15 | 12.500 % |
|   11362814 |     728    13098    80485 |    57238    25628     16 | 12.500 % |
|   17044326 |     728    13098    80485 |    62962    48096     16 | 12.500 % |
|   25566595 |     728    13098    80485 |    69258    28695     16 | 12.500 % |
|   38349998 |     728    13098    80485 |    76184    50655     17 | 12.500 % |
===============================================================================
restarts              : 57989
conflicts             : 41686545       (22161 /sec)
decisions             : 54301959       (0.00 % random) (28868 /sec)
propagations          : 1207212272     (641770 /sec)
conflict literals     : 748144124      (8.09 % deleted)
Memory used           : 102.00 MB
CPU time              : 1881.07 s

SATISFIABLE
