WARNING: for repeatability, setting FPU to use double precision
============================[ Problem Statistics ]=============================
|                                                                             |
|  Number of variables:           848                                         |
|  Number of clauses:           10804                                         |
|  Parse time:                   0.01 s                                       |
|  Eliminated clauses:           0.01 Mb                                      |
|  Simplification time:          0.03 s                                       |
|                                                                             |
=============================[ Search Statistics ]==============================
| Conflicts  |          ORIGINAL         |          LEARNT          | Progress |
|            |    Vars  Clauses Literals |    Limit  Clauses Lit/Cl |          |
================================================================================
|        100 |     560    10068    61882 |     3691      100     15 | 13.208 % |
|        250 |     560    10068    61882 |     4060      250     15 | 13.208 % |
|        475 |     560    10068    61882 |     4466      475     15 | 13.208 % |
|        812 |     560    10068    61882 |     4913      812     15 | 13.208 % |
|       1318 |     560    10068    61882 |     5404     1318     15 | 13.208 % |
|       2077 |     560    10068    61882 |     5945     2077     14 | 13.208 % |
|       3216 |     560    10068    61882 |     6539     3216     15 | 13.208 % |
|       4924 |     560    10068    61882 |     7193     4924     15 | 13.208 % |
|       7486 |     560    10068    61882 |     7913     3798     15 | 13.208 % |
|      11330 |     560    10068    61882 |     8704     7642     15 | 13.208 % |
|      17096 |     560    10068    61882 |     9575     4526     14 | 13.208 % |
|      25745 |     560    10068    61882 |    10532     8299     14 | 13.208 % |
|      38719 |     560    10068    61882 |    11585    10564     15 | 13.208 % |
|      58180 |     560    10068    61882 |    12744     6351     14 | 13.208 % |
|      87372 |     560    10068    61882 |    14018     9566     16 | 13.208 % |
|     131161 |     560    10068    61882 |    15420    10740     14 | 13.208 % |
|     196845 |     560    10068    61882 |    16962    13937     16 | 13.208 % |
|     295371 |     560    10068    61882 |    18659     9649     14 | 13.208 % |
|     443160 |     560    10068    61882 |    20524    15774     15 | 13.208 % |
|     664843 |     560    10068    61882 |    22577    19920     14 | 13.208 % |
|     997368 |     560    10068    61882 |    24835    21956     16 | 13.208 % |
|    1496156 |     560    10068    61882 |    27318    17915     14 | 13.208 % |
|    2244338 |     560    10068    61882 |    30050    18344     17 | 13.208 % |
|    3366612 |     560    10068    61882 |    33055    25592     15 | 13.208 % |
|    5050023 |     560    10068    61882 |    36361    20488     17 | 13.208 % |
|    7575139 |     560    10068    61882 |    39997    23371     16 | 13.208 % |
|   11362814 |     560    10068    61882 |    43997    31344     15 | 13.208 % |
|   17044326 |     560    10068    61882 |    48396    27126     15 | 13.208 % |
|   25566595 |     560    10068    61882 |    53236    36237     16 | 13.208 % |
|   38349998 |     560    10068    61882 |    58560    34437     16 | 13.208 % |
|   57525103 |     560    10068    61882 |    64416    26871     17 | 13.208 % |
===============================================================================
restarts              : 107735
conflicts             : 82985396       (18693 /sec)
decisions             : 102951588      (0.00 % random) (23191 /sec)
propagations          : 2755068737     (620606 /sec)
conflict literals     : 1502214093     (9.10 % deleted)
Memory used           : 113.00 MB
CPU time              : 4439.32 s

SATISFIABLE
