WARNING: for repeatability, setting FPU to use double precision
============================[ Problem Statistics ]=============================
|                                                                             |
|  Number of variables:          1088                                         |
|  Number of clauses:           14026                                         |
|  Parse time:                   0.01 s                                       |
|  Eliminated clauses:           0.01 Mb                                      |
|  Simplification time:          0.05 s                                       |
|                                                                             |
=============================[ Search Statistics ]==============================
| Conflicts  |          ORIGINAL         |          LEARNT          | Progress |
|            |    Vars  Clauses Literals |    Limit  Clauses Lit/Cl |          |
================================================================================
|        100 |     728    13098    80485 |     4802      100     13 | 12.500 % |
|        250 |     728    13098    80485 |     5282      250     13 | 12.500 % |
|        475 |     728    13098    80485 |     5811      475     14 | 12.500 % |
|        812 |     728    13098    80485 |     6392      812     13 | 12.500 % |
|       1318 |     728    13098    80485 |     7031     1318     14 | 12.500 % |
|       2077 |     728    13098    80485 |     7734     2077     14 | 12.500 % |
|       3216 |     728    13098    80485 |     8508     3216     14 | 12.500 % |
|       4924 |     728    13098    80485 |     9358     4924     15 | 12.500 % |
|       7486 |     728    13098    80485 |    10294     7486     15 | 12.500 % |
|      11330 |     728    13098    80485 |    11324     6114     15 | 12.500 % |
|      17096 |     728    13098    80485 |    12456     6110     15 | 12.500 % |
|      25745 |     728    13098    80485 |    13702     8425     14 | 12.500 % |
|      38719 |     728    13098    80485 |    15072     7470     16 | 12.500 % |
|      58180 |     728    13098    80485 |    16579    11692     14 | 12.500 % |
|      87372 |     728    13098    80485 |    18237    15580     15 | 12.500 % |
|     131161 |     728    13098    80485 |    20061    12996     14 | 12.500 % |
|     196845 |     728    13098    80485 |    22067    17705     14 | 12.500 % |
|     295371 |     728    13098    80485 |    24274    15740     14 | 12.500 % |
|     443160 |     728    13098    80485 |    26702    16414     14 | 12.500 % |
|     664843 |     728    13098    80485 |    29372    18830     14 | 12.500 % |
|     997368 |     728    13098    80485 |    32309    14572     17 | 12.500 % |
|    1496156 |     728    13098    80485 |    35540    27880     15 | 12.500 % |
|    2244338 |     728    13098    80485 |    39094    30588     16 | 12.500 % |
|    3366612 |     728    13098    80485 |    43003    25292     14 | 12.500 % |
|    5050023 |     728    13098    80485 |    47304    31903     20 | 12.500 % |
|    7575139 |     728    13098    80485 |    52034    39142     25 | 12.500 % |
|   11362814 |     728    13098    80485 |    57238    23171     16 | 12.500 % |
|   17044326 |     728    13098    80485 |    62962    47980     17 | 12.500 % |
|   25566595 |     728    13098    80485 |    69258    47648     17 | 12.500 % |
===============================================================================
restarts              : 46520
conflicts             : 33064769       (22734 /sec)
decisions             : 43370040       (0.00 % random) (29819 /sec)
propagations          : 960282324      (660248 /sec)
conflict literals     : 590228226      (8.18 % deleted)
Memory used           : 91.00 MB
CPU time              : 1454.43 s

SATISFIABLE
