WARNING: for repeatability, setting FPU to use double precision
============================[ Problem Statistics ]=============================
|                                                                             |
|  Number of variables:           848                                         |
|  Number of clauses:           10804                                         |
|  Parse time:                   0.00 s                                       |
|  Eliminated clauses:           0.01 Mb                                      |
|  Simplification time:          0.04 s                                       |
|                                                                             |
=============================[ Search Statistics ]==============================
| Conflicts  |          ORIGINAL         |          LEARNT          | Progress |
|            |    Vars  Clauses Literals |    Limit  Clauses Lit/Cl |          |
================================================================================
|        100 |     560    10068    61882 |     3691      100     16 | 13.208 % |
|        250 |     560    10068    61882 |     4060      250     14 | 13.208 % |
|        475 |     560    10068    61882 |     4466      475     15 | 13.208 % |
|        812 |     560    10068    61882 |     4913      812     15 | 13.208 % |
|       1318 |     560    10068    61882 |     5404     1318     14 | 13.208 % |
|       2077 |     560    10068    61882 |     5945     2077     14 | 13.208 % |
|       3216 |     560    10068    61882 |     6539     3216     15 | 13.208 % |
|       4924 |     560    10068    61882 |     7193     4924     15 | 13.208 % |
|       7486 |     560    10068    61882 |     7913     3772     14 | 13.208 % |
|      11330 |     560    10068    61882 |     8704     7616     14 | 13.208 % |
|      17096 |     560    10068    61882 |     9575     8937     15 | 13.208 % |
|      25745 |     560    10068    61882 |    10532     7808     14 | 13.208 % |
|      38719 |     560    10068    61882 |    11585    10098     15 | 13.208 % |
|      58180 |     560    10068    61882 |    12744     5975     14 | 13.208 % |
|      87372 |     560    10068    61882 |    14018     9304     15 | 13.208 % |
|     131161 |     560    10068    61882 |    15420    10376     14 | 13.208 % |
|     196845 |     560    10068    61882 |    16962    13446     16 | 13.208 % |
|     295371 |     560    10068    61882 |    18659     9064     14 | 13.208 % |
|     443160 |     560    10068    61882 |    20524    15337     16 | 13.208 % |
|     664843 |     560    10068    61882 |    22577    19423     15 | 13.208 % |
|     997368 |     560    10068    61882 |    24835    21019     18 | 13.208 % |
|    1496156 |     560    10068    61882 |    27318    18406     14 | 13.208 % |
|    2244338 |     560    10068    61882 |    30050    26077     16 | 13.208 % |
|    3366612 |     560    10068    61882 |    33055    26438     14 | 13.208 % |
|    5050023 |     560    10068    61882 |    36361    21544     19 | 13.208 % |
|    7575139 |     560    10068    61882 |    39997    33297     17 | 13.208 % |
|   11362814 |     560    10068    61882 |    43997    26478     18 | 13.208 % |
|   17044326 |     560    10068    61882 |    48396    19010     16 | 13.208 % |
|   25566595 |     560    10068    61882 |    53236    21981     15 | 13.208 % |
|   38349998 |     560    10068    61882 |    58560    41368     16 | 13.208 % |
|   57525103 |     560    10068    61882 |    64416    36623     17 | 13.208 % |
===============================================================================
restarts              : 77027
conflicts             : 59518861       (21347 /sec)
decisions             : 74435290       (0.00 % random) (26697 /sec)
propagations          : 1830642033     (656590 /sec)
conflict literals     : 1066192761     (9.07 % deleted)
Memory used           : 95.00 MB
CPU time              : 2788.1 s

SATISFIABLE
