WARNING: for repeatability, setting FPU to use double precision
============================[ Problem Statistics ]=============================
|                                                                             |
|  Number of variables:          1328                                         |
|  Number of clauses:           17248                                         |
|  Parse time:                   0.01 s                                       |
|  Eliminated clauses:           0.01 Mb                                      |
|  Simplification time:          0.06 s                                       |
|                                                                             |
=============================[ Search Statistics ]==============================
| Conflicts  |          ORIGINAL         |          LEARNT          | Progress |
|            |    Vars  Clauses Literals |    Limit  Clauses Lit/Cl |          |
================================================================================
|        100 |     896    16128    99088 |     5913      100     13 | 12.048 % |
|        250 |     896    16128    99088 |     6504      250     13 | 12.048 % |
|        475 |     896    16128    99088 |     7155      475     15 | 12.048 % |
|        812 |     896    16128    99088 |     7871      812     15 | 12.048 % |
|       1318 |     896    16128    99088 |     8658     1318     15 | 12.048 % |
|       2077 |     896    16128    99088 |     9523     2077     14 | 12.048 % |
|       3216 |     896    16128    99088 |    10476     3216     14 | 12.048 % |
|       4924 |     896    16128    99088 |    11523     4924     14 | 12.048 % |
|       7486 |     896    16128    99088 |    12676     7486     15 | 12.048 % |
|      11330 |     896    16128    99088 |    13943    11330     15 | 12.048 % |
|      17096 |     896    16128    99088 |    15338     9875     14 | 12.048 % |
|      25745 |     896    16128    99088 |    16872    10746     14 | 12.048 % |
|      38719 |     896    16128    99088 |    18559    15179     15 | 12.048 % |
|      58180 |     896    16128    99088 |    20415    15633     14 | 12.048 % |
|      87372 |     896    16128    99088 |    22456    13785     15 | 12.048 % |
|     131161 |     896    16128    99088 |    24702    12040     14 | 12.048 % |
|     196845 |     896    16128    99088 |    27172    15045     14 | 12.048 % |
|     295371 |     896    16128    99088 |    29890    14124     14 | 12.048 % |
|     443160 |     896    16128    99088 |    32879    13230     15 | 12.048 % |
|     664843 |     896    16128    99088 |    36167    25566     15 | 12.048 % |
|     997368 |     896    16128    99088 |    39783    18350     14 | 12.048 % |
|    1496156 |     896    16128    99088 |    43762    22653     13 | 12.048 % |
|    2244338 |     896    16128    99088 |    48138    32058     16 | 12.048 % |
|    3366612 |     896    16128    99088 |    52952    33428     15 | 12.048 % |
|    5050023 |     896    16128    99088 |    58247    34844     19 | 12.048 % |
|    7575139 |     896    16128    99088 |    64072    52629     24 | 12.048 % |
|   11362814 |     896    16128    99088 |    70479    22135     15 | 12.048 % |
|   17044326 |     896    16128    99088 |    77527    56558     16 | 12.048 % |
|   25566595 |     896    16128    99088 |    85279    31356     16 | 12.048 % |
|   38349998 |     896    16128    99088 |    93807    78152     16 | 12.048 % |
===============================================================================
restarts              : 71201
conflicts             : 55686234       (19437 /sec)
decisions             : 73678047       (0.00 % random) (25717 /sec)
propagations          : 1684304305     (587892 /sec)
conflict literals     : 998251913      (8.35 % deleted)
Memory used           : 138.00 MB
CPU time              : 2864.99 s

SATISFIABLE
