WARNING: for repeatability, setting FPU to use double precision
============================[ Problem Statistics ]=============================
|                                                                             |
|  Number of variables:          1168                                         |
|  Number of clauses:           15100                                         |
|  Parse time:                   0.01 s                                       |
|  Eliminated clauses:           0.01 Mb                                      |
|  Simplification time:          0.05 s                                       |
|                                                                             |
=============================[ Search Statistics ]==============================
| Conflicts  |          ORIGINAL         |          LEARNT          | Progress |
|            |    Vars  Clauses Literals |    Limit  Clauses Lit/Cl |          |
================================================================================
|        100 |     784    14108    86686 |     5172      100     12 | 12.329 % |
|        250 |     784    14108    86686 |     5690      250     13 | 12.329 % |
|        475 |     784    14108    86686 |     6259      475     13 | 12.329 % |
|        812 |     784    14108    86686 |     6885      812     14 | 12.329 % |
|       1318 |     784    14108    86686 |     7573     1318     14 | 12.329 % |
|       2077 |     784    14108    86686 |     8331     2077     14 | 12.329 % |
|       3216 |     784    14108    86686 |     9164     3216     15 | 12.329 % |
|       4924 |     784    14108    86686 |    10080     4924     15 | 12.329 % |
|       7486 |     784    14108    86686 |    11088     7486     15 | 12.329 % |
|      11330 |     784    14108    86686 |    12197    11330     15 | 12.329 % |
|      17096 |     784    14108    86686 |    13417    10892     15 | 12.329 % |
|      25745 |     784    14108    86686 |    14758    12720     15 | 12.329 % |
|      38719 |     784    14108    86686 |    16234    10595     15 | 12.329 % |
|      58180 |     784    14108    86686 |    17858    13540     14 | 12.329 % |
|      87372 |     784    14108    86686 |    19644    15545     15 | 12.329 % |
|     131161 |     784    14108    86686 |    21608    19546     15 | 12.329 % |
|     196845 |     784    14108    86686 |    23769    19672     16 | 12.329 % |
|     295371 |     784    14108    86686 |    26146    21976     14 | 12.329 % |
|     443160 |     784    14108    86686 |    28761    24327     16 | 12.329 % |
|     664843 |     784    14108    86686 |    31637    19638     15 | 12.329 % |
|     997368 |     784    14108    86686 |    34800    28299     15 | 12.329 % |
|    1496156 |     784    14108    86686 |    38280    26728     14 | 12.329 % |
|    2244338 |     784    14108    86686 |    42109    31960     15 | 12.329 % |
|    3366612 |     784    14108    86686 |    46320    38437     15 | 12.329 % |
|    5050023 |     784    14108    86686 |    50952    26303     15 | 12.329 % |
|    7575139 |     784    14108    86686 |    56047    14014     16 | 12.329 % |
|   11362814 |     784    14108    86686 |    61651    40173     17 | 12.329 % |
|   17044326 |     784    14108    86686 |    67817    20880     15 | 12.329 % |
|   25566595 |     784    14108    86686 |    74598    24251     14 | 12.329 % |
|   38349998 |     784    14108    86686 |    82058    33629     17 | 12.329 % |
===============================================================================
restarts              : 65535
conflicts             : 49680169       (20322 /sec)
decisions             : 64930813       (0.00 % random) (26560 /sec)
propagations          : 1494528072     (611339 /sec)
conflict literals     : 888219982      (8.49 % deleted)
Memory used           : 115.00 MB
CPU time              : 2444.68 s

SATISFIABLE
