WARNING: for repeatability, setting FPU to use double precision
============================[ Problem Statistics ]=============================
|                                                                             |
|  Number of variables:          1008                                         |
|  Number of clauses:           12952                                         |
|  Parse time:                   0.01 s                                       |
|  Eliminated clauses:           0.01 Mb                                      |
|  Simplification time:          0.04 s                                       |
|                                                                             |
=============================[ Search Statistics ]==============================
| Conflicts  |          ORIGINAL         |          LEARNT          | Progress |
|            |    Vars  Clauses Literals |    Limit  Clauses Lit/Cl |          |
================================================================================
|        100 |     672    12088    74284 |     4432      100     12 | 12.699 % |
|        250 |     672    12088    74284 |     4875      250     14 | 12.699 % |
|        475 |     672    12088    74284 |     5363      475     13 | 12.699 % |
|        812 |     672    12088    74284 |     5899      812     14 | 12.699 % |
|       1318 |     672    12088    74284 |     6489     1318     14 | 12.699 % |
|       2077 |     672    12088    74284 |     7138     2077     14 | 12.699 % |
|       3216 |     672    12088    74284 |     7852     3216     14 | 12.699 % |
|       4924 |     672    12088    74284 |     8637     4924     14 | 12.699 % |
|       7486 |     672    12088    74284 |     9500     7486     15 | 12.699 % |
|      11330 |     672    12088    74284 |    10451     6511     15 | 12.699 % |
|      17096 |     672    12088    74284 |    11496     6923     15 | 12.699 % |
|      25745 |     672    12088    74284 |    12645     9569     14 | 12.699 % |
|      38719 |     672    12088    74284 |    13910     9578     14 | 12.699 % |
|      58180 |     672    12088    74284 |    15301     7879     14 | 12.699 % |
|      87372 |     672    12088    74284 |    16831    13814     15 | 12.699 % |
|     131161 |     672    12088    74284 |    18514    14844     15 | 12.699 % |
|     196845 |     672    12088    74284 |    20366    14957     15 | 12.699 % |
|     295371 |     672    12088    74284 |    22402    10500     14 | 12.699 % |
|     443160 |     672    12088    74284 |    24643    22357     16 | 12.699 % |
|     664843 |     672    12088    74284 |    27107    19930     15 | 12.699 % |
|     997368 |     672    12088    74284 |    29818    21245     17 | 12.699 % |
|    1496156 |     672    12088    74284 |    32799    18197     14 | 12.699 % |
|    2244338 |     672    12088    74284 |    36079    21398     17 | 12.699 % |
|    3366612 |     672    12088    74284 |    39687    35297     15 | 12.699 % |
|    5050023 |     672    12088    74284 |    43656    21625     17 | 12.699 % |
|    7575139 |     672    12088    74284 |    48022    16728     28 | 12.699 % |
|   11362814 |     672    12088    74284 |    52824    47351     17 | 12.699 % |
|   17044326 |     672    12088    74284 |    58106    48068     16 | 12.699 % |
|   25566595 |     672    12088    74284 |    63917    35399     15 | 12.699 % |
|   38349998 |     672    12088    74284 |    70309    30323     17 | 12.699 % |
|   57525103 |     672    12088    74284 |    77340    22748     17 | 12.699 % |
|   86287761 |     672    12088    74284 |    85074    26133     14 | 12.699 % |
|  129431749 |     672    12088    74284 |    93581    38911     17 | 12.699 % |
===============================================================================
restarts              : 195576
conflicts             : 156940078      (14399 /sec)
decisions             : 195276905      (0.00 % random) (17917 /sec)
propagations          : 5833639692     (535244 /sec)
conflict literals     : 2915514266     (9.46 % deleted)
Memory used           : 185.00 MB
CPU time              : 10899 s

SATISFIABLE
