WARNING: for repeatability, setting FPU to use double precision
============================[ Problem Statistics ]=============================
|                                                                             |
|  Number of variables:          1088                                         |
|  Number of clauses:           14026                                         |
|  Parse time:                   0.01 s                                       |
|  Eliminated clauses:           0.01 Mb                                      |
|  Simplification time:          0.05 s                                       |
|                                                                             |
=============================[ Search Statistics ]==============================
| Conflicts  |          ORIGINAL         |          LEARNT          | Progress |
|            |    Vars  Clauses Literals |    Limit  Clauses Lit/Cl |          |
================================================================================
|        100 |     728    13098    80485 |     4802      100     12 | 12.500 % |
|        250 |     728    13098    80485 |     5282      250     12 | 12.500 % |
|        475 |     728    13098    80485 |     5811      475     13 | 12.500 % |
|        812 |     728    13098    80485 |     6392      812     13 | 12.500 % |
|       1318 |     728    13098    80485 |     7031     1318     13 | 12.500 % |
|       2077 |     728    13098    80485 |     7734     2077     15 | 12.500 % |
|       3216 |     728    13098    80485 |     8508     3216     15 | 12.500 % |
|       4924 |     728    13098    80485 |     9358     4924     14 | 12.500 % |
|       7486 |     728    13098    80485 |    10294     7486     15 | 12.500 % |
|      11330 |     728    13098    80485 |    11324     6073     14 | 12.500 % |
|      17096 |     728    13098    80485 |    12456     5946     14 | 12.500 % |
|      25745 |     728    13098    80485 |    13702     8292     14 | 12.500 % |
|      38719 |     728    13098    80485 |    15072     7355     14 | 12.500 % |
|      58180 |     728    13098    80485 |    16579    11577     14 | 12.500 % |
|      87372 |     728    13098    80485 |    18237    15589     15 | 12.500 % |
|     131161 |     728    13098    80485 |    20061    13014     14 | 12.500 % |
|     196845 |     728    13098    80485 |    22067    17731     15 | 12.500 % |
|     295371 |     728    13098    80485 |    24274    15634     16 | 12.500 % |
|     443160 |     728    13098    80485 |    26702    16330     17 | 12.500 % |
|     664843 |     728    13098    80485 |    29372    18669     15 | 12.500 % |
|     997368 |     728    13098    80485 |    32309    25541     17 | 12.500 % |
|    1496156 |     728    13098    80485 |    35540    26044     15 | 12.500 % |
|    2244338 |     728    13098    80485 |    39094    24245     15 | 12.500 % |
|    3366612 |     728    13098    80485 |    43003    37727     14 | 12.500 % |
|    5050023 |     728    13098    80485 |    47304    22400     16 | 12.500 % |
|    7575139 |     728    13098    80485 |    52034    31565     16 | 12.500 % |
|   11362814 |     728    13098    80485 |    57238    43134     18 | 12.500 % |
|   17044326 |     728    13098    80485 |    62962    20476     16 | 12.500 % |
|   25566595 |     728    13098    80485 |    69258    33596     17 | 12.500 % |
|   38349998 |     728    13098    80485 |    76184    45778     21 | 12.500 % |
|   57525103 |     728    13098    80485 |    83802    31931     16 | 12.500 % |
|   86287761 |     728    13098    80485 |    92182    28587     13 | 12.500 % |
|  129431749 |     728    13098    80485 |   101401    62326     17 | 12.500 % |
===============================================================================
restarts              : 173375
conflicts             : 142063937      (14113 /sec)
decisions             : 177732747      (0.00 % random) (17657 /sec)
propagations          : 5350696474     (531570 /sec)
conflict literals     : 2651374979     (9.79 % deleted)
Memory used           : 197.00 MB
CPU time              : 10065.8 s

SATISFIABLE
