WARNING: for repeatability, setting FPU to use double precision
============================[ Problem Statistics ]=============================
|                                                                             |
|  Number of variables:           848                                         |
|  Number of clauses:           10804                                         |
|  Parse time:                   0.01 s                                       |
|  Eliminated clauses:           0.01 Mb                                      |
|  Simplification time:          0.04 s                                       |
|                                                                             |
=============================[ Search Statistics ]==============================
| Conflicts  |          ORIGINAL         |          LEARNT          | Progress |
|            |    Vars  Clauses Literals |    Limit  Clauses Lit/Cl |          |
================================================================================
|        100 |     560    10068    61882 |     3691      100     11 | 13.208 % |
|        250 |     560    10068    61882 |     4060      250     13 | 13.208 % |
|        475 |     560    10068    61882 |     4466      475     13 | 13.208 % |
|        812 |     560    10068    61882 |     4913      812     13 | 13.208 % |
|       1318 |     560    10068    61882 |     5404     1318     14 | 13.208 % |
|       2077 |     560    10068    61882 |     5945     2077     14 | 13.208 % |
|       3216 |     560    10068    61882 |     6539     3216     14 | 13.208 % |
|       4924 |     560    10068    61882 |     7193     4924     15 | 13.208 % |
|       7486 |     560    10068    61882 |     7913     7486     15 | 13.208 % |
|      11330 |     560    10068    61882 |     8704     7276     16 | 13.208 % |
|      17096 |     560    10068    61882 |     9575     8600     16 | 13.208 % |
|      25745 |     560    10068    61882 |    10532     7529     15 | 13.208 % |
|      38719 |     560    10068    61882 |    11585     9796     14 | 13.208 % |
|      58180 |     560    10068    61882 |    12744    11509     15 | 13.208 % |
|      87372 |     560    10068    61882 |    14018     8359     14 | 13.208 % |
|     131161 |     560    10068    61882 |    15420     9488     14 | 13.208 % |
|     196845 |     560    10068    61882 |    16962    12681     16 | 13.208 % |
|     295371 |     560    10068    61882 |    18659    16900     15 | 13.208 % |
|     443160 |     560    10068    61882 |    20524    13839     16 | 13.208 % |
|     664843 |     560    10068    61882 |    22577    17900     15 | 13.208 % |
|     997368 |     560    10068    61882 |    24835    19914     16 | 13.208 % |
|    1496156 |     560    10068    61882 |    27318    17956     14 | 13.208 % |
|    2244338 |     560    10068    61882 |    30050    23433     15 | 13.208 % |
|    3366612 |     560    10068    61882 |    33055    27194     15 | 13.208 % |
|    5050023 |     560    10068    61882 |    36361    29309     17 | 13.208 % |
|    7575139 |     560    10068    61882 |    39997    18063     16 | 13.208 % |
|   11362814 |     560    10068    61882 |    43997    34555     17 | 13.208 % |
|   17044326 |     560    10068    61882 |    48396    43932     17 | 13.208 % |
|   25566595 |     560    10068    61882 |    53236    28111     16 | 13.208 % |
|   38349998 |     560    10068    61882 |    58560    16950     15 | 13.208 % |
|   57525103 |     560    10068    61882 |    64416    33483     16 | 13.208 % |
|   86287761 |     560    10068    61882 |    70857    62303     16 | 13.208 % |
===============================================================================
restarts              : 155898
conflicts             : 128392109      (16205 /sec)
decisions             : 157371547      (0.00 % random) (19863 /sec)
propagations          : 4443870638     (560879 /sec)
conflict literals     : 2364650475     (9.54 % deleted)
Memory used           : 142.00 MB
CPU time              : 7923.05 s

SATISFIABLE
