WARNING: for repeatability, setting FPU to use double precision
============================[ Problem Statistics ]=============================
|                                                                             |
|  Number of variables:           528                                         |
|  Number of clauses:            6508                                         |
|  Parse time:                   0.00 s                                       |
|  Eliminated clauses:           0.01 Mb                                      |
|  Simplification time:          0.02 s                                       |
|                                                                             |
=============================[ Search Statistics ]==============================
| Conflicts  |          ORIGINAL         |          LEARNT          | Progress |
|            |    Vars  Clauses Literals |    Limit  Clauses Lit/Cl |          |
================================================================================
|        100 |     336     6028    37078 |     2210      100     10 | 15.152 % |
|        250 |     336     6028    37078 |     2431      250     12 | 15.152 % |
|        475 |     336     6028    37078 |     2674      475     12 | 15.152 % |
|        812 |     336     6028    37078 |     2941      812     14 | 15.152 % |
|       1318 |     336     6028    37078 |     3236     1318     14 | 15.152 % |
|       2077 |     336     6028    37078 |     3559     2077     14 | 15.152 % |
|       3216 |     336     6028    37078 |     3915     3216     14 | 15.152 % |
|       4924 |     336     6028    37078 |     4307     2914     14 | 15.152 % |
|       7486 |     336     6028    37078 |     4737     3269     14 | 15.152 % |
|      11330 |     336     6028    37078 |     5211     4675     15 | 15.152 % |
|      17096 |     336     6028    37078 |     5732     5068     16 | 15.152 % |
|      25745 |     336     6028    37078 |     6306     4909     14 | 15.152 % |
|      38719 |     336     6028    37078 |     6936     5001     14 | 15.152 % |
|      58180 |     336     6028    37078 |     7630     6790     14 | 15.152 % |
|      87372 |     336     6028    37078 |     8393     4882     14 | 15.152 % |
|     131161 |     336     6028    37078 |     9232     5928     14 | 15.152 % |
|     196845 |     336     6028    37078 |    10156     5927     16 | 15.152 % |
|     295371 |     336     6028    37078 |    11171     6478     15 | 15.152 % |
|     443160 |     336     6028    37078 |    12288     7080     16 | 15.152 % |
|     664843 |     336     6028    37078 |    13517    11265     16 | 15.152 % |
|     997368 |     336     6028    37078 |    14869     8864     15 | 15.152 % |
|    1496156 |     336     6028    37078 |    16356    12274     15 | 15.152 % |
|    2244338 |     336     6028    37078 |    17992     9942     15 | 15.152 % |
|    3366612 |     336     6028    37078 |    19791    16828     14 | 15.152 % |
|    5050023 |     336     6028    37078 |    21770    16418     16 | 15.152 % |
|    7575139 |     336     6028    37078 |    23947    11282     15 | 15.152 % |
|   11362814 |     336     6028    37078 |    26342    18061     15 | 15.152 % |
===============================================================================
restarts              : 24571
conflicts             : 16070275       (33467 /sec)
decisions             : 20401258       (0.00 % random) (42487 /sec)
propagations          : 407099818      (847810 /sec)
conflict literals     : 268693480      (8.60 % deleted)
Memory used           : 32.00 MB
CPU time              : 480.178 s

SATISFIABLE
