WARNING: for repeatability, setting FPU to use double precision
============================[ Problem Statistics ]=============================
|                                                                             |
|  Number of variables:           608                                         |
|  Number of clauses:            7582                                         |
|  Parse time:                   0.00 s                                       |
|  Eliminated clauses:           0.01 Mb                                      |
|  Simplification time:          0.02 s                                       |
|                                                                             |
=============================[ Search Statistics ]==============================
| Conflicts  |          ORIGINAL         |          LEARNT          | Progress |
|            |    Vars  Clauses Literals |    Limit  Clauses Lit/Cl |          |
================================================================================
|        100 |     392     7038    43279 |     2580      100     15 | 14.474 % |
|        250 |     392     7038    43279 |     2838      250     13 | 14.474 % |
|        475 |     392     7038    43279 |     3122      475     13 | 14.474 % |
|        812 |     392     7038    43279 |     3434      812     14 | 14.474 % |
|       1318 |     392     7038    43279 |     3778     1318     14 | 14.474 % |
|       2077 |     392     7038    43279 |     4156     2077     14 | 14.474 % |
|       3216 |     392     7038    43279 |     4571     3216     14 | 14.474 % |
|       4924 |     392     7038    43279 |     5028     2517     14 | 14.474 % |
|       7486 |     392     7038    43279 |     5531     5079     15 | 14.474 % |
|      11330 |     392     7038    43279 |     6084     3164     14 | 14.474 % |
|      17096 |     392     7038    43279 |     6693     5804     15 | 14.474 % |
|      25745 |     392     7038    43279 |     7362     4146     14 | 14.474 % |
|      38719 |     392     7038    43279 |     8099     5854     15 | 14.474 % |
|      58180 |     392     7038    43279 |     8908     4641     14 | 14.474 % |
|      87372 |     392     7038    43279 |     9799     6619     15 | 14.474 % |
|     131161 |     392     7038    43279 |    10779     5613     14 | 14.474 % |
|     196845 |     392     7038    43279 |    11857     5715     16 | 14.474 % |
|     295371 |     392     7038    43279 |    13043     8087     15 | 14.474 % |
|     443160 |     392     7038    43279 |    14347    10464     15 | 14.474 % |
|     664843 |     392     7038    43279 |    15782     7410     14 | 14.474 % |
|     997368 |     392     7038    43279 |    17360    13225     17 | 14.474 % |
|    1496156 |     392     7038    43279 |    19097    12783     14 | 14.474 % |
|    2244338 |     392     7038    43279 |    21006     9991     17 | 14.474 % |
|    3366612 |     392     7038    43279 |    23107    20810     15 | 14.474 % |
|    5050023 |     392     7038    43279 |    25418    17990     16 | 14.474 % |
|    7575139 |     392     7038    43279 |    27960    22033     16 | 14.474 % |
|   11362814 |     392     7038    43279 |    30756    24429     16 | 14.474 % |
|   17044326 |     392     7038    43279 |    33831    17118     17 | 14.474 % |
|   25566595 |     392     7038    43279 |    37214    22879     16 | 14.474 % |
|   38349998 |     392     7038    43279 |    40936    35725     16 | 14.474 % |
===============================================================================
restarts              : 62968
conflicts             : 44569947       (24903 /sec)
decisions             : 55449764       (0.00 % random) (30982 /sec)
propagations          : 1310637866     (732308 /sec)
conflict literals     : 772987710      (9.38 % deleted)
Memory used           : 56.00 MB
CPU time              : 1789.74 s

SATISFIABLE
