WARNING: for repeatability, setting FPU to use double precision
============================[ Problem Statistics ]=============================
|                                                                             |
|  Number of variables:          1248                                         |
|  Number of clauses:           16174                                         |
|  Parse time:                   0.01 s                                       |
|  Eliminated clauses:           0.01 Mb                                      |
|  Simplification time:          0.05 s                                       |
|                                                                             |
=============================[ Search Statistics ]==============================
| Conflicts  |          ORIGINAL         |          LEARNT          | Progress |
|            |    Vars  Clauses Literals |    Limit  Clauses Lit/Cl |          |
================================================================================
|        100 |     840    15118    92887 |     5543      100     15 | 12.180 % |
|        250 |     840    15118    92887 |     6097      250     14 | 12.180 % |
|        475 |     840    15118    92887 |     6707      475     14 | 12.180 % |
|        812 |     840    15118    92887 |     7378      812     13 | 12.180 % |
|       1318 |     840    15118    92887 |     8115     1318     14 | 12.180 % |
|       2077 |     840    15118    92887 |     8927     2077     14 | 12.180 % |
|       3216 |     840    15118    92887 |     9820     3216     15 | 12.180 % |
|       4924 |     840    15118    92887 |    10802     4924     14 | 12.180 % |
|       7486 |     840    15118    92887 |    11882     7486     14 | 12.180 % |
|      11330 |     840    15118    92887 |    13070    11330     14 | 12.180 % |
|      17096 |     840    15118    92887 |    14377    10472     15 | 12.180 % |
|      25745 |     840    15118    92887 |    15815    11833     15 | 12.180 % |
|      38719 |     840    15118    92887 |    17397     8720     14 | 12.180 % |
|      58180 |     840    15118    92887 |    19136    10494     14 | 12.180 % |
|      87372 |     840    15118    92887 |    21050    10428     15 | 12.180 % |
|     131161 |     840    15118    92887 |    23155    11537     14 | 12.180 % |
|     196845 |     840    15118    92887 |    25471    18504     15 | 12.180 % |
|     295371 |     840    15118    92887 |    28018    24296     15 | 12.180 % |
|     443160 |     840    15118    92887 |    30820    26165     17 | 12.180 % |
|     664843 |     840    15118    92887 |    33902    28435     15 | 12.180 % |
|     997368 |     840    15118    92887 |    37292    16886     17 | 12.180 % |
|    1496156 |     840    15118    92887 |    41021    25277     14 | 12.180 % |
|    2244338 |     840    15118    92887 |    45123    31928     16 | 12.180 % |
|    3366612 |     840    15118    92887 |    49636    33063     15 | 12.180 % |
|    5050023 |     840    15118    92887 |    54599    48362     19 | 12.180 % |
|    7575139 |     840    15118    92887 |    60059    42840     16 | 12.180 % |
|   11362814 |     840    15118    92887 |    66065    47389     18 | 12.180 % |
|   17044326 |     840    15118    92887 |    72672    49031     17 | 12.180 % |
|   25566595 |     840    15118    92887 |    79939    55793     16 | 12.180 % |
|   38349998 |     840    15118    92887 |    87933    73423     18 | 12.180 % |
|   57525103 |     840    15118    92887 |    96726    57392     19 | 12.180 % |
|   86287761 |     840    15118    92887 |   106399    54063     15 | 12.180 % |
|  129431749 |     840    15118    92887 |   117039    68627     21 | 12.180 % |
|  194147731 |     840    15118    92887 |   128743    92289     16 | 12.180 % |
|  291221704 |     840    15118    92887 |   141617    64243     15 | 12.180 % |
===============================================================================
restarts              : 342777
conflicts             : 297822122      (11177 /sec)
decisions             : 371168446      (0.00 % random) (13930 /sec)
propagations          : 12002627977    (450446 /sec)
conflict literals     : 5675210275     (9.90 % deleted)
Memory used           : 318.00 MB
CPU time              : 26646.1 s

SATISFIABLE
