WARNING: for repeatability, setting FPU to use double precision
============================[ Problem Statistics ]=============================
|                                                                             |
|  Number of variables:          1008                                         |
|  Number of clauses:           12952                                         |
|  Parse time:                   0.01 s                                       |
|  Eliminated clauses:           0.01 Mb                                      |
|  Simplification time:          0.04 s                                       |
|                                                                             |
=============================[ Search Statistics ]==============================
| Conflicts  |          ORIGINAL         |          LEARNT          | Progress |
|            |    Vars  Clauses Literals |    Limit  Clauses Lit/Cl |          |
================================================================================
|        100 |     672    12088    74284 |     4432      100     17 | 12.699 % |
|        250 |     672    12088    74284 |     4875      250     14 | 12.699 % |
|        475 |     672    12088    74284 |     5363      475     13 | 12.699 % |
|        812 |     672    12088    74284 |     5899      812     13 | 12.699 % |
|       1318 |     672    12088    74284 |     6489     1318     14 | 12.699 % |
|       2077 |     672    12088    74284 |     7138     2077     14 | 12.699 % |
|       3216 |     672    12088    74284 |     7852     3216     14 | 12.699 % |
|       4924 |     672    12088    74284 |     8637     4924     14 | 12.699 % |
|       7486 |     672    12088    74284 |     9500     7486     15 | 12.699 % |
|      11330 |     672    12088    74284 |    10451     6470     15 | 12.699 % |
|      17096 |     672    12088    74284 |    11496     6792     15 | 12.699 % |
|      25745 |     672    12088    74284 |    12645     9481     15 | 12.699 % |
|      38719 |     672    12088    74284 |    13910     9632     16 | 12.699 % |
|      58180 |     672    12088    74284 |    15301     7899     14 | 12.699 % |
|      87372 |     672    12088    74284 |    16831    13746     15 | 12.699 % |
|     131161 |     672    12088    74284 |    18514    14867     15 | 12.699 % |
|     196845 |     672    12088    74284 |    20366    14891     16 | 12.699 % |
|     295371 |     672    12088    74284 |    22402    10389     14 | 12.699 % |
|     443160 |     672    12088    74284 |    24643    22259     17 | 12.699 % |
|     664843 |     672    12088    74284 |    27107    17931     15 | 12.699 % |
|     997368 |     672    12088    74284 |    29818    16946     16 | 12.699 % |
|    1496156 |     672    12088    74284 |    32799    25602     15 | 12.699 % |
|    2244338 |     672    12088    74284 |    36079    31738     16 | 12.699 % |
|    3366612 |     672    12088    74284 |    39687    30638     15 | 12.699 % |
|    5050023 |     672    12088    74284 |    43656    34938     17 | 12.699 % |
|    7575139 |     672    12088    74284 |    48022    38547     18 | 12.699 % |
|   11362814 |     672    12088    74284 |    52824    30458     20 | 12.699 % |
|   17044326 |     672    12088    74284 |    58106    25623     16 | 12.699 % |
|   25566595 |     672    12088    74284 |    63917    42858     16 | 12.699 % |
|   38349998 |     672    12088    74284 |    70309    54931     19 | 12.699 % |
|   57525103 |     672    12088    74284 |    77340    55783     17 | 12.699 % |
|   86287761 |     672    12088    74284 |    85074    37875     14 | 12.699 % |
|  129431749 |     672    12088    74284 |    93581    25094     15 | 12.699 % |
===============================================================================
restarts              : 174711
conflicts             : 142821914      (14617 /sec)
decisions             : 176669164      (0.00 % random) (18082 /sec)
propagations          : 5400840366     (552760 /sec)
conflict literals     : 2657669882     (9.79 % deleted)
Memory used           : 171.00 MB
CPU time              : 9770.68 s

SATISFIABLE
