WARNING: for repeatability, setting FPU to use double precision
============================[ Problem Statistics ]=============================
|                                                                             |
|  Number of variables:          1408                                         |
|  Number of clauses:           18322                                         |
|  Parse time:                   0.01 s                                       |
|  Eliminated clauses:           0.01 Mb                                      |
|  Simplification time:          0.06 s                                       |
|                                                                             |
=============================[ Search Statistics ]==============================
| Conflicts  |          ORIGINAL         |          LEARNT          | Progress |
|            |    Vars  Clauses Literals |    Limit  Clauses Lit/Cl |          |
================================================================================
|        100 |     952    17138   105289 |     6283      100     13 | 11.932 % |
|        250 |     952    17138   105289 |     6912      250     13 | 11.932 % |
|        475 |     952    17138   105289 |     7603      475     13 | 11.932 % |
|        812 |     952    17138   105289 |     8363      812     14 | 11.932 % |
|       1318 |     952    17138   105289 |     9200     1318     14 | 11.932 % |
|       2077 |     952    17138   105289 |    10120     2077     14 | 11.932 % |
|       3216 |     952    17138   105289 |    11132     3216     15 | 11.932 % |
|       4924 |     952    17138   105289 |    12245     4924     15 | 11.932 % |
|       7486 |     952    17138   105289 |    13470     7486     15 | 11.932 % |
|      11330 |     952    17138   105289 |    14817    11330     15 | 11.932 % |
|      17096 |     952    17138   105289 |    16298     9535     14 | 11.932 % |
|      25745 |     952    17138   105289 |    17928     9937     14 | 11.932 % |
|      38719 |     952    17138   105289 |    19721    13589     15 | 11.932 % |
|      58180 |     952    17138   105289 |    21693    13054     14 | 11.932 % |
|      87372 |     952    17138   105289 |    23863    20159     15 | 11.932 % |
|     131161 |     952    17138   105289 |    26249    15691     14 | 11.932 % |
|     196845 |     952    17138   105289 |    28874    14624     15 | 11.932 % |
|     295371 |     952    17138   105289 |    31761    18437     14 | 11.932 % |
|     443160 |     952    17138   105289 |    34938    29450     16 | 11.932 % |
|     664843 |     952    17138   105289 |    38431    16991     15 | 11.932 % |
|     997368 |     952    17138   105289 |    42275    15362     17 | 11.932 % |
|    1496156 |     952    17138   105289 |    46502    31055     14 | 11.932 % |
|    2244338 |     952    17138   105289 |    51152    35022     19 | 11.932 % |
|    3366612 |     952    17138   105289 |    56268    21018     14 | 11.932 % |
|    5050023 |     952    17138   105289 |    61895    21585     19 | 11.932 % |
|    7575139 |     952    17138   105289 |    68084    34507     22 | 11.932 % |
|   11362814 |     952    17138   105289 |    74893    66514     18 | 11.932 % |
|   17044326 |     952    17138   105289 |    82382    50219     16 | 11.932 % |
|   25566595 |     952    17138   105289 |    90620    19595     16 | 11.932 % |
|   38349998 |     952    17138   105289 |    99682    68032     17 | 11.932 % |
===============================================================================
restarts              : 72219
conflicts             : 56300247       (19157 /sec)
decisions             : 74584615       (0.00 % random) (25379 /sec)
propagations          : 1731545546     (589199 /sec)
conflict literals     : 1019562671     (8.42 % deleted)
Memory used           : 159.00 MB
CPU time              : 2938.82 s

SATISFIABLE
