WARNING: for repeatability, setting FPU to use double precision
============================[ Problem Statistics ]=============================
|                                                                             |
|  Number of variables:          1168                                         |
|  Number of clauses:           15100                                         |
|  Parse time:                   0.01 s                                       |
|  Eliminated clauses:           0.01 Mb                                      |
|  Simplification time:          0.05 s                                       |
|                                                                             |
=============================[ Search Statistics ]==============================
| Conflicts  |          ORIGINAL         |          LEARNT          | Progress |
|            |    Vars  Clauses Literals |    Limit  Clauses Lit/Cl |          |
================================================================================
|        100 |     784    14108    86686 |     5172      100     13 | 12.329 % |
|        250 |     784    14108    86686 |     5690      250     13 | 12.329 % |
|        475 |     784    14108    86686 |     6259      475     14 | 12.329 % |
|        812 |     784    14108    86686 |     6885      812     14 | 12.329 % |
|       1318 |     784    14108    86686 |     7573     1318     14 | 12.329 % |
|       2077 |     784    14108    86686 |     8331     2077     14 | 12.329 % |
|       3216 |     784    14108    86686 |     9164     3216     16 | 12.329 % |
|       4924 |     784    14108    86686 |    10080     4924     15 | 12.329 % |
|       7486 |     784    14108    86686 |    11088     7486     15 | 12.329 % |
|      11330 |     784    14108    86686 |    12197     5713     14 | 12.329 % |
|      17096 |     784    14108    86686 |    13417    11479     14 | 12.329 % |
|      25745 |     784    14108    86686 |    14758    13313     14 | 12.329 % |
|      38719 |     784    14108    86686 |    16234    11332     15 | 12.329 % |
|      58180 |     784    14108    86686 |    17858    14302     15 | 12.329 % |
|      87372 |     784    14108    86686 |    19644    16244     15 | 12.329 % |
|     131161 |     784    14108    86686 |    21608    10419     14 | 12.329 % |
|     196845 |     784    14108    86686 |    23769    21468     16 | 12.329 % |
|     295371 |     784    14108    86686 |    26146    23572     14 | 12.329 % |
|     443160 |     784    14108    86686 |    28761    25807     16 | 12.329 % |
|     664843 |     784    14108    86686 |    31637    17201     15 | 12.329 % |
|     997368 |     784    14108    86686 |    34800    12580     16 | 12.329 % |
|    1496156 |     784    14108    86686 |    38280    30821     14 | 12.329 % |
|    2244338 |     784    14108    86686 |    42109    29433     16 | 12.329 % |
|    3366612 |     784    14108    86686 |    46320    22848     14 | 12.329 % |
|    5050023 |     784    14108    86686 |    50952    24677     16 | 12.329 % |
|    7575139 |     784    14108    86686 |    56047    17319     14 | 12.329 % |
|   11362814 |     784    14108    86686 |    61651    41308     17 | 12.329 % |
|   17044326 |     784    14108    86686 |    67817    38540     15 | 12.329 % |
|   25566595 |     784    14108    86686 |    74598    62431     16 | 12.329 % |
===============================================================================
restarts              : 45563
conflicts             : 32586106       (22207 /sec)
decisions             : 43030970       (0.00 % random) (29325 /sec)
propagations          : 944302132      (643532 /sec)
conflict literals     : 576399036      (8.06 % deleted)
Memory used           : 93.00 MB
CPU time              : 1467.37 s

SATISFIABLE
