WARNING: for repeatability, setting FPU to use double precision
============================[ Problem Statistics ]=============================
|                                                                             |
|  Number of variables:           928                                         |
|  Number of clauses:           11878                                         |
|  Parse time:                   0.00 s                                       |
|  Eliminated clauses:           0.01 Mb                                      |
|  Simplification time:          0.04 s                                       |
|                                                                             |
=============================[ Search Statistics ]==============================
| Conflicts  |          ORIGINAL         |          LEARNT          | Progress |
|            |    Vars  Clauses Literals |    Limit  Clauses Lit/Cl |          |
================================================================================
|        100 |     616    11078    68083 |     4061      100     14 | 12.931 % |
|        250 |     616    11078    68083 |     4468      250     13 | 12.931 % |
|        475 |     616    11078    68083 |     4914      475     13 | 12.931 % |
|        812 |     616    11078    68083 |     5406      812     13 | 12.931 % |
|       1318 |     616    11078    68083 |     5947     1318     13 | 12.931 % |
|       2077 |     616    11078    68083 |     6541     2077     13 | 12.931 % |
|       3216 |     616    11078    68083 |     7195     3216     14 | 12.931 % |
|       4924 |     616    11078    68083 |     7915     4924     14 | 12.931 % |
|       7486 |     616    11078    68083 |     8707     7486     15 | 12.931 % |
|      11330 |     616    11078    68083 |     9577     6806     14 | 12.931 % |
|      17096 |     616    11078    68083 |    10535     7666     16 | 12.931 % |
|      25745 |     616    11078    68083 |    11589     5507     14 | 12.931 % |
|      38719 |     616    11078    68083 |    12748     6673     14 | 12.931 % |
|      58180 |     616    11078    68083 |    14022     6561     13 | 12.931 % |
|      87372 |     616    11078    68083 |    15425     7311     14 | 12.931 % |
|     131161 |     616    11078    68083 |    16967    11952     14 | 12.931 % |
|     196845 |     616    11078    68083 |    18664     8811     15 | 12.931 % |
|     295371 |     616    11078    68083 |    20530    12812     14 | 12.931 % |
|     443160 |     616    11078    68083 |    22584    15225     15 | 12.931 % |
|     664843 |     616    11078    68083 |    24842    20317     15 | 12.931 % |
|     997368 |     616    11078    68083 |    27326    12949     16 | 12.931 % |
|    1496156 |     616    11078    68083 |    30059    21986     14 | 12.931 % |
|    2244338 |     616    11078    68083 |    33065    26853     16 | 12.931 % |
|    3366612 |     616    11078    68083 |    36371    19689     14 | 12.931 % |
|    5050023 |     616    11078    68083 |    40008    15778     17 | 12.931 % |
|    7575139 |     616    11078    68083 |    44009    22287     17 | 12.931 % |
|   11362814 |     616    11078    68083 |    48410    34444     19 | 12.931 % |
|   17044326 |     616    11078    68083 |    53251    45697     16 | 12.931 % |
|   25566595 |     616    11078    68083 |    58577    48612     17 | 12.931 % |
|   38349998 |     616    11078    68083 |    64434    38137     15 | 12.931 % |
|   57525103 |     616    11078    68083 |    70878    43107     16 | 12.931 % |
|   86287761 |     616    11078    68083 |    77966    26595     13 | 12.931 % |
===============================================================================
restarts              : 114685
conflicts             : 88409591       (17942 /sec)
decisions             : 110533843      (0.00 % random) (22432 /sec)
propagations          : 2980104452     (604800 /sec)
conflict literals     : 1618458506     (9.13 % deleted)
Memory used           : 131.00 MB
CPU time              : 4927.42 s

SATISFIABLE
