WARNING: for repeatability, setting FPU to use double precision
============================[ Problem Statistics ]=============================
|                                                                             |
|  Number of variables:           928                                         |
|  Number of clauses:           11878                                         |
|  Parse time:                   0.01 s                                       |
|  Eliminated clauses:           0.01 Mb                                      |
|  Simplification time:          0.04 s                                       |
|                                                                             |
=============================[ Search Statistics ]==============================
| Conflicts  |          ORIGINAL         |          LEARNT          | Progress |
|            |    Vars  Clauses Literals |    Limit  Clauses Lit/Cl |          |
================================================================================
|        100 |     616    11078    68083 |     4061      100     14 | 12.931 % |
|        250 |     616    11078    68083 |     4468      250     14 | 12.931 % |
|        475 |     616    11078    68083 |     4914      475     16 | 12.931 % |
|        812 |     616    11078    68083 |     5406      812     15 | 12.931 % |
|       1318 |     616    11078    68083 |     5947     1318     15 | 12.931 % |
|       2077 |     616    11078    68083 |     6541     2077     15 | 12.931 % |
|       3216 |     616    11078    68083 |     7195     3216     15 | 12.931 % |
|       4924 |     616    11078    68083 |     7915     4924     15 | 12.931 % |
|       7486 |     616    11078    68083 |     8707     7486     15 | 12.931 % |
|      11330 |     616    11078    68083 |     9577     6889     14 | 12.931 % |
|      17096 |     616    11078    68083 |    10535     7751     15 | 12.931 % |
|      25745 |     616    11078    68083 |    11589     5652     14 | 12.931 % |
|      38719 |     616    11078    68083 |    12748     6813     14 | 12.931 % |
|      58180 |     616    11078    68083 |    14022     6896     14 | 12.931 % |
|      87372 |     616    11078    68083 |    15425     7636     15 | 12.931 % |
|     131161 |     616    11078    68083 |    16967    12351     14 | 12.931 % |
|     196845 |     616    11078    68083 |    18664     9228     15 | 12.931 % |
|     295371 |     616    11078    68083 |    20530    13291     15 | 12.931 % |
|     443160 |     616    11078    68083 |    22584    15756     14 | 12.931 % |
|     664843 |     616    11078    68083 |    24842    20561     14 | 12.931 % |
|     997368 |     616    11078    68083 |    27326    14519     16 | 12.931 % |
|    1496156 |     616    11078    68083 |    30059    15390     14 | 12.931 % |
|    2244338 |     616    11078    68083 |    33065    25808     18 | 12.931 % |
|    3366612 |     616    11078    68083 |    36371    25398     14 | 12.931 % |
|    5050023 |     616    11078    68083 |    40008    27705     16 | 12.931 % |
|    7575139 |     616    11078    68083 |    44009    25521     17 | 12.931 % |
|   11362814 |     616    11078    68083 |    48410    37729     24 | 12.931 % |
|   17044326 |     616    11078    68083 |    53251    26186     16 | 12.931 % |
===============================================================================
restarts              : 33883
conflicts             : 25136533       (23942 /sec)
decisions             : 32291736       (0.00 % random) (30757 /sec)
propagations          : 733902410      (699020 /sec)
conflict literals     : 450957997      (8.28 % deleted)
Memory used           : 75.00 MB
CPU time              : 1049.9 s

SATISFIABLE
