WARNING: for repeatability, setting FPU to use double precision
============================[ Problem Statistics ]=============================
|                                                                             |
|  Number of variables:          1168                                         |
|  Number of clauses:           15100                                         |
|  Parse time:                   0.01 s                                       |
|  Eliminated clauses:           0.01 Mb                                      |
|  Simplification time:          0.05 s                                       |
|                                                                             |
=============================[ Search Statistics ]==============================
| Conflicts  |          ORIGINAL         |          LEARNT          | Progress |
|            |    Vars  Clauses Literals |    Limit  Clauses Lit/Cl |          |
================================================================================
|        100 |     784    14108    86686 |     5172      100     15 | 12.329 % |
|        250 |     784    14108    86686 |     5690      250     15 | 12.329 % |
|        475 |     784    14108    86686 |     6259      475     15 | 12.329 % |
|        812 |     784    14108    86686 |     6885      812     14 | 12.329 % |
|       1318 |     784    14108    86686 |     7573     1318     14 | 12.329 % |
|       2077 |     784    14108    86686 |     8331     2077     14 | 12.329 % |
|       3216 |     784    14108    86686 |     9164     3216     14 | 12.329 % |
|       4924 |     784    14108    86686 |    10080     4924     14 | 12.329 % |
|       7486 |     784    14108    86686 |    11088     7486     15 | 12.329 % |
|      11330 |     784    14108    86686 |    12197     5680     14 | 12.329 % |
|      17096 |     784    14108    86686 |    13417    11446     15 | 12.329 % |
|      25745 |     784    14108    86686 |    14758    13297     15 | 12.329 % |
|      38719 |     784    14108    86686 |    16234    11322     15 | 12.329 % |
|      58180 |     784    14108    86686 |    17858    14303     14 | 12.329 % |
|      87372 |     784    14108    86686 |    19644    16298     15 | 12.329 % |
|     131161 |     784    14108    86686 |    21608    10223     14 | 12.329 % |
|     196845 |     784    14108    86686 |    23769    20968     15 | 12.329 % |
|     295371 |     784    14108    86686 |    26146    23248     15 | 12.329 % |
|     443160 |     784    14108    86686 |    28761    25834     15 | 12.329 % |
|     664843 |     784    14108    86686 |    31637    19582     15 | 12.329 % |
|     997368 |     784    14108    86686 |    34800    17294     18 | 12.329 % |
|    1496156 |     784    14108    86686 |    38280    29316     14 | 12.329 % |
|    2244338 |     784    14108    86686 |    42109    31063     17 | 12.329 % |
|    3366612 |     784    14108    86686 |    46320    38438     15 | 12.329 % |
|    5050023 |     784    14108    86686 |    50952    21589     19 | 12.329 % |
|    7575139 |     784    14108    86686 |    56047    49059     19 | 12.329 % |
|   11362814 |     784    14108    86686 |    61651    39284     16 | 12.329 % |
===============================================================================
restarts              : 19196
conflicts             : 12929891       (30345 /sec)
decisions             : 17668444       (0.00 % random) (41466 /sec)
propagations          : 315155760      (739640 /sec)
conflict literals     : 224113606      (7.15 % deleted)
Memory used           : 60.00 MB
CPU time              : 426.093 s

SATISFIABLE
