rn rc t sat cfs dec rts r1 mem ptime stime cfl r s
216 1132 0.008998 1 508 593 5 19438 8.00 0.00 0.00 4317 1 1
216 1132 0.012998 1 510 594 5 23539 8.00 0.00 0.00 4096 1 2
216 1132 0.010998 1 567 627 5 25022 8.00 0.00 0.00 4521 1 3
216 1132 0.012998 1 627 723 6 27547 8.00 0.00 0.00 4773 1 4
216 1132 0.005999 1 166 216 2 5926 8.00 0.00 0.00 1829 1 5
216 1132 0.006998 1 221 258 3 6378 8.00 0.00 0.00 2406 1 6
216 1132 0.021996 1 1400 1598 9 59885 8.00 0.00 0.00 12176 1 7
216 1132 0.012998 1 703 821 6 27685 8.00 0.00 0.00 6310 1 8
216 1132 0.005999 1 205 238 3 7106 8.00 0.00 0.00 2139 1 9
216 1132 0.007998 1 497 551 4 23452 8.00 0.00 0.00 3795 1 10
216 1132 0.003999 1 137 175 2 4563 8.00 0.00 0.00 1507 1 11
216 1132 0.010998 1 547 621 5 25711 8.00 0.00 0.00 4588 1 12
216 1132 0.004999 1 197 238 2 6029 8.00 0.00 0.00 2200 1 13
216 1132 0.005999 1 316 365 3 12152 8.00 0.00 0.00 2923 1 14
216 1132 0.017997 1 957 1104 7 39413 8.00 0.00 0.00 8855 1 15
216 1132 0.014997 1 1034 1165 7 43059 8.00 0.00 0.00 8263 1 16
216 1132 0.016997 1 815 906 7 37380 8.00 0.00 0.00 5751 1 17
216 1132 0.005999 1 497 570 4 21164 8.00 0.00 0.00 4163 1 18
216 1132 0.012998 1 961 1083 7 43931 8.00 0.00 0.00 8301 1 19
216 1132 0.015997 1 885 974 7 39319 8.00 0.00 0.00 6956 1 20
384 2200 0.398939 1 17712 19561 63 1547918 8.00 0.00 0.00 261980 2 1
384 2200 0.675897 1 21739 23338 78 2911498 8.00 0.00 0.00 369686 2 2
384 2200 0.709892 1 31750 34699 117 2811017 8.00 0.00 0.00 468752 2 3
384 2200 0.38994 1 18184 19998 63 1572904 8.00 0.00 0.00 271693 2 4
384 2200 1.69274 1 52577 55324 158 7119423 8.00 0.00 0.00 841390 2 5
384 2200 3.74943 1 114766 119917 308 15510455 8.00 0.00 0.00 1825148 2 6
384 2200 0.069989 1 2382 2684 14 287464 8.00 0.00 0.00 45342 2 7
384 2200 0.221966 1 8923 9994 38 911192 8.00 0.00 0.00 131730 2 8
384 2200 0.077988 1 3324 3989 17 271210 8.00 0.00 0.00 51383 2 9
384 2200 0.32795 1 15708 17630 62 1275062 8.00 0.00 0.00 234326 2 10
384 2200 1.22481 1 58188 62122 187 4697547 8.00 0.00 0.00 776578 2 11
384 2200 5.60015 1 161723 168737 443 22475750 8.00 0.00 0.00 2565737 2 12
384 2200 0.109983 1 3680 4208 19 448426 8.00 0.00 0.00 63028 2 13
384 2200 5.75612 1 167587 175159 452 23112219 8.00 0.00 0.00 2645852 2 14
384 2200 6.93595 1 200872 209264 510 27487423 8.00 0.00 0.00 3228792 2 15
384 2200 0.199969 1 9635 11010 42 811710 8.00 0.00 0.00 142932 2 16
384 2200 0.496924 1 22392 24562 78 1980949 8.00 0.00 0.00 332477 2 17
384 2200 0.878866 1 27954 29613 100 3863962 8.00 0.00 0.00 448401 2 18
384 2200 1.39379 1 64647 68862 195 5169654 8.00 0.00 0.00 930837 2 19
384 2200 0.420936 1 19422 21402 65 1648174 8.00 0.00 0.00 286603 2 20
552 3268 2.07668 1 46371 50192 137 8956950 8.00 0.00 0.01 732950 3 1
552 3268 1.00285 1 21090 23230 76 4211787 8.00 0.00 0.01 333945 3 2
552 3268 1.16882 1 21029 22832 75 4622643 8.00 0.00 0.01 378858 3 3
552 3268 8.35873 1 177750 189462 491 34794695 8.00 0.00 0.01 2748634 3 4
552 3268 0.105983 1 2682 3543 15 397281 8.00 0.00 0.01 43898 3 5
552 3268 1.14482 1 25675 28150 94 5007308 8.00 0.00 0.01 411814 3 6
552 3268 6.47602 1 138838 148544 381 26974714 8.00 0.00 0.00 2183211 3 7
552 3268 3.12852 1 66736 72363 205 13144072 8.00 0.00 0.00 1056018 3 8
552 3268 2.78058 1 61171 66053 190 11857336 8.00 0.00 0.00 971978 3 9
552 3268 0.560914 1 10419 11347 46 2337886 8.00 0.00 0.00 166098 3 10
552 3268 0.035994 1 951 1414 7 125674 8.00 0.00 0.00 14713 3 11
552 3268 0.975851 1 18935 20376 63 4002489 8.00 0.00 0.00 304856 3 12
552 3268 0.395939 1 9016 10319 38 1666449 8.00 0.00 0.01 150797 3 13
552 3268 2.25666 1 48397 52659 145 9544727 8.00 0.00 0.01 760021 3 14
552 3268 3.04654 1 65757 70936 201 12886020 8.00 0.00 0.01 1043141 3 15
552 3268 0.606907 1 13034 14829 58 2590134 8.00 0.00 0.00 213306 3 16
552 3268 2.23366 1 47739 52323 142 9362660 8.00 0.00 0.00 779288 3 17
552 3268 1.64975 1 28846 31297 104 6435328 8.00 0.00 0.01 499036 3 18
552 3268 0.85287 1 16175 17576 63 3494073 8.00 0.00 0.00 277834 3 19
552 3268 3.09453 1 54452 57906 168 11982835 8.00 0.00 0.01 892561 3 20
720 4336 1.09283 1 15206 17337 62 4187137 8.00 0.00 0.01 292827 4 1
720 4336 15.9396 1 252186 266715 588 66094668 8.00 0.00 0.01 3834088 4 2
720 4336 7.9058 1 125346 134668 336 32607246 8.00 0.00 0.01 1977819 4 3
720 4336 2.35464 1 36907 40806 126 9906686 8.00 0.00 0.01 623817 4 4
720 4336 0.227965 1 3321 4111 17 870129 8.00 0.00 0.01 58904 4 5
720 4336 0.98185 1 16164 18452 63 4101878 8.00 0.00 0.01 260600 4 6
720 4336 2.69059 1 34589 37820 125 10365306 8.00 0.00 0.01 600111 4 7
720 4336 1.38279 1 19864 22112 69 5455122 8.00 0.00 0.01 336361 4 8
720 4336 0.512922 1 9100 10622 38 2139953 8.00 0.00 0.01 161686 4 9
720 4336 4.10038 1 65533 71404 200 17113487 8.00 0.00 0.01 1078199 4 10
720 4336 1.15782 1 19545 21921 66 4899298 8.00 0.00 0.01 320997 4 11
720 4336 1.71874 1 23613 26046 85 6688369 8.00 0.00 0.01 405341 4 12
720 4336 9.43356 1 151255 162214 403 38898371 8.00 0.00 0.01 2384005 4 13
720 4336 1.54876 1 25938 29193 94 6531319 8.00 0.00 0.01 421555 4 14
720 4336 1.52277 1 20570 22566 72 6045904 8.00 0.00 0.01 344951 4 15
720 4336 2.94255 1 39796 43268 127 11219084 8.00 0.00 0.01 695283 4 16
720 4336 15.3587 1 249132 266170 574 62323768 8.00 0.00 0.01 3986185 4 17
720 4336 2.6106 1 44266 48610 127 10651784 8.00 0.00 0.01 746348 4 18
720 4336 0.32295 1 5810 6801 30 1355465 8.00 0.00 0.01 94743 4 19
720 4336 17.9013 1 282417 301498 669 71580663 8.00 0.00 0.01 4482415 4 20
888 5404 3.00554 1 30922 34717 113 11638586 8.00 0.00 0.01 538092 5 1
888 5404 6.67598 1 76323 82900 243 27871678 8.00 0.00 0.01 1201630 5 2
888 5404 3.65244 1 39565 43859 127 14133453 8.00 0.01 0.01 683584 5 3
888 5404 3.74143 1 42707 46345 127 15770808 8.00 0.00 0.01 614798 5 4
888 5404 9.06862 1 102279 108863 255 38013923 8.00 0.00 0.01 1549365 5 5
888 5404 0.728889 1 8689 10692 37 2810841 8.00 0.00 0.01 152086 5 6
888 5404 2.51062 1 29448 32902 108 10472464 8.00 0.00 0.01 485229 5 7
888 5404 8.79366 1 84133 91679 254 32740152 8.00 0.00 0.01 1446062 5 8
888 5404 3.64345 1 44463 49111 127 15061711 8.00 0.00 0.01 720238 5 9
888 5404 1.34479 1 14287 16481 61 5258229 8.00 0.01 0.01 242328 5 10
888 5404 5.49516 1 72237 79388 223 22119625 8.00 0.00 0.01 1253852 5 11
888 5404 1.89571 1 22411 25170 78 7972587 8.00 0.00 0.01 375025 5 12
888 5404 0.198969 1 3158 4406 15 789884 8.00 0.00 0.01 51432 5 13
888 5404 2.52262 1 28234 31804 101 10714591 8.00 0.00 0.01 442581 5 14
888 5404 0.369943 1 4743 6168 25 1447373 8.00 0.00 0.01 71630 5 15
888 5404 0.344947 1 4309 6135 22 1313870 8.00 0.00 0.01 71406 5 16
888 5404 1.74274 1 18043 20301 63 6782898 8.00 0.00 0.01 322788 5 17
888 5404 1.15882 1 14157 16216 61 4913822 8.00 0.00 0.01 225224 5 18
888 5404 1.51777 1 16783 19336 63 5870541 8.00 0.00 0.01 295323 5 19
888 5404 2.54761 1 29726 33180 109 10529551 8.00 0.00 0.01 470814 5 20
1056 6472 0.094985 1 1889 3246 13 342610 9.00 0.00 0.01 31055 6 1
1056 6472 2.57461 1 24550 28173 92 10594678 9.00 0.01 0.01 392032 6 2
1056 6472 1.42978 1 13478 16538 60 5731162 9.00 0.01 0.01 194516 6 3
1056 6472 1.67575 1 17209 20037 63 7052628 9.00 0.01 0.01 283800 6 4
1056 6472 1.2978 1 14646 18286 62 5250204 9.00 0.00 0.01 254776 6 5
1056 6472 0.338948 1 5513 7825 29 1305734 9.00 0.01 0.01 98300 6 6
1056 6472 3.69244 1 32947 37160 124 15196926 9.00 0.00 0.01 513000 6 7
1056 6472 1.54676 1 15989 19722 62 6191912 9.00 0.00 0.01 265524 6 8
1056 6472 12.7861 1 116579 125317 316 52139780 9.00 0.00 0.01 1796677 6 9
1056 6472 8.03478 1 63548 69785 190 30376627 9.00 0.00 0.01 1087230 6 10
1056 6472 3.49647 1 30071 34411 109 13587026 9.00 0.00 0.01 493246 6 11
1056 6472 0.483926 1 5649 7894 30 1870316 9.00 0.00 0.01 81210 6 12
1056 6472 1.62175 1 16394 19259 63 6657158 9.00 0.00 0.01 273310 6 13
1056 6472 9.49156 1 93622 102410 255 38542173 9.00 0.00 0.01 1629679 6 14
1056 6472 6.16606 1 56951 62433 180 25487341 9.00 0.00 0.01 918319 6 15
1056 6472 4.33034 1 35950 39949 126 17090921 9.00 0.00 0.01 572440 6 16
1056 6472 0.500923 1 6204 8397 30 1970553 9.00 0.00 0.01 97233 6 17
1056 6472 6.17206 1 48315 53201 145 23807519 9.00 0.01 0.01 791631 6 18
1056 6472 0.186971 1 3032 4450 15 681436 9.00 0.00 0.01 43329 6 19
1056 6472 3.46547 1 33157 37177 124 14265549 9.00 0.00 0.01 531144 6 20
1224 7540 3.87841 1 27055 31258 94 15644488 9.00 0.01 0.01 408122 7 1
1224 7540 8.59269 1 66924 73851 205 35319441 9.00 0.01 0.01 1050792 7 2
1224 7540 6.68498 1 53137 59418 161 26905070 9.00 0.01 0.01 838696 7 3
1224 7540 0.824874 1 7705 10514 31 3257953 9.00 0.01 0.01 114468 7 4
1224 7540 34.8427 1 268222 288851 637 135015725 9.00 0.00 0.01 4842423 7 5
1224 7540 2.09368 1 18555 23350 63 8260872 9.00 0.01 0.01 323843 7 6
1224 7540 13.6059 1 92991 101212 255 52474777 9.00 0.01 0.01 1519506 7 7
1224 7540 2.01369 1 16391 20067 63 8004073 9.00 0.00 0.01 248279 7 8
1224 7540 0.471928 1 5518 8460 29 1753636 9.00 0.00 0.01 81102 7 9
1224 7540 3.74443 1 31780 37582 118 14629487 9.00 0.00 0.01 574230 7 10
1224 7540 12.1252 1 86340 94292 254 48747043 9.00 0.00 0.01 1285930 7 11
1224 7540 14.5998 1 99189 107671 255 54625881 9.00 0.00 0.01 1697764 7 12
1224 7540 1.9527 1 16195 20513 63 7948943 9.00 0.00 0.01 258920 7 13
1224 7540 0.668898 1 8177 11391 33 2523384 9.00 0.01 0.01 135415 7 14
1224 7540 10.4234 1 78889 88006 252 40838264 9.00 0.00 0.01 1393246 7 15
1224 7540 5.53116 1 42476 47386 127 22681278 9.00 0.00 0.01 710139 7 16
1224 7540 4.07738 1 31731 36055 117 16769055 9.00 0.01 0.01 511439 7 17
1224 7540 11.9022 1 87863 96513 254 46101699 9.00 0.00 0.01 1484664 7 18
1224 7540 3.2825 1 25496 30060 93 13328955 9.00 0.01 0.01 402425 7 19
1224 7540 20.7718 1 136077 148136 379 78254984 9.00 0.00 0.01 2318142 7 20
1392 8608 13.8329 1 78800 86705 252 51814060 9.00 0.01 0.01 1390533 8 1
1392 8608 11.9042 1 74758 82394 236 47868155 9.00 0.01 0.01 1147093 8 2
1392 8608 20.011 1 125120 135946 334 79123587 9.00 0.00 0.01 1961634 8 3
1392 8608 3.34749 1 23966 28815 88 13268638 9.00 0.01 0.01 392663 8 4
1392 8608 0.974851 1 10936 15585 46 3613400 9.00 0.00 0.01 188756 8 5
1392 8608 13.5169 1 87762 96598 254 53554668 9.00 0.00 0.01 1528219 8 6
1392 8608 3.24251 1 20769 25680 73 12738969 9.00 0.01 0.01 313359 8 7
1392 8608 2.53461 1 17729 21615 63 10083314 9.00 0.00 0.01 273986 8 8
1392 8608 0.179972 1 2906 5613 15 652086 9.00 0.01 0.02 41695 8 9
1392 8608 0.468928 1 8965 13207 38 1690243 9.00 0.00 0.01 169382 8 10
1392 8608 6.28604 1 39746 45883 127 23601635 9.00 0.01 0.01 691947 8 11
1392 8608 0.246962 1 4757 8219 25 866765 9.00 0.01 0.01 80988 8 12
1392 8608 12.6031 1 71298 79017 221 47208732 9.00 0.01 0.01 1226288 8 13
1392 8608 3.45647 1 25562 31621 93 13659877 9.00 0.00 0.01 435526 8 14
1392 8608 1.25881 1 10844 14381 46 4864276 9.00 0.01 0.01 167933 8 15
1392 8608 20.6629 1 125729 135531 339 82858678 9.00 0.01 0.01 1793663 8 16
1392 8608 6.24805 1 42127 49121 127 24275888 9.00 0.00 0.01 725436 8 17
1392 8608 2.6426 1 17963 22535 63 10521913 9.00 0.01 0.01 283753 8 18
1392 8608 7.00993 1 38402 43588 126 27885385 9.00 0.01 0.01 512356 8 19
1392 8608 2.6036 1 18154 22468 63 9854388 9.00 0.01 0.01 313145 8 20
1560 9676 12.861 1 67943 76902 211 51216634 9.00 0.01 0.01 1013049 9 1
1560 9676 2.21666 1 14323 19063 61 8697305 9.00 0.01 0.01 224213 9 2
1560 9676 2.47262 1 14645 18769 62 9705365 9.00 0.00 0.01 223637 9 3
1560 9676 5.15322 1 29512 35642 108 19215243 9.00 0.00 0.01 566061 9 4
1560 9676 3.72043 1 28335 36339 101 14083834 9.00 0.00 0.01 512040 9 5
1560 9676 1.72274 1 11080 15543 46 6617741 9.00 0.01 0.01 160193 9 6
1560 9676 8.33973 1 51732 59788 158 33107469 9.00 0.00 0.02 850752 9 7
1560 9676 4.44932 1 29007 35127 106 17653535 9.00 0.00 0.01 511415 9 8
1560 9676 8.38972 1 46103 51842 135 33855927 9.00 0.00 0.01 666326 9 9
1560 9676 0.32795 1 6345 10913 30 1150195 9.00 0.01 0.02 126856 9 10
1560 9676 2.31065 1 13594 18092 60 9069205 9.00 0.00 0.01 188291 9 11
1560 9676 3.00754 1 19240 24451 64 11799406 9.00 0.01 0.01 322405 9 12
1560 9676 5.60415 1 33606 39879 124 22482381 9.00 0.00 0.01 554251 9 13
1560 9676 5.66314 1 33076 38757 124 22837984 9.00 0.01 0.02 528675 9 14
1560 9676 7.56485 1 44530 51482 127 30156635 9.00 0.01 0.01 693788 9 15
1560 9676 0.672897 1 6782 11115 31 2382441 9.00 0.01 0.02 124747 9 16
1560 9676 23.3964 1 131568 144087 361 92280848 9.00 0.01 0.01 2173588 9 17
1560 9676 2.69959 1 20033 25639 69 10564246 9.00 0.00 0.01 355782 9 18
1560 9676 1.64875 1 11581 16149 49 6313049 9.00 0.00 0.01 167520 9 19
1560 9676 7.8638 1 45568 52111 133 31443602 9.00 0.01 0.02 722569 9 20
1728 10744 10.3644 1 53137 63375 161 39949208 9.00 0.01 0.01 809848 10 1
1728 10744 16.2605 1 76432 85651 243 62122723 9.00 0.01 0.02 1214357 10 2
1728 10744 2.53161 1 15709 21913 62 9491502 9.00 0.01 0.02 247023 10 3
1728 10744 3.74343 1 26029 34340 94 14337834 9.00 0.01 0.02 492726 10 4
1728 10744 5.85611 1 29952 36988 109 22767674 9.00 0.01 0.02 469266 10 5
1728 10744 8.04778 1 40655 48049 127 31664875 9.00 0.01 0.02 624336 10 6
1728 10744 9.2306 1 46786 54893 140 35845391 9.00 0.01 0.02 713367 10 7
1728 10744 13.9519 1 70672 80363 221 54489152 9.00 0.01 0.02 1139360 10 8
1728 10744 1.34479 1 10959 16828 46 4981630 9.00 0.01 0.02 198620 10 9
1728 10744 1.66975 1 10312 15005 45 6423550 9.00 0.01 0.02 180972 10 10
1728 10744 0.754885 1 9581 15664 41 2771780 9.00 0.01 0.02 179505 10 11
1728 10744 5.83811 1 30568 37662 110 22822340 9.00 0.01 0.02 497669 10 12
1728 10744 11.3933 1 58646 67165 188 45366320 9.00 0.01 0.01 937885 10 13
1728 10744 2.48562 1 14327 19445 61 9689805 9.00 0.01 0.02 216303 10 14
1728 10744 4.80527 1 26759 33771 94 18764649 9.00 0.01 0.02 431362 10 15
1728 10744 10.8104 1 51221 59466 157 42821261 9.00 0.01 0.02 805835 10 16
1728 10744 12.84 1 57041 66159 180 51277270 9.00 0.01 0.02 800340 10 17
1728 10744 11.7502 1 62017 72926 190 46126275 9.00 0.01 0.02 1033403 10 18
1728 10744 10.0315 1 49059 58008 149 38987720 9.00 0.01 0.02 752527 10 19
1728 10744 24.7862 1 113186 125306 301 96034237 9.00 0.00 0.02 1618343 10 20
1896 11812 8.99863 1 39120 45979 127 35557791 9.00 0.01 0.02 572859 11 1
1896 11812 4.98224 1 26231 34450 94 19091008 9.00 0.01 0.02 457895 11 2
1896 11812 18.3082 1 78811 89564 252 71091530 9.00 0.01 0.02 1207110 11 3
1896 11812 5.17521 1 26645 34964 94 19431838 9.00 0.01 0.02 458465 11 4
1896 11812 2.46563 1 15377 22094 62 9400797 9.00 0.01 0.02 270211 11 5
1896 11812 18.0273 1 77609 88249 250 71081305 9.00 0.01 0.02 1200270 11 6
1896 11812 2.76358 1 20283 28690 70 10135745 9.00 0.01 0.02 401047 11 7
1896 11812 8.22075 1 36936 45403 126 30746455 9.00 0.01 0.02 631505 11 8
1896 11812 5.30619 1 34674 45898 125 18088878 9.00 0.01 0.02 799069 11 9
1896 11812 2.50162 1 14399 20271 61 9488722 9.00 0.01 0.02 226514 11 10
1896 11812 6.78297 1 31669 39899 117 26041138 9.00 0.01 0.02 543635 11 11
1896 11812 1.03784 1 11181 17397 46 3751377 9.00 0.01 0.02 209838 11 12
1896 11812 26.588 1 114037 125207 304 105287584 9.00 0.01 0.02 1710476 11 13
1896 11812 9.59654 1 46022 54094 134 37819459 9.00 0.01 0.02 709956 11 14
1896 11812 16.2435 1 71324 81479 221 62989397 9.00 0.01 0.02 1130117 11 15
1896 11812 18.7062 1 81246 92312 253 74184219 9.00 0.01 0.02 1222212 11 16
1896 11812 23.3015 1 96442 107267 255 86139718 9.00 0.01 0.02 1566850 11 17
1896 11812 0.987849 1 11851 18650 52 3397102 9.00 0.01 0.02 255134 11 18
1896 11812 23.2415 1 94318 103690 255 92596933 9.00 0.01 0.02 1322887 11 19
1896 11812 6.57 1 31035 39177 114 25596833 9.00 0.01 0.02 464312 11 20
2064 12880 9.51455 1 36654 44612 126 37379952 9.00 0.01 0.02 514282 12 1
2064 12880 0.509922 1 11300 18590 47 1828127 9.00 0.01 0.02 271790 12 2
2064 12880 12.0942 1 48684 59497 148 43517798 9.00 0.01 0.02 886121 12 3
2064 12880 5.47717 1 26453 35275 94 20758709 9.00 0.01 0.02 445727 12 4
2064 12880 13.9319 1 59397 69858 189 55126146 9.00 0.01 0.02 997470 12 5
2064 12880 6.34304 1 32336 40437 122 24316560 9.00 0.01 0.02 593784 12 6
2064 12880 9.78451 1 40053 48685 127 38469228 9.00 0.01 0.02 592518 12 7
2064 12880 8.69068 1 34652 43783 125 33484512 9.00 0.01 0.02 494178 12 8
2064 12880 13.368 1 51539 61682 158 51889916 9.00 0.01 0.02 709370 12 9
2064 12880 15.1037 1 61634 72059 190 58922855 9.00 0.01 0.02 944098 12 10
2064 12880 5.20021 1 27255 35530 95 19888697 9.00 0.01 0.02 482377 12 11
2064 12880 6.02808 1 25074 32807 93 23410963 9.00 0.01 0.02 372112 12 12
2064 12880 10.5294 1 47012 57193 141 40523518 9.00 0.01 0.02 835370 12 13
2064 12880 20.7868 1 82470 93448 253 81622082 9.00 0.01 0.02 1287082 12 14
2064 12880 27.8378 1 111566 124892 293 106991801 9.00 0.01 0.02 1812169 12 15
2064 12880 14.7548 1 62787 73878 190 56448074 9.00 0.01 0.02 1058021 12 16
2064 12880 7.2579 1 33399 43963 124 27608820 9.00 0.01 0.02 529411 12 17
2064 12880 11.3243 1 47858 57871 142 44168641 9.00 0.01 0.02 759068 12 18
2064 12880 0.671897 1 9878 16113 44 2364535 9.00 0.01 0.02 231939 12 19
2064 12880 23.3035 1 93419 105221 255 92133528 9.00 0.01 0.02 1539249 12 20
2232 13948 6.45702 1 27716 37697 98 24309993 10.00 0.01 0.02 460124 13 1
2232 13948 11.3533 1 39228 47046 127 44072917 10.00 0.01 0.02 528321 13 2
2232 13948 2.6436 1 19029 28099 63 9446902 10.00 0.01 0.02 428134 13 3
2232 13948 0.284956 1 8629 16114 37 1001551 10.00 0.01 0.02 174800 13 4
2232 13948 2.66659 1 14015 21958 61 9503895 10.00 0.01 0.02 240682 13 5
2232 13948 25.3042 1 109385 128794 286 94452022 10.00 0.01 0.02 2078205 13 6
2232 13948 11.1613 1 43820 52367 127 43719266 10.00 0.01 0.02 718771 13 7
2232 13948 4.63929 1 21606 29094 77 18012631 10.00 0.01 0.02 362270 13 8
2232 13948 21.8467 1 75142 87018 236 86766034 10.00 0.01 0.02 1133439 13 9
2232 13948 7.8658 1 39201 50620 127 29459204 10.00 0.01 0.02 751789 13 10
2232 13948 3.3035 1 20523 30545 71 11738457 10.00 0.01 0.02 425383 13 11
2232 13948 4.87426 1 31853 44264 118 17924172 10.00 0.01 0.02 680754 13 12
2232 13948 20.2489 1 92867 110316 255 75075190 10.00 0.01 0.02 1812273 13 13
2232 13948 18.7032 1 71655 82847 221 72477362 10.00 0.00 0.02 1150711 13 14
2232 13948 2.36664 1 23841 34725 87 8182605 10.00 0.01 0.02 537370 13 15
2232 13948 7.41287 1 38084 51292 126 25238039 10.00 0.01 0.02 862708 13 16
2232 13948 33.9108 1 123913 138576 332 131258849 10.00 0.01 0.02 2009564 13 17
2232 13948 17.1834 1 59367 70000 189 66525510 10.00 0.01 0.02 857109 13 18
2232 13948 12.1921 1 49768 59991 153 47094080 10.00 0.01 0.02 817595 13 19
2232 13948 1.63275 1 28374 41916 101 5794050 10.00 0.01 0.02 782147 13 20
2400 15016 13.6709 1 53820 66665 165 51071872 9.00 0.01 0.02 958172 14 1
2400 15016 20.2469 1 79313 96086 252 75758573 10.00 0.01 0.02 1426016 14 2
2400 15016 19.1661 1 66556 79316 205 74059098 10.00 0.01 0.02 1061278 14 3
2400 15016 5.64514 1 26771 38079 94 20780925 9.00 0.01 0.02 495881 14 4
2400 15016 3.9454 1 20903 30432 74 14433679 9.00 0.01 0.02 387055 14 5
2400 15016 8.28574 1 35146 46086 125 30626257 9.00 0.01 0.02 689001 14 6
2400 15016 42.0456 1 153726 172189 412 158667953 11.00 0.01 0.02 2745017 14 7
2400 15016 70.4153 1 247159 269757 574 269173850 12.00 0.01 0.02 3902865 14 8
2400 15016 8.64069 1 36419 48421 126 30993311 9.00 0.01 0.02 644731 14 9
2400 15016 24.0743 1 79348 94032 252 93183825 10.00 0.01 0.02 1238215 14 10
2400 15016 10.8913 1 45561 57979 133 40828503 10.00 0.01 0.02 813677 14 11
2400 15016 7.2109 1 26783 36549 94 26967729 10.00 0.01 0.02 393721 14 12
2400 15016 2.22666 1 14169 22056 61 7888423 10.00 0.00 0.02 296845 14 13
2400 15016 3.54646 1 22624 33398 80 12617506 10.00 0.01 0.02 432504 14 14
2400 15016 5.68713 1 25176 35524 93 21117128 10.00 0.01 0.02 431590 14 15
2400 15016 10.5644 1 37949 48929 126 40238054 10.00 0.01 0.02 618058 14 16
2400 15016 9.67053 1 42160 55530 127 34494993 10.00 0.01 0.02 888936 14 17
2400 15016 0.953854 1 15004 24963 62 3274445 10.00 0.01 0.02 335479 14 18
2400 15016 18.7491 1 66917 79166 205 71599910 10.00 0.01 0.02 1096740 14 19
2400 15016 60.2548 1 195419 213045 510 234698087 11.00 0.01 0.02 2982458 14 20
2568 16084 11.0343 1 49351 64128 150 40411772 10.00 0.01 0.02 1099200 15 1
2568 16084 19.548 1 55064 66524 172 75926037 10.00 0.01 0.02 717997 15 2
2568 16084 1.70574 1 13034 23480 59 5929629 10.00 0.01 0.03 259384 15 3
2568 16084 11.0313 1 35640 44616 126 42799451 10.00 0.01 0.02 539439 15 4
2568 16084 3.14652 1 21371 33635 77 11179950 10.00 0.01 0.02 464777 15 5
2568 16084 10.0445 1 32411 41005 122 38694948 10.00 0.01 0.02 486038 15 6
2568 16084 21.5717 1 69133 82654 218 81027212 10.00 0.01 0.02 1086550 15 7
2568 16084 9.42957 1 33986 44902 125 35287841 10.00 0.01 0.03 571849 15 8
2568 16084 39.584 1 136493 159115 380 147055478 12.00 0.01 0.02 2584890 15 9
2568 16084 9.26159 1 42492 56918 127 33752907 10.00 0.01 0.02 908379 15 10
2568 16084 6.42202 1 24232 35011 90 24066821 10.00 0.01 0.02 391538 15 11
2568 16084 26.8599 1 84924 102078 254 99420802 10.00 0.01 0.02 1385192 15 12
2568 16084 3.83542 1 25225 36985 93 13491148 10.00 0.01 0.02 537119 15 13
2568 16084 12.1641 1 40132 50098 127 46949765 10.00 0.01 0.03 665121 15 14
2568 16084 10.0405 1 35985 47013 126 37987000 10.00 0.01 0.02 569241 15 15
2568 16084 9.11861 1 35569 48521 126 33578773 10.00 0.01 0.02 612449 15 16
2568 16084 1.52877 1 13408 23547 60 5077275 10.00 0.01 0.03 254678 15 17
2568 16084 1.63275 1 17705 29190 63 5779045 10.00 0.01 0.02 439065 15 18
2568 16084 7.08692 1 29589 41172 108 26254365 10.00 0.01 0.03 523868 15 19
2568 16084 7.32689 1 29611 40819 108 27149033 10.00 0.01 0.03 544688 15 20
2736 17152 13.4889 1 43769 55900 127 48449401 10.00 0.01 0.03 791379 16 1
2736 17152 17.4413 1 49322 60232 150 67638050 10.00 0.01 0.02 738307 16 2
2736 17152 18.7431 1 53260 65061 161 71310810 10.00 0.01 0.03 763664 16 3
2736 17152 4.83926 1 26471 38298 94 17493477 10.00 0.01 0.03 566843 16 4
2736 17152 21.1798 1 68313 83438 212 79672562 11.00 0.01 0.03 1195337 16 5
2736 17152 44.5152 1 124232 139574 333 170102653 10.00 0.01 0.03 1764552 16 6
2736 17152 23.3025 1 67723 81237 209 90598778 10.00 0.01 0.03 1067907 16 7
2736 17152 3.02754 1 30015 45432 109 9766583 10.00 0.01 0.03 866202 16 8
2736 17152 11.6722 1 38622 52182 127 43451543 10.00 0.01 0.03 646605 16 9
2736 17152 14.9707 1 48391 61147 145 56177276 10.00 0.01 0.03 756164 16 10
2736 17152 10.2534 1 34371 46055 125 38791820 10.00 0.01 0.03 564059 16 11
2736 17152 12.908 1 45273 57968 130 48057540 10.00 0.01 0.03 835097 16 12
2736 17152 7.95379 1 28321 41065 101 28710896 10.00 0.01 0.03 498099 16 13
2736 17152 2.33564 1 13260 22386 60 8519344 10.00 0.01 0.03 241065 16 14
2736 17152 0.814876 1 13070 23019 59 2948632 10.00 0.01 0.03 327735 16 15
2736 17152 16.9914 1 50576 64025 157 64734552 10.00 0.01 0.03 843879 16 16
2736 17152 1.08384 1 14682 26385 62 3712901 10.00 0.01 0.03 311612 16 17
2736 17152 34.3218 1 89387 103682 254 132151161 10.00 0.01 0.03 1202463 16 18
2736 17152 14.7638 1 43915 55794 127 57155091 10.00 0.01 0.02 663020 16 19
2736 17152 1.20682 1 11775 21325 51 4251805 10.00 0.01 0.03 232256 16 20
2904 18220 13.359 1 48830 65107 148 49417553 10.00 0.01 0.03 932163 17 1
2904 18220 6.33804 1 25145 38255 93 23135019 10.00 0.01 0.03 475903 17 2
2904 18220 20.6399 1 63839 79961 190 77680727 10.00 0.01 0.03 1075141 17 3
2904 18220 30.7373 1 89106 105322 254 117838110 11.00 0.01 0.03 1491407 17 4
2904 18220 7.57885 1 26699 39408 94 28452649 10.00 0.01 0.03 472986 17 5
2904 18220 26.393 1 81700 102592 253 96847338 11.00 0.01 0.03 1399585 17 6
2904 18220 10.8663 1 35385 48246 126 40718091 10.00 0.01 0.03 556141 17 7
2904 18220 1.71074 1 17007 29883 63 5916152 10.00 0.01 0.03 355763 17 8
2904 18220 5.51916 1 21213 31331 76 20417559 10.00 0.01 0.03 366921 17 9
2904 18220 40.5648 1 103402 118230 262 157596790 11.00 0.01 0.03 1401585 17 10
2904 18220 12.877 1 36698 49024 126 48903708 10.00 0.01 0.03 560903 17 11
2904 18220 49.8434 1 133293 152254 367 187365138 11.00 0.01 0.03 2026089 17 12
2904 18220 31.0343 1 98273 115196 255 117782464 11.00 0.01 0.03 1720640 17 13
2904 18220 9.09562 1 38726 53391 127 32482003 10.00 0.01 0.03 812582 17 14
2904 18220 25.4021 1 79024 98346 252 93365266 10.00 0.01 0.03 1427831 17 15
2904 18220 21.2868 1 69077 84771 217 81008458 10.00 0.01 0.03 1175442 17 16
2904 18220 7.54885 1 29658 42408 108 27748880 10.00 0.01 0.03 588166 17 17
2904 18220 28.0097 1 74670 88594 236 107551687 10.00 0.01 0.03 1089761 17 18
2904 18220 0.901862 1 10648 22267 46 3284255 10.00 0.01 0.03 211221 17 19
2904 18220 30.3144 1 86793 105928 254 107407018 11.00 0.01 0.03 1651538 17 20
3072 19288 10.7244 1 49256 68817 149 37270651 10.00 0.01 0.03 1128173 18 1
3072 19288 13.287 1 40697 53656 127 50341823 10.00 0.01 0.03 638901 18 2
3072 19288 24.1893 1 63093 78937 190 91404880 11.00 0.01 0.03 969121 18 3
3072 19288 22.9465 1 75446 98195 238 82385188 12.00 0.01 0.03 1514225 18 4
3072 19288 54.6307 1 136354 156691 380 208231775 12.00 0.01 0.03 2067844 18 5
3072 19288 12.948 1 38365 53603 126 47957492 10.00 0.01 0.03 613412 18 6
3072 19288 27.8498 1 77188 94737 249 104121844 11.00 0.01 0.03 1304440 18 7
3072 19288 28.0937 1 75111 92368 236 103839768 11.00 0.01 0.03 1231135 18 8
3072 19288 40.8958 1 108908 130399 285 144295192 12.00 0.01 0.03 1990683 18 9
3072 19288 9.11861 1 31361 44390 116 33523073 10.00 0.01 0.03 580840 18 10
3072 19288 17.4214 1 48690 62840 148 65469495 10.00 0.02 0.03 816975 18 11
3072 19288 22.6336 1 71607 94681 221 81475592 10.00 0.01 0.03 1391004 18 12
3072 19288 21.5627 1 62065 77544 190 81635842 11.00 0.01 0.03 1078636 18 13
3072 19288 8.69768 1 32808 47206 123 31600074 10.00 0.01 0.03 634295 18 14
3072 19288 17.0564 1 49349 63271 150 62997647 10.00 0.01 0.03 913720 18 15
3072 19288 43.6254 1 126296 151682 341 161508292 13.00 0.01 0.03 2244124 18 16
3072 19288 8.33873 1 31859 45843 118 29722443 10.00 0.01 0.03 635513 18 17
3072 19288 5.72813 1 23996 36766 88 20950083 10.00 0.01 0.03 453741 18 18
3072 19288 5.38218 1 21686 34694 78 19422775 10.00 0.01 0.03 406645 18 19
3072 19288 7.04593 1 35234 52105 125 24345685 10.00 0.01 0.03 738823 18 20
3240 20356 17.3324 1 53748 72162 165 63170502 11.00 0.01 0.03 1052577 19 1
3240 20356 16.2485 1 44020 59354 127 59870803 10.00 0.01 0.03 664626 19 2
3240 20356 10.7874 1 47831 71150 142 37250084 12.00 0.01 0.03 1126592 19 3
3240 20356 9.08762 1 28321 41886 101 32507477 10.00 0.01 0.03 484641 19 4
3240 20356 23.6844 1 64278 83905 192 87815089 10.00 0.01 0.03 1073666 19 5
3240 20356 17.7863 1 47793 64119 142 66537794 10.00 0.01 0.03 755585 19 6
3240 20356 5.64914 1 20649 32481 73 20172030 10.00 0.01 0.03 347911 19 7
3240 20356 32.613 1 82001 97728 253 125830983 12.00 0.02 0.03 1244247 19 8
3240 20356 2.6556 1 33753 53807 125 9314100 12.00 0.02 0.03 923451 19 9
3240 20356 6.94794 1 28301 43060 101 24512520 10.00 0.01 0.03 605364 19 10
3240 20356 29.4935 1 68724 85100 214 111801821 11.00 0.01 0.03 940009 19 11
3240 20356 4.16337 1 18605 33337 63 14209722 10.00 0.01 0.03 320338 19 12
3240 20356 17.2674 1 55707 73817 173 63482075 11.00 0.02 0.03 977482 19 13
3240 20356 21.9387 1 56830 74105 179 82279553 10.00 0.01 0.03 939816 19 14
3240 20356 21.8477 1 53677 68596 164 81539808 10.00 0.01 0.03 797455 19 15
3240 20356 18.9021 1 57291 74457 180 71993102 11.00 0.01 0.03 1021373 19 16
3240 20356 4.73628 1 17395 29443 63 16955744 10.00 0.01 0.03 294951 19 17
3240 20356 12.4541 1 39486 56305 127 44696190 10.00 0.01 0.03 686560 19 18
3240 20356 17.0574 1 50362 68034 156 63167819 11.00 0.01 0.03 850903 19 19
3240 20356 25.6811 1 65384 82398 198 96073921 11.00 0.01 0.03 1059229 19 20
3408 21424 13.7609 1 52042 72577 158 47987097 12.00 0.01 0.03 1138026 20 1
3408 21424 21.4477 1 56079 72058 173 81570087 11.00 0.01 0.03 902009 20 2
3408 21424 4.25435 1 24332 40059 91 15051877 10.00 0.02 0.03 525104 20 3
3408 21424 12.0392 1 36779 53235 126 43356906 10.00 0.01 0.03 650825 20 4
3408 21424 6.63999 1 34043 55117 125 22554985 10.00 0.02 0.03 778490 20 5
3408 21424 2.28965 1 15882 31027 62 7841129 10.00 0.01 0.03 319152 20 6
3408 21424 8.48671 1 41202 64836 127 30273336 11.00 0.01 0.03 876223 20 7
3408 21424 13.9969 1 42938 60094 127 52315680 10.00 0.01 0.03 746352 20 8
3408 21424 45.4821 1 98295 119055 255 173520819 12.00 0.01 0.03 1440906 20 9
3408 21424 18.9111 1 49573 67052 152 68731379 11.00 0.01 0.03 839381 20 10
3408 21424 7.2399 1 29777 44692 109 25406819 10.00 0.01 0.03 625719 20 11
3408 21424 19.1101 1 49464 65359 151 72158118 11.00 0.01 0.03 808599 20 12
3408 21424 0.823874 1 14723 29199 62 2887653 10.00 0.01 0.03 320037 20 13
3408 21424 16.7934 1 47996 66015 142 61881039 11.00 0.01 0.03 834296 20 14
3408 21424 13.08 1 49429 70075 151 45903956 11.00 0.01 0.03 1096816 20 15
3408 21424 33.6089 1 80563 102164 253 124753270 12.00 0.01 0.03 1330103 20 16
3408 21424 23.6374 1 95967 128352 255 83992636 13.00 0.01 0.03 2122412 20 17
3408 21424 4.50731 1 20978 34509 75 15479919 10.00 0.01 0.03 398250 20 18
3408 21424 5.30619 1 33041 51606 124 18231751 11.00 0.02 0.03 794282 20 19
3408 21424 11.1643 1 41581 58240 127 39936046 11.00 0.01 0.03 824670 20 20
