WARNING: for repeatability, setting FPU to use double precision
============================[ Problem Statistics ]=============================
|                                                                             |
|  Number of variables:          1328                                         |
|  Number of clauses:           17248                                         |
|  Parse time:                   0.01 s                                       |
|  Eliminated clauses:           0.01 Mb                                      |
|  Simplification time:          0.06 s                                       |
|                                                                             |
=============================[ Search Statistics ]==============================
| Conflicts  |          ORIGINAL         |          LEARNT          | Progress |
|            |    Vars  Clauses Literals |    Limit  Clauses Lit/Cl |          |
================================================================================
|        100 |     896    16128    99088 |     5913      100     13 | 12.048 % |
|        250 |     896    16128    99088 |     6504      250     13 | 12.048 % |
|        475 |     896    16128    99088 |     7155      475     14 | 12.048 % |
|        812 |     896    16128    99088 |     7871      812     14 | 12.048 % |
|       1318 |     896    16128    99088 |     8658     1318     15 | 12.048 % |
|       2077 |     896    16128    99088 |     9523     2077     15 | 12.048 % |
|       3216 |     896    16128    99088 |    10476     3216     15 | 12.048 % |
|       4924 |     896    16128    99088 |    11523     4924     14 | 12.048 % |
|       7486 |     896    16128    99088 |    12676     7486     15 | 12.048 % |
|      11330 |     896    16128    99088 |    13943    11330     15 | 12.048 % |
|      17096 |     896    16128    99088 |    15338    10019     15 | 12.048 % |
|      25745 |     896    16128    99088 |    16872    10883     15 | 12.048 % |
|      38719 |     896    16128    99088 |    18559    15311     15 | 12.048 % |
|      58180 |     896    16128    99088 |    20415    15987     14 | 12.048 % |
|      87372 |     896    16128    99088 |    22456    14107     15 | 12.048 % |
|     131161 |     896    16128    99088 |    24702    12447     14 | 12.048 % |
|     196845 |     896    16128    99088 |    27172    15696     15 | 12.048 % |
|     295371 |     896    16128    99088 |    29890    15227     14 | 12.048 % |
|     443160 |     896    16128    99088 |    32879    17685     15 | 12.048 % |
|     664843 |     896    16128    99088 |    36167    17839     14 | 12.048 % |
|     997368 |     896    16128    99088 |    39783    13397     16 | 12.048 % |
|    1496156 |     896    16128    99088 |    43762    30060     14 | 12.048 % |
|    2244338 |     896    16128    99088 |    48138    24148     26 | 12.048 % |
|    3366612 |     896    16128    99088 |    52952    42216     15 | 12.048 % |
|    5050023 |     896    16128    99088 |    58247    48095     18 | 12.048 % |
|    7575139 |     896    16128    99088 |    64072    22892     17 | 12.048 % |
|   11362814 |     896    16128    99088 |    70479    25524     16 | 12.048 % |
|   17044326 |     896    16128    99088 |    77527    69479     16 | 12.048 % |
|   25566595 |     896    16128    99088 |    85279    41159     16 | 12.048 % |
|   38349998 |     896    16128    99088 |    93807    70902     21 | 12.048 % |
|   57525103 |     896    16128    99088 |   103188    50482     17 | 12.048 % |
|   86287761 |     896    16128    99088 |   113507    71197     16 | 12.048 % |
|  129431749 |     896    16128    99088 |   124858    82164     19 | 12.048 % |
|  194147731 |     896    16128    99088 |   137344    54875     15 | 12.048 % |
|  291221704 |     896    16128    99088 |   151078   131506     16 | 12.048 % |
===============================================================================
restarts              : 367352
conflicts             : 317082397      (10836 /sec)
decisions             : 397911302      (0.00 % random) (13599 /sec)
propagations          : 12876878698    (440068 /sec)
conflict literals     : 6030397943     (9.93 % deleted)
Memory used           : 341.00 MB
CPU time              : 29261.1 s

SATISFIABLE
