WARNING: for repeatability, setting FPU to use double precision
============================[ Problem Statistics ]=============================
|                                                                             |
|  Number of variables:          1088                                         |
|  Number of clauses:           14026                                         |
|  Parse time:                   0.01 s                                       |
|  Eliminated clauses:           0.01 Mb                                      |
|  Simplification time:          0.05 s                                       |
|                                                                             |
=============================[ Search Statistics ]==============================
| Conflicts  |          ORIGINAL         |          LEARNT          | Progress |
|            |    Vars  Clauses Literals |    Limit  Clauses Lit/Cl |          |
================================================================================
|        100 |     728    13098    80485 |     4802      100     15 | 12.500 % |
|        250 |     728    13098    80485 |     5282      250     14 | 12.500 % |
|        475 |     728    13098    80485 |     5811      475     14 | 12.500 % |
|        812 |     728    13098    80485 |     6392      812     14 | 12.500 % |
|       1318 |     728    13098    80485 |     7031     1318     15 | 12.500 % |
|       2077 |     728    13098    80485 |     7734     2077     14 | 12.500 % |
|       3216 |     728    13098    80485 |     8508     3216     15 | 12.500 % |
|       4924 |     728    13098    80485 |     9358     4924     15 | 12.500 % |
|       7486 |     728    13098    80485 |    10294     7486     15 | 12.500 % |
|      11330 |     728    13098    80485 |    11324     6113     15 | 12.500 % |
|      17096 |     728    13098    80485 |    12456     6106     14 | 12.500 % |
|      25745 |     728    13098    80485 |    13702     8428     14 | 12.500 % |
|      38719 |     728    13098    80485 |    15072     7472     15 | 12.500 % |
|      58180 |     728    13098    80485 |    16579    11690     14 | 12.500 % |
|      87372 |     728    13098    80485 |    18237    15629     15 | 12.500 % |
|     131161 |     728    13098    80485 |    20061    13335     14 | 12.500 % |
|     196845 |     728    13098    80485 |    22067    18011     15 | 12.500 % |
|     295371 |     728    13098    80485 |    24274    16138     14 | 12.500 % |
|     443160 |     728    13098    80485 |    26702    16794     15 | 12.500 % |
|     664843 |     728    13098    80485 |    29372    20445     15 | 12.500 % |
|     997368 |     728    13098    80485 |    32309    16692     16 | 12.500 % |
|    1496156 |     728    13098    80485 |    35540    16358     14 | 12.500 % |
|    2244338 |     728    13098    80485 |    39094    26121     16 | 12.500 % |
|    3366612 |     728    13098    80485 |    43003    27193     15 | 12.500 % |
|    5050023 |     728    13098    80485 |    47304    27703     18 | 12.500 % |
|    7575139 |     728    13098    80485 |    52034    22284     15 | 12.500 % |
|   11362814 |     728    13098    80485 |    57238    27599     17 | 12.500 % |
|   17044326 |     728    13098    80485 |    62962    26816     22 | 12.500 % |
|   25566595 |     728    13098    80485 |    69258    33328     15 | 12.500 % |
|   38349998 |     728    13098    80485 |    76184    68616     17 | 12.500 % |
|   57525103 |     728    13098    80485 |    83802    55570     21 | 12.500 % |
|   86287761 |     728    13098    80485 |    92182    83032     16 | 12.500 % |
|  129431749 |     728    13098    80485 |   101401    61071     17 | 12.500 % |
|  194147731 |     728    13098    80485 |   111541    71506     16 | 12.500 % |
|  291221704 |     728    13098    80485 |   122695    58911     15 | 12.500 % |
===============================================================================
restarts              : 342930
conflicts             : 297882235      (11418 /sec)
decisions             : 365291252      (0.00 % random) (14002 /sec)
propagations          : 12262666851    (470033 /sec)
conflict literals     : 5659655130     (10.00 % deleted)
Memory used           : 265.00 MB
CPU time              : 26088.9 s

SATISFIABLE
