WARNING: for repeatability, setting FPU to use double precision
============================[ Problem Statistics ]=============================
|                                                                             |
|  Number of variables:          1408                                         |
|  Number of clauses:           18322                                         |
|  Parse time:                   0.01 s                                       |
|  Eliminated clauses:           0.01 Mb                                      |
|  Simplification time:          0.06 s                                       |
|                                                                             |
=============================[ Search Statistics ]==============================
| Conflicts  |          ORIGINAL         |          LEARNT          | Progress |
|            |    Vars  Clauses Literals |    Limit  Clauses Lit/Cl |          |
================================================================================
|        100 |     952    17138   105289 |     6283      100     14 | 11.932 % |
|        250 |     952    17138   105289 |     6912      250     13 | 11.932 % |
|        475 |     952    17138   105289 |     7603      475     14 | 11.932 % |
|        812 |     952    17138   105289 |     8363      812     15 | 11.932 % |
|       1318 |     952    17138   105289 |     9200     1318     15 | 11.932 % |
|       2077 |     952    17138   105289 |    10120     2077     14 | 11.932 % |
|       3216 |     952    17138   105289 |    11132     3216     15 | 11.932 % |
|       4924 |     952    17138   105289 |    12245     4924     15 | 11.932 % |
|       7486 |     952    17138   105289 |    13470     7486     15 | 11.932 % |
|      11330 |     952    17138   105289 |    14817    11330     15 | 11.932 % |
|      17096 |     952    17138   105289 |    16298     9545     14 | 11.932 % |
|      25745 |     952    17138   105289 |    17928     9944     14 | 11.932 % |
|      38719 |     952    17138   105289 |    19721    13600     14 | 11.932 % |
|      58180 |     952    17138   105289 |    21693    12983     14 | 11.932 % |
|      87372 |     952    17138   105289 |    23863    20075     15 | 11.932 % |
|     131161 |     952    17138   105289 |    26249    15581     15 | 11.932 % |
|     196845 |     952    17138   105289 |    28874    14750     15 | 11.932 % |
|     295371 |     952    17138   105289 |    31761    21959     14 | 11.932 % |
|     443160 |     952    17138   105289 |    34938    31704     15 | 11.932 % |
|     664843 |     952    17138   105289 |    38431    20358     15 | 11.932 % |
|     997368 |     952    17138   105289 |    42275    37305     17 | 11.932 % |
|    1496156 |     952    17138   105289 |    46502    26852     14 | 11.932 % |
|    2244338 |     952    17138   105289 |    51152    38715     17 | 11.932 % |
|    3366612 |     952    17138   105289 |    56268    37237     14 | 11.932 % |
|    5050023 |     952    17138   105289 |    61895    53919     17 | 11.932 % |
|    7575139 |     952    17138   105289 |    68084    22807     15 | 11.932 % |
|   11362814 |     952    17138   105289 |    74893    50027     16 | 11.932 % |
|   17044326 |     952    17138   105289 |    82382    30813     16 | 11.932 % |
|   25566595 |     952    17138   105289 |    90620    62171     16 | 11.932 % |
|   38349998 |     952    17138   105289 |    99682    76873     19 | 11.932 % |
|   57525103 |     952    17138   105289 |   109650    75866     22 | 11.932 % |
|   86287761 |     952    17138   105289 |   120615    85130     16 | 11.932 % |
===============================================================================
restarts              : 120827
conflicts             : 92086997       (15928 /sec)
decisions             : 121290042      (0.00 % random) (20980 /sec)
propagations          : 3096615657     (535627 /sec)
conflict literals     : 1675796395     (8.87 % deleted)
Memory used           : 184.00 MB
CPU time              : 5781.3 s

SATISFIABLE
