rn rc t sat cfs dec rts r1 mem ptime stime cfl r s
96 380 0.001999 1 35 39 1 1105 8.00 0.00 0.00 126 1 1
96 380 0.000999 1 1 6 1 98 8.00 0.00 0.00 8 1 2
96 380 0 1 27 33 1 983 8.00 0.00 0.00 100 1 3
96 380 0.001999 1 11 16 1 333 8.00 0.00 0.00 61 1 4
96 380 0.000999 1 30 32 1 986 8.00 0.00 0.00 118 1 5
96 380 0.001999 1 13 18 1 404 8.00 0.00 0.00 66 1 6
96 380 0 1 21 27 1 672 8.00 0.00 0.00 86 1 7
96 380 0.000999 1 20 25 1 563 8.00 0.00 0.00 88 1 8
96 380 0.000999 1 25 29 1 740 8.00 0.00 0.00 90 1 9
96 380 0.000999 1 1 6 1 103 8.00 0.00 0.00 8 1 10
96 380 0.001999 1 4 12 1 188 8.00 0.00 0.00 23 1 11
96 380 0 1 22 26 1 525 8.00 0.00 0.00 102 1 12
96 380 0.000999 1 43 51 1 1054 8.00 0.00 0.00 183 1 13
96 380 0 1 20 23 1 524 8.00 0.00 0.00 90 1 14
96 380 0.001999 1 11 17 1 306 8.00 0.00 0.00 61 1 15
96 380 0.001999 1 27 33 1 711 8.00 0.00 0.00 121 1 16
96 380 0.000999 1 45 51 1 1180 8.00 0.00 0.00 156 1 17
96 380 0.001999 1 5 11 1 139 8.00 0.00 0.00 23 1 18
96 380 0.001999 1 14 19 1 442 8.00 0.00 0.00 64 1 19
96 380 0.000999 1 29 30 1 936 8.00 0.00 0.00 112 1 20
168 728 0.003999 1 237 253 3 11257 8.00 0.00 0.00 1521 2 1
168 728 0.002999 1 170 188 2 6754 8.00 0.00 0.00 1211 2 2
168 728 0.003999 1 133 164 2 6035 8.00 0.00 0.00 997 2 3
168 728 0.004999 1 140 156 2 5522 8.00 0.00 0.00 1036 2 4
168 728 0.003999 1 177 197 2 7385 8.00 0.00 0.00 1376 2 5
168 728 0.001999 1 87 99 1 3571 8.00 0.00 0.00 786 2 6
168 728 0.002999 1 166 187 2 6920 8.00 0.00 0.00 1262 2 7
168 728 0.002999 1 27 41 1 990 8.00 0.00 0.00 288 2 8
168 728 0.002999 1 134 159 2 5311 8.00 0.00 0.00 938 2 9
168 728 0.006998 1 233 254 3 10179 8.00 0.00 0.00 1797 2 10
168 728 0.004999 1 282 303 3 12709 8.00 0.00 0.00 1980 2 11
168 728 0.002999 1 55 64 1 2254 8.00 0.00 0.00 493 2 12
168 728 0.001999 1 87 98 1 3667 8.00 0.00 0.00 693 2 13
168 728 0.001999 1 129 143 2 5430 8.00 0.00 0.00 928 2 14
168 728 0.005999 1 236 256 3 9557 8.00 0.00 0.00 1816 2 15
168 728 0.002999 1 96 116 1 4377 8.00 0.00 0.00 772 2 16
168 728 0.002999 1 44 52 1 1872 8.00 0.00 0.00 399 2 17
168 728 0.003999 1 103 121 2 4768 8.00 0.00 0.00 795 2 18
168 728 0.000999 1 17 24 1 748 8.00 0.00 0.00 160 2 19
168 728 0.004999 1 272 310 3 9794 8.00 0.00 0.00 2073 2 20
240 1076 0.001999 1 58 75 1 3448 8.00 0.00 0.00 581 3 1
240 1076 0.006998 1 308 361 3 20406 8.00 0.00 0.00 2297 3 2
240 1076 0.010998 1 403 493 4 26636 8.00 0.00 0.00 2929 3 3
240 1076 0.000999 1 66 86 1 4348 8.00 0.00 0.00 590 3 4
240 1076 0.007998 1 291 324 3 23262 8.00 0.00 0.00 2126 3 5
240 1076 0.001999 1 57 82 1 4042 8.00 0.00 0.00 546 3 6
240 1076 0.002999 1 50 71 1 2796 8.00 0.00 0.00 451 3 7
240 1076 0.000999 1 56 71 1 3571 8.00 0.00 0.00 515 3 8
240 1076 0.006998 1 177 198 2 11640 8.00 0.00 0.00 1390 3 9
240 1076 0.007998 1 264 305 3 15263 8.00 0.00 0.00 2294 3 10
240 1076 0.006998 1 147 185 2 9642 8.00 0.00 0.00 1344 3 11
240 1076 0.005999 1 224 267 3 17657 8.00 0.00 0.00 1657 3 12
240 1076 0.005999 1 162 188 2 12044 8.00 0.00 0.00 1360 3 13
240 1076 0.005999 1 105 125 2 6453 8.00 0.00 0.00 978 3 14
240 1076 0.004999 1 245 272 3 18352 8.00 0.00 0.00 1805 3 15
240 1076 0.005999 1 162 193 2 11386 8.00 0.00 0.00 1441 3 16
240 1076 0.003999 1 164 205 2 8718 8.00 0.00 0.00 1516 3 17
240 1076 0.008998 1 351 382 3 22878 8.00 0.00 0.00 2609 3 18
240 1076 0.006998 1 224 257 3 12708 8.00 0.00 0.00 1844 3 19
240 1076 0.002999 1 138 176 2 8571 8.00 0.00 0.00 1066 3 20
312 1424 0.003999 1 192 243 2 15241 8.00 0.00 0.00 1874 4 1
312 1424 0.010998 1 396 463 3 35999 8.00 0.00 0.00 3366 4 2
312 1424 0.003999 1 33 51 1 2721 8.00 0.00 0.00 424 4 3
312 1424 0.005999 1 148 181 2 11810 8.00 0.00 0.00 1695 4 4
312 1424 0.002999 1 21 41 1 2019 8.00 0.00 0.00 219 4 5
312 1424 0.007998 1 172 215 2 15388 8.00 0.00 0.00 1877 4 6
312 1424 0.010998 1 280 333 3 25717 8.00 0.00 0.00 2483 4 7
312 1424 0.004999 1 84 132 1 6944 8.00 0.00 0.00 935 4 8
312 1424 0.007998 1 352 457 3 31834 8.00 0.00 0.00 3054 4 9
312 1424 0.007998 1 293 344 3 26186 8.00 0.00 0.00 2254 4 10
312 1424 0.003999 1 42 55 1 2006 8.00 0.00 0.00 497 4 11
312 1424 0.009998 1 240 301 3 22944 8.00 0.00 0.00 2320 4 12
312 1424 0.004999 1 126 156 2 10532 8.00 0.00 0.00 1447 4 13
312 1424 0.006998 1 180 210 2 16037 8.00 0.00 0.00 1641 4 14
312 1424 0.011998 1 324 404 3 23305 8.00 0.00 0.00 2987 4 15
312 1424 0.003999 1 155 209 2 14552 8.00 0.00 0.00 1441 4 16
312 1424 0.008998 1 206 266 3 17716 8.00 0.00 0.00 2068 4 17
312 1424 0.004999 1 177 226 2 12011 8.00 0.00 0.00 1647 4 18
312 1424 0.003999 1 17 38 1 1485 8.00 0.00 0.00 237 4 19
312 1424 0.010998 1 293 348 3 25255 8.00 0.00 0.00 3106 4 20
384 1772 0.010998 1 286 360 3 32823 8.00 0.00 0.00 2248 5 1
384 1772 0.011998 1 377 441 3 37079 8.00 0.00 0.00 3042 5 2
384 1772 0.011998 1 266 324 3 28630 8.00 0.00 0.00 2277 5 3
384 1772 0.015997 1 399 452 3 48760 8.00 0.00 0.00 2715 5 4
384 1772 0.004999 1 47 80 1 5927 8.00 0.00 0.00 434 5 5
384 1772 0.008998 1 140 175 2 14028 8.00 0.00 0.00 1374 5 6
384 1772 0.005999 1 151 190 2 9449 8.00 0.00 0.00 1722 5 7
384 1772 0.006998 1 173 218 2 14842 8.00 0.00 0.00 1622 5 8
384 1772 0.011998 1 352 448 3 35437 8.00 0.00 0.00 2970 5 9
384 1772 0.004999 1 14 30 1 962 8.00 0.00 0.00 197 5 10
384 1772 0.008998 1 234 296 3 31619 8.00 0.00 0.00 1691 5 11
384 1772 0.004999 1 76 106 1 9384 8.00 0.00 0.00 714 5 12
384 1772 0.007998 1 91 130 1 9157 8.00 0.00 0.00 859 5 13
384 1772 0.004999 1 117 164 2 12322 8.00 0.00 0.00 1221 5 14
384 1772 0.009998 1 159 201 2 21380 8.00 0.00 0.00 1314 5 15
384 1772 0.016997 1 399 496 3 39948 8.00 0.00 0.00 2862 5 16
384 1772 0.013997 1 334 420 3 36357 8.00 0.00 0.00 2515 5 17
384 1772 0.013997 1 442 504 4 47934 8.00 0.00 0.00 3374 5 18
384 1772 0.005999 1 44 68 1 5507 8.00 0.00 0.00 404 5 19
384 1772 0.007998 1 167 225 2 20253 8.00 0.00 0.00 1406 5 20
456 2120 0.009998 1 213 282 3 19499 8.00 0.00 0.00 1878 6 1
456 2120 0.008998 1 155 221 2 18713 8.00 0.00 0.00 1412 6 2
456 2120 0.005999 1 36 60 1 3254 8.00 0.00 0.00 344 6 3
456 2120 0.008998 1 111 149 2 15427 8.00 0.00 0.00 1271 6 4
456 2120 0.008998 1 123 170 2 18474 8.00 0.00 0.00 1393 6 5
456 2120 0.006998 1 151 197 2 19507 8.00 0.00 0.00 1389 6 6
456 2120 0.005999 1 26 47 1 2413 8.00 0.00 0.00 312 6 7
456 2120 0.011998 1 386 500 3 45100 8.00 0.00 0.00 3101 6 8
456 2120 0.007998 1 117 181 2 11775 8.00 0.00 0.00 1229 6 9
456 2120 0.015997 1 428 507 4 54483 8.00 0.00 0.00 3154 6 10
456 2120 0.015997 1 258 306 3 40442 8.00 0.00 0.00 2057 6 11
456 2120 0.004999 1 21 39 1 3194 8.00 0.00 0.00 259 6 12
456 2120 0.015997 1 388 487 3 55989 8.00 0.00 0.00 2921 6 13
456 2120 0.009998 1 206 293 3 18808 8.00 0.00 0.00 1998 6 14
456 2120 0.007998 1 113 154 2 17943 8.00 0.00 0.00 1276 6 15
456 2120 0.011998 1 173 227 2 20829 8.00 0.00 0.00 1463 6 16
456 2120 0.011998 1 159 201 2 24458 8.00 0.00 0.00 1379 6 17
456 2120 0.004999 1 12 24 1 1845 8.00 0.00 0.00 148 6 18
456 2120 0.017997 1 284 353 3 54788 8.00 0.00 0.00 1994 6 19
456 2120 0.010998 1 249 320 3 34023 8.00 0.00 0.00 2554 6 20
528 2468 0.010998 1 75 134 1 11301 8.00 0.00 0.00 710 7 1
528 2468 0.007998 1 130 185 2 20057 8.00 0.00 0.00 1165 7 2
528 2468 0.016997 1 375 486 3 65813 8.00 0.00 0.00 2509 7 3
528 2468 0.003999 1 32 59 1 4052 8.00 0.00 0.00 353 7 4
528 2468 0.013997 1 235 301 3 44715 8.00 0.00 0.00 1688 7 5
528 2468 0.014997 1 314 372 3 55234 8.00 0.00 0.00 2073 7 6
528 2468 0.008998 1 184 234 2 21759 8.00 0.00 0.00 1677 7 7
528 2468 0.023996 1 493 590 4 79668 8.00 0.00 0.00 3111 7 8
528 2468 0.010998 1 192 226 2 23274 8.00 0.00 0.00 2002 7 9
528 2468 0.011998 1 164 256 2 14961 8.00 0.00 0.00 1680 7 10
528 2468 0.005999 1 25 57 1 4163 8.00 0.00 0.00 226 7 11
528 2468 0.008998 1 143 187 2 16280 8.00 0.00 0.00 1406 7 12
528 2468 0.006998 1 70 117 1 6477 8.00 0.00 0.00 533 7 13
528 2468 0.004999 1 86 128 1 3652 8.00 0.00 0.00 1231 7 14
528 2468 0.003999 1 5 24 1 900 8.00 0.00 0.00 33 7 15
528 2468 0.019996 1 448 519 4 79383 8.00 0.00 0.00 3498 7 16
528 2468 0.006998 1 83 124 1 8806 8.00 0.00 0.00 754 7 17
528 2468 0.005999 1 133 179 2 14831 8.00 0.00 0.00 1263 7 18
528 2468 0.011998 1 279 384 3 36568 8.00 0.00 0.00 2679 7 19
528 2468 0.009998 1 183 256 2 20688 8.00 0.00 0.00 1800 7 20
600 2816 0.008998 1 209 274 3 22751 8.00 0.00 0.00 1864 8 1
600 2816 0.011998 1 240 328 3 21059 8.00 0.00 0.00 1796 8 2
600 2816 0.012998 1 270 366 3 45788 8.00 0.00 0.00 2129 8 3
600 2816 0.010998 1 151 216 2 26765 8.00 0.00 0.00 1696 8 4
600 2816 0.018997 1 277 396 3 48057 8.00 0.00 0.00 2361 8 5
600 2816 0.022996 1 723 952 6 75640 8.00 0.00 0.00 7458 8 6
600 2816 0.018997 1 316 415 3 57006 8.00 0.00 0.00 2466 8 7
600 2816 0.047992 1 1377 1705 9 185254 8.00 0.00 0.00 13932 8 8
600 2816 0.013997 1 269 345 3 48274 8.00 0.00 0.00 2361 8 9
600 2816 0.013997 1 252 347 3 42793 8.00 0.00 0.00 2175 8 10
600 2816 0.020996 1 482 602 4 86963 8.00 0.00 0.00 3458 8 11
600 2816 0.010998 1 263 387 3 21408 8.00 0.00 0.00 2638 8 12
600 2816 0.019996 1 506 612 5 88106 8.00 0.00 0.00 4030 8 13
600 2816 0.012998 1 169 222 2 25158 8.00 0.00 0.00 1865 8 14
600 2816 0.013997 1 268 327 3 45479 8.00 0.00 0.00 2444 8 15
600 2816 0.020996 1 411 477 4 73761 8.00 0.00 0.00 3120 8 16
600 2816 0.020996 1 326 391 3 67429 8.00 0.00 0.00 2464 8 17
600 2816 0.007998 1 116 169 2 17419 8.00 0.00 0.00 1303 8 18
600 2816 0.004999 1 29 58 1 4315 8.00 0.00 0.00 306 8 19
600 2816 0.019996 1 453 590 4 58023 8.00 0.00 0.00 4260 8 20
672 3164 0.018997 1 316 390 3 46808 8.00 0.00 0.00 2100 9 1
672 3164 0.009998 1 126 180 2 17324 8.00 0.00 0.00 945 9 2
672 3164 0.020996 1 421 520 4 81747 8.00 0.00 0.00 2968 9 3
672 3164 0.009998 1 141 193 2 20612 8.00 0.00 0.00 1093 9 4
672 3164 0.008998 1 39 61 1 3137 8.00 0.00 0.00 303 9 5
672 3164 0.011998 1 171 221 2 29062 8.00 0.00 0.00 1191 9 6
672 3164 0.023996 1 370 474 3 81635 8.00 0.00 0.00 2564 9 7
672 3164 0.008998 1 147 219 2 19740 8.00 0.00 0.00 1229 9 8
672 3164 0.023996 1 486 636 4 76543 8.00 0.00 0.00 3715 9 9
672 3164 0.009998 1 107 170 2 17065 8.00 0.00 0.00 886 9 10
672 3164 0.027995 1 350 422 3 91239 8.00 0.00 0.00 1904 9 11
672 3164 0.023996 1 643 838 6 91223 8.00 0.00 0.00 6289 9 12
672 3164 0.017997 1 334 429 3 64457 8.00 0.00 0.00 2133 9 13
672 3164 0.015997 1 274 335 3 57978 8.00 0.00 0.00 1645 9 14
672 3164 0.012998 1 150 200 2 30985 8.00 0.00 0.00 1085 9 15
672 3164 0.018997 1 248 342 3 55644 8.00 0.00 0.00 1701 9 16
672 3164 0.014997 1 269 390 3 47111 8.00 0.00 0.00 1968 9 17
672 3164 0.028995 1 546 649 5 100931 8.00 0.00 0.00 3761 9 18
672 3164 0.006998 1 17 39 1 884 8.00 0.00 0.00 77 9 19
672 3164 0.014997 1 172 243 2 28556 8.00 0.00 0.00 1380 9 20
744 3512 0.023996 1 385 472 3 89412 8.00 0.00 0.00 2284 10 1
744 3512 0.012998 1 135 195 2 34270 8.00 0.00 0.00 1184 10 2
744 3512 0.007998 1 60 105 1 7262 8.00 0.00 0.00 615 10 3
744 3512 0.011998 1 114 184 2 29187 8.00 0.00 0.00 1159 10 4
744 3512 0.023996 1 414 509 4 90310 8.00 0.00 0.00 2959 10 5
744 3512 0.014997 1 119 188 2 28266 8.00 0.00 0.01 1194 10 6
744 3512 0.029995 1 389 473 3 116269 8.00 0.00 0.00 2881 10 7
744 3512 0.025996 1 286 365 3 79839 8.00 0.00 0.00 1985 10 8
744 3512 0.030995 1 734 939 6 120215 8.00 0.00 0.00 7570 10 9
744 3512 0.008998 1 50 109 1 8395 8.00 0.00 0.00 480 10 10
744 3512 0.015997 1 217 318 3 32529 8.00 0.00 0.00 1563 10 11
744 3512 0.011998 1 195 274 2 19830 8.00 0.00 0.00 1473 10 12
744 3512 0.007998 1 35 77 1 4166 8.00 0.00 0.00 352 10 13
744 3512 0.023996 1 428 520 4 101327 8.00 0.00 0.00 2644 10 14
744 3512 0.021996 1 295 387 3 64722 8.00 0.00 0.00 2255 10 15
744 3512 0.010998 1 100 151 2 11390 8.00 0.00 0.00 829 10 16
744 3512 0.014997 1 132 209 2 29175 8.00 0.00 0.00 1311 10 17
744 3512 0.014997 1 105 165 2 25385 8.00 0.00 0.00 1169 10 18
744 3512 0.027995 1 353 446 3 101688 8.00 0.00 0.00 2063 10 19
744 3512 0.009998 1 93 139 1 13380 8.00 0.00 0.00 865 10 20
816 3860 0.006998 1 56 96 1 9166 8.00 0.00 0.00 458 11 1
816 3860 0.027995 1 321 405 3 105261 8.00 0.00 0.00 1983 11 2
816 3860 0.027995 1 376 478 3 108922 8.00 0.00 0.01 3083 11 3
816 3860 0.017997 1 244 313 3 66937 8.00 0.00 0.00 1718 11 4
816 3860 0.038994 1 946 1197 7 151232 8.00 0.00 0.00 10903 11 5
816 3860 0.009998 1 71 128 1 11423 8.00 0.00 0.00 546 11 6
816 3860 0.021996 1 520 742 5 82531 8.00 0.00 0.00 6589 11 7
816 3860 0.020996 1 542 744 5 63892 8.00 0.00 0.00 5090 11 8
816 3860 0.035994 1 565 707 5 142693 8.00 0.00 0.00 4740 11 9
816 3860 0.018997 1 250 345 3 65159 8.00 0.00 0.00 1597 11 10
816 3860 0.018997 1 232 308 3 61794 8.00 0.00 0.00 1472 11 11
816 3860 0.020996 1 312 387 3 68004 8.00 0.00 0.00 2563 11 12
816 3860 0.030995 1 423 540 4 108346 8.00 0.00 0.01 2808 11 13
816 3860 0.014997 1 191 250 2 43506 8.00 0.00 0.00 1583 11 14
816 3860 0.020996 1 272 378 3 60917 8.00 0.00 0.00 2082 11 15
816 3860 0.031995 1 360 436 3 116992 8.00 0.00 0.00 2158 11 16
816 3860 0.011998 1 126 192 2 25417 8.00 0.00 0.00 999 11 17
816 3860 0.020996 1 259 345 3 61040 8.00 0.00 0.00 2306 11 18
816 3860 0.005999 1 27 63 1 3002 8.00 0.00 0.00 201 11 19
816 3860 0.012998 1 116 184 2 20914 8.00 0.00 0.00 1007 11 20
888 4208 0.024996 1 306 386 3 101256 8.00 0.00 0.00 2320 12 1
888 4208 0.017997 1 149 231 2 31993 8.00 0.00 0.01 1434 12 2
888 4208 0.032994 1 419 499 4 120401 8.00 0.00 0.01 2880 12 3
888 4208 0.010998 1 77 109 1 16707 8.00 0.00 0.00 899 12 4
888 4208 0.023996 1 293 439 3 74491 8.00 0.00 0.00 2611 12 5
888 4208 0.015997 1 280 343 3 49277 8.00 0.00 0.00 2491 12 6
888 4208 0.015997 1 168 217 2 41896 8.00 0.00 0.00 1723 12 7
888 4208 0.013997 1 123 181 2 25155 8.00 0.00 0.01 1049 12 8
888 4208 0.026995 1 475 553 4 102021 8.00 0.00 0.00 3004 12 9
888 4208 0.012998 1 146 211 2 40638 8.00 0.00 0.00 1248 12 10
888 4208 0.022996 1 328 395 3 88142 8.00 0.00 0.00 2201 12 11
888 4208 0.013997 1 207 274 3 30567 8.00 0.00 0.00 1743 12 12
888 4208 0.038994 1 535 637 5 145679 8.00 0.00 0.01 3713 12 13
888 4208 0.009998 1 24 45 1 5704 8.00 0.00 0.01 251 12 14
888 4208 0.025996 1 279 386 3 89157 8.00 0.00 0.00 2112 12 15
888 4208 0.018997 1 225 286 3 53026 8.00 0.00 0.01 2330 12 16
888 4208 0.035994 1 501 610 4 135289 8.00 0.00 0.00 3392 12 17
888 4208 0.016997 1 189 258 2 46534 8.00 0.00 0.00 1440 12 18
888 4208 0.011998 1 79 147 1 16960 8.00 0.00 0.01 889 12 19
888 4208 0.023996 1 367 476 3 91265 8.00 0.00 0.00 2974 12 20
960 4556 0.012998 1 122 153 2 13427 8.00 0.00 0.00 1418 13 1
960 4556 0.033994 1 406 477 4 126525 8.00 0.00 0.00 2935 13 2
960 4556 0.015997 1 156 207 2 32234 8.00 0.00 0.01 1461 13 3
960 4556 0.008998 1 107 137 2 6440 8.00 0.00 0.00 1235 13 4
960 4556 0.020996 1 302 388 3 68377 8.00 0.00 0.00 2926 13 5
960 4556 0.040993 1 527 612 5 155353 8.00 0.00 0.00 3947 13 6
960 4556 0.021996 1 280 341 3 74972 8.00 0.00 0.00 2393 13 7
960 4556 0.017997 1 277 353 3 64579 8.00 0.00 0.00 2303 13 8
960 4556 0.013997 1 225 280 3 26869 8.00 0.00 0.00 2418 13 9
960 4556 0.010998 1 65 96 1 3579 8.00 0.00 0.00 674 13 10
960 4556 0.012998 1 118 176 2 22291 8.00 0.00 0.00 880 13 11
960 4556 0.021996 1 304 360 3 75527 8.00 0.00 0.00 2604 13 12
960 4556 0.012998 1 171 215 2 27086 8.00 0.00 0.00 1725 13 13
960 4556 0.028995 1 371 423 3 100306 8.00 0.00 0.00 3108 13 14
960 4556 0.015997 1 220 289 3 49378 8.00 0.00 0.00 2141 13 15
960 4556 0.034994 1 420 503 4 124877 8.00 0.00 0.00 3181 13 16
960 4556 0.022996 1 254 332 3 64146 8.00 0.00 0.00 2039 13 17
960 4556 0.028995 1 361 450 3 101687 8.00 0.00 0.00 2693 13 18
960 4556 0.011998 1 165 218 2 16673 8.00 0.00 0.00 1523 13 19
960 4556 0.016997 1 238 293 3 39333 8.00 0.00 0.00 2391 13 20
1032 4904 0.021996 1 308 375 3 81014 8.00 0.00 0.00 1897 14 1
1032 4904 0.014997 1 208 314 3 24859 8.00 0.00 0.01 1482 14 2
1032 4904 0.013997 1 202 280 3 21865 8.00 0.00 0.00 1423 14 3
1032 4904 0.013997 1 131 178 2 19704 8.00 0.00 0.01 947 14 4
1032 4904 0.034994 1 930 1174 7 113920 8.00 0.00 0.01 10199 14 5
1032 4904 0.030995 1 436 513 4 115513 8.00 0.00 0.00 2628 14 6
1032 4904 0.032994 1 362 420 3 115455 8.00 0.00 0.00 2264 14 7
1032 4904 0.014997 1 238 303 3 41888 8.00 0.00 0.00 1706 14 8
1032 4904 0.031995 1 435 500 4 119951 8.00 0.00 0.00 2769 14 9
1032 4904 0.017997 1 258 337 3 42185 8.00 0.00 0.00 1711 14 10
1032 4904 0.078987 1 2076 2692 14 321306 8.00 0.00 0.00 26441 14 11
1032 4904 0.042993 1 547 651 5 176081 8.00 0.00 0.00 4018 14 12
1032 4904 0.022996 1 580 729 5 73780 8.00 0.00 0.00 5541 14 13
1032 4904 0.045993 1 1298 1587 8 182191 8.00 0.00 0.00 16341 14 14
1032 4904 0.041993 1 472 558 4 162497 8.00 0.00 0.00 2658 14 15
1032 4904 0.052991 1 1649 1945 11 218874 8.00 0.00 0.00 23092 14 16
1032 4904 0.017997 1 217 283 3 52956 8.00 0.00 0.00 1691 14 17
1032 4904 0.015997 1 243 309 3 38307 8.00 0.00 0.00 2029 14 18
1032 4904 0.023996 1 288 337 3 76256 8.00 0.00 0.00 1903 14 19
1032 4904 0.051992 1 1393 1769 9 202967 8.00 0.00 0.01 19071 14 20
1104 5252 0.008998 1 54 92 1 8289 8.00 0.00 0.00 400 15 1
1104 5252 0.06199 1 1738 2302 12 256724 8.00 0.00 0.00 24951 15 2
1104 5252 0.185971 1 4014 4891 22 794540 8.00 0.00 0.00 56350 15 3
1104 5252 0.006998 1 19 43 1 1522 8.00 0.00 0.00 84 15 4
1104 5252 0.06299 1 1909 2408 13 249165 8.00 0.00 0.01 27268 15 5
1104 5252 0.05999 1 1551 1964 10 235299 8.00 0.00 0.00 18626 15 6
1104 5252 0.072988 1 1546 2039 10 322876 8.00 0.00 0.00 21650 15 7
1104 5252 0.089986 1 1904 2371 13 375384 8.00 0.00 0.00 22478 15 8
1104 5252 0.073988 1 1481 1821 10 314276 8.00 0.00 0.00 17085 15 9
1104 5252 0.019996 1 200 350 3 51878 8.00 0.00 0.00 1805 15 10
1104 5252 0.048992 1 801 960 6 196024 8.00 0.00 0.00 8535 15 11
1104 5252 0.034994 1 879 1252 7 125946 8.00 0.00 0.00 10142 15 12
1104 5252 0.031995 1 635 882 6 128637 8.00 0.00 0.01 8120 15 13
1104 5252 0.033994 1 758 1016 6 129511 8.00 0.00 0.01 9266 15 14
1104 5252 0.154976 1 2951 3722 15 658166 8.00 0.00 0.00 40431 15 15
1104 5252 0.050992 1 1219 1538 8 207181 8.00 0.00 0.01 15603 15 16
1104 5252 0.06399 1 1493 1866 10 269532 8.00 0.00 0.00 16176 15 17
1104 5252 0.121981 1 2741 3328 15 510880 8.00 0.00 0.01 37548 15 18
1104 5252 0.099984 1 2303 2924 14 430911 8.00 0.00 0.00 29527 15 19
1104 5252 0.027995 1 580 758 5 87521 8.00 0.00 0.00 6736 15 20
1176 5600 0.008998 1 15 47 1 1289 8.00 0.00 0.01 65 16 1
1176 5600 0.044993 1 794 1028 6 184780 8.00 0.00 0.00 7569 16 2
1176 5600 0.016997 1 291 367 3 47572 8.00 0.00 0.00 1825 16 3
1176 5600 0.006998 1 15 47 1 1296 8.00 0.00 0.00 65 16 4
1176 5600 0.021996 1 220 284 3 55438 8.00 0.01 0.00 1386 16 5
1176 5600 0.025996 1 261 339 3 86706 8.00 0.00 0.00 1609 16 6
1176 5600 0.042993 1 848 1104 7 160905 8.00 0.00 0.00 10401 16 7
1176 5600 0.023996 1 268 325 3 62081 8.00 0.00 0.01 1807 16 8
1176 5600 0.040993 1 964 1391 7 157469 8.00 0.00 0.01 10312 16 9
1176 5600 0.088986 1 2024 2492 14 351596 8.00 0.00 0.01 24710 16 10
1176 5600 0.010998 1 15 47 1 1390 8.00 0.00 0.01 65 16 11
1176 5600 0.050992 1 1354 1722 9 201224 8.00 0.00 0.01 18343 16 12
1176 5600 0.107983 1 2377 2890 14 447939 8.00 0.00 0.01 30296 16 13
1176 5600 0.011998 1 91 133 1 13557 8.00 0.00 0.00 758 16 14
1176 5600 0.023996 1 298 424 3 82521 8.00 0.00 0.00 2615 16 15
1176 5600 0.099984 1 2116 2645 14 416295 8.00 0.00 0.00 23863 16 16
1176 5600 0.024996 1 211 289 3 63175 8.00 0.00 0.01 1350 16 17
1176 5600 0.035994 1 435 518 4 133546 8.00 0.00 0.00 2621 16 18
1176 5600 0.055991 1 1230 1487 8 231605 8.00 0.00 0.00 13407 16 19
1176 5600 0.034994 1 431 521 4 134026 8.00 0.00 0.01 2533 16 20
1248 5948 0.010998 1 103 157 2 6392 9.00 0.00 0.00 915 17 1
1248 5948 0.020996 1 198 330 2 56076 9.00 0.00 0.00 1375 17 2
1248 5948 0.028995 1 272 349 3 107625 9.00 0.00 0.01 1813 17 3
1248 5948 0.043993 1 360 442 3 162955 9.00 0.00 0.01 1947 17 4
1248 5948 0.036994 1 376 472 3 156916 9.00 0.00 0.00 2158 17 5
1248 5948 0.022996 1 506 670 5 65969 9.00 0.00 0.01 6145 17 6
1248 5948 0.037994 1 403 507 4 146568 9.00 0.00 0.01 2934 17 7
1248 5948 0.014997 1 100 154 2 5596 9.00 0.01 0.01 668 17 8
1248 5948 0.037994 1 446 574 4 127556 9.00 0.00 0.01 3346 17 9
1248 5948 0.046992 1 441 549 4 184083 9.00 0.00 0.01 2168 17 10
1248 5948 0.040993 1 356 429 3 163973 9.00 0.00 0.01 3024 17 11
1248 5948 0.020996 1 329 453 3 43728 9.00 0.01 0.01 2711 17 12
1248 5948 0.040993 1 475 617 4 161053 9.00 0.00 0.00 3095 17 13
1248 5948 0.041993 1 516 630 5 181727 9.00 0.00 0.01 4177 17 14
1248 5948 0.028995 1 327 454 3 81298 9.00 0.00 0.01 2101 17 15
1248 5948 0.020996 1 145 206 2 36903 9.00 0.00 0.01 1388 17 16
1248 5948 0.024996 1 259 339 3 86411 9.00 0.00 0.01 2177 17 17
1248 5948 0.028995 1 256 348 3 88332 9.00 0.00 0.01 1816 17 18
1248 5948 0.024996 1 285 358 3 81217 9.00 0.00 0.01 2340 17 19
1248 5948 0.019996 1 196 270 2 69596 9.00 0.00 0.00 1307 17 20
1320 6296 0.011998 1 33 74 1 1987 9.00 0.00 0.01 151 18 1
1320 6296 0.045993 1 387 483 3 151843 9.00 0.01 0.01 2652 18 2
1320 6296 0.016997 1 192 266 2 42124 9.00 0.00 0.00 1659 18 3
1320 6296 0.010998 1 33 74 1 1989 9.00 0.00 0.01 151 18 4
1320 6296 0.067989 1 1736 2347 12 278717 9.00 0.00 0.00 25055 18 5
1320 6296 0.032994 1 300 372 3 105195 9.00 0.00 0.01 2301 18 6
1320 6296 0.035994 1 341 420 3 121135 9.00 0.01 0.01 2025 18 7
1320 6296 0.015997 1 321 528 3 25909 9.00 0.00 0.01 2480 18 8
1320 6296 0.011998 1 33 74 1 1970 9.00 0.00 0.01 151 18 9
1320 6296 0.027995 1 282 393 3 79161 9.00 0.01 0.00 1748 18 10
1320 6296 0.034994 1 322 424 3 110041 9.00 0.00 0.01 2139 18 11
1320 6296 0.033994 1 287 357 3 128634 9.00 0.00 0.00 2350 18 12
1320 6296 0.024996 1 310 402 3 72286 9.00 0.00 0.01 2244 18 13
1320 6296 0.024996 1 293 369 3 81457 9.00 0.00 0.01 2019 18 14
1320 6296 0.043993 1 937 1275 7 170711 9.00 0.00 0.01 13139 18 15
1320 6296 0.032994 1 346 454 3 97555 9.00 0.00 0.01 2086 18 16
1320 6296 0.042993 1 1051 1319 7 139318 9.00 0.01 0.01 11357 18 17
1320 6296 0.054991 1 472 567 4 210572 9.00 0.01 0.01 2487 18 18
1320 6296 0.030995 1 337 449 3 117746 9.00 0.00 0.01 2889 18 19
1320 6296 0.017997 1 170 237 2 33558 9.00 0.00 0.00 1159 18 20
1392 6644 0.019996 1 196 279 2 59479 9.00 0.00 0.00 1279 19 1
1392 6644 0.052991 1 454 562 4 204722 9.00 0.00 0.01 2902 19 2
1392 6644 0.06299 1 746 913 6 262746 9.00 0.00 0.01 5342 19 3
1392 6644 0.018997 1 143 216 2 34152 9.00 0.00 0.01 1059 19 4
1392 6644 0.05999 1 458 545 4 237811 9.00 0.01 0.01 2385 19 5
1392 6644 0.022996 1 181 284 2 48659 9.00 0.00 0.01 1085 19 6
1392 6644 0.056991 1 568 763 5 229861 9.00 0.01 0.01 3146 19 7
1392 6644 0.065989 1 1003 1295 7 269440 9.00 0.00 0.01 8925 19 8
1392 6644 0.020996 1 177 259 2 62163 9.00 0.00 0.00 1154 19 9
1392 6644 0.013997 1 96 139 1 7933 9.00 0.00 0.01 529 19 10
1392 6644 0.023996 1 251 313 3 84598 9.00 0.00 0.00 1946 19 11
1392 6644 0.042993 1 354 486 3 159166 9.00 0.00 0.01 2042 19 12
1392 6644 0.013997 1 214 334 3 20205 9.00 0.00 0.01 1275 19 13
1392 6644 0.018997 1 122 235 2 17043 9.00 0.01 0.01 874 19 14
1392 6644 0.034994 1 295 379 3 110005 9.00 0.00 0.01 1671 19 15
1392 6644 0.022996 1 194 263 2 66802 9.00 0.00 0.01 1493 19 16
1392 6644 0.052991 1 482 569 4 220692 9.00 0.00 0.00 2633 19 17
1392 6644 0.022996 1 199 295 2 64784 9.00 0.00 0.01 1213 19 18
1392 6644 0.020996 1 151 206 2 39229 9.00 0.00 0.01 1027 19 19
1392 6644 0.019996 1 266 352 3 66314 9.00 0.00 0.00 1920 19 20
1464 6992 0.032994 1 267 372 3 96277 9.00 0.01 0.01 1950 20 1
1464 6992 0.018997 1 120 193 2 41093 9.00 0.00 0.01 1003 20 2
1464 6992 0.030995 1 203 309 3 70077 9.00 0.01 0.01 2185 20 3
1464 6992 0.020996 1 141 186 2 37039 9.00 0.00 0.01 1513 20 4
1464 6992 0.018997 1 126 199 2 43118 9.00 0.00 0.01 973 20 5
1464 6992 0.027995 1 166 211 2 63866 9.00 0.01 0.01 1330 20 6
1464 6992 0.092985 1 1694 2215 11 373926 9.00 0.01 0.01 21447 20 7
1464 6992 0.030995 1 217 308 3 89543 9.00 0.01 0.01 1870 20 8
1464 6992 0.052991 1 422 518 4 225223 9.00 0.00 0.01 2694 20 9
1464 6992 0.013997 1 4 29 1 1238 9.00 0.01 0.01 20 20 10
1464 6992 0.033994 1 270 346 3 99809 9.00 0.01 0.01 2727 20 11
1464 6992 0.046992 1 786 1032 6 180861 9.00 0.00 0.00 7965 20 12
1464 6992 0.06299 1 1439 1870 10 244231 9.00 0.00 0.01 17674 20 13
1464 6992 0.078987 1 1376 1787 9 332312 9.00 0.00 0.01 12499 20 14
1464 6992 0.014997 1 137 195 2 35305 9.00 0.00 0.01 1084 20 15
1464 6992 0.016997 1 218 365 3 28725 9.00 0.00 0.01 1587 20 16
1464 6992 0.032994 1 219 284 3 99069 9.00 0.01 0.01 1702 20 17
1464 6992 0.028995 1 248 355 3 89176 9.00 0.00 0.01 1800 20 18
1464 6992 0.053991 1 420 511 4 217628 9.00 0.00 0.01 2926 20 19
1464 6992 0.033994 1 364 452 3 119307 9.00 0.00 0.01 2781 20 20
