rn rc t sat cfs dec rts r1 mem ptime stime cfl r s
148 452 0.000999 1 20 29 1 419 8.00 0.00 0.00 107 1 1
148 452 0 1 25 37 1 563 8.00 0.00 0.00 124 1 2
148 452 0 1 0 4 1 108 8.00 0.00 0.00 0 1 3
148 452 0.000999 1 36 49 1 653 8.00 0.00 0.00 146 1 4
148 452 0 1 4 13 1 191 8.00 0.00 0.00 21 1 5
148 452 0 1 10 16 1 291 8.00 0.00 0.00 50 1 6
148 452 0.000999 1 16 23 1 394 8.00 0.00 0.00 70 1 7
148 452 0.001999 1 73 83 1 1588 8.00 0.00 0.00 300 1 8
148 452 0 1 16 26 1 458 8.00 0.00 0.00 79 1 9
148 452 0 1 23 30 1 719 8.00 0.00 0.00 102 1 10
148 452 0.001999 1 16 21 1 508 8.00 0.00 0.00 78 1 11
148 452 0 1 26 32 1 657 8.00 0.00 0.00 125 1 12
148 452 0 1 65 81 1 1322 8.00 0.00 0.00 286 1 13
148 452 0 1 60 71 1 1231 8.00 0.00 0.00 241 1 14
148 452 0 1 40 49 1 955 8.00 0.00 0.00 180 1 15
148 452 0.000999 1 15 24 1 381 8.00 0.00 0.00 71 1 16
148 452 0.000999 1 66 85 1 1297 8.00 0.00 0.00 302 1 17
148 452 0.001999 1 27 30 1 558 8.00 0.00 0.00 116 1 18
148 452 0.000999 1 1 5 1 112 8.00 0.00 0.00 5 1 19
148 452 0.000999 1 49 54 1 1241 8.00 0.00 0.00 215 1 20
236 824 0.000999 1 61 78 1 2019 8.00 0.00 0.00 489 2 1
236 824 0.002999 1 157 183 2 5577 8.00 0.00 0.00 1282 2 2
236 824 0.002999 1 172 207 2 7996 8.00 0.00 0.00 1318 2 3
236 824 0.002999 1 413 478 4 22486 8.00 0.00 0.00 2868 2 4
236 824 0.004999 1 504 569 5 23892 8.00 0.00 0.00 3510 2 5
236 824 0.001999 1 169 198 2 6496 8.00 0.00 0.00 1341 2 6
236 824 0.003999 1 408 455 4 18466 8.00 0.00 0.00 2907 2 7
236 824 0.000999 1 161 208 2 6080 8.00 0.00 0.00 1299 2 8
236 824 0.000999 1 70 85 1 2277 8.00 0.00 0.00 543 2 9
236 824 0.002999 1 195 230 2 9605 8.00 0.00 0.00 1439 2 10
236 824 0.002999 1 93 112 1 3374 8.00 0.00 0.00 748 2 11
236 824 0.007998 1 604 685 6 29258 8.00 0.00 0.00 4130 2 12
236 824 0.002999 1 261 312 3 9587 8.00 0.00 0.00 2151 2 13
236 824 0.005999 1 479 556 4 26022 8.00 0.00 0.00 3331 2 14
236 824 0.001999 1 73 109 1 1895 8.00 0.00 0.00 544 2 15
236 824 0.003999 1 331 365 3 15509 8.00 0.00 0.00 2384 2 16
236 824 0.004999 1 605 685 6 22233 8.00 0.00 0.00 4545 2 17
236 824 0.006998 1 440 482 4 21914 8.00 0.00 0.00 3182 2 18
236 824 0.001999 1 171 196 2 6846 8.00 0.00 0.00 1450 2 19
236 824 0.006998 1 497 545 4 23077 8.00 0.00 0.00 3577 2 20
324 1196 0.174973 1 11398 12916 48 805708 8.00 0.00 0.00 123679 3 1
324 1196 0.009998 1 693 836 6 36852 8.00 0.00 0.00 8471 3 2
324 1196 0.021996 1 1763 2071 12 107201 8.00 0.00 0.00 20760 3 3
324 1196 0.019996 1 1341 1545 9 81998 8.00 0.00 0.00 14540 3 4
324 1196 0.008998 1 611 761 6 31143 8.00 0.00 0.00 6820 3 5
324 1196 0.008998 1 488 605 4 26818 8.00 0.00 0.00 5665 3 6
324 1196 0.06499 1 4823 5593 26 299397 8.00 0.00 0.00 56435 3 7
324 1196 0.057991 1 4524 5226 24 265303 8.00 0.00 0.00 52504 3 8
324 1196 0.013997 1 800 954 6 50355 8.00 0.00 0.00 10456 3 9
324 1196 0.010998 1 751 922 6 36428 8.00 0.00 0.00 9518 3 10
324 1196 0.019996 1 1395 1571 9 86401 8.00 0.00 0.00 16071 3 11
324 1196 0.016997 1 1137 1309 7 65869 8.00 0.00 0.00 13615 3 12
324 1196 0.06199 1 4445 5079 23 284547 8.00 0.00 0.00 51218 3 13
324 1196 0.020996 1 1703 2084 11 93554 8.00 0.00 0.00 20674 3 14
324 1196 0.018997 1 1431 1691 10 83295 8.00 0.00 0.00 17532 3 15
324 1196 0.150977 1 10767 12226 46 726623 8.00 0.00 0.00 123479 3 16
324 1196 0.151976 1 10667 12147 46 704767 8.00 0.00 0.00 117082 3 17
324 1196 0.162975 1 11717 13198 50 754973 8.00 0.00 0.00 133380 3 18
324 1196 0.073988 1 5180 5881 28 343159 8.00 0.00 0.00 61891 3 19
324 1196 0.100984 1 7441 8409 31 474617 8.00 0.00 0.00 84650 3 20
412 1568 0.284956 1 23685 27068 86 1141348 8.00 0.00 0.00 309862 4 1
412 1568 0.423935 1 28512 32506 102 1889863 8.00 0.00 0.00 409423 4 2
412 1568 0.768883 1 59950 67177 189 3047375 8.00 0.00 0.00 773384 4 3
412 1568 0.681896 1 50638 57031 157 2584408 8.00 0.00 0.00 646008 4 4
412 1568 0.576912 1 45757 51169 134 2298198 8.00 0.00 0.00 584983 4 5
412 1568 0.418936 1 33725 38264 125 1721211 8.00 0.00 0.00 445062 4 6
412 1568 0.285956 1 15693 17680 62 1461875 8.00 0.00 0.00 230827 4 7
412 1568 0.679896 1 52861 59344 158 2727314 8.00 0.00 0.00 674906 4 8
412 1568 0.240963 1 19288 22160 64 1011435 8.00 0.00 0.00 254138 4 9
412 1568 0.364944 1 28880 32955 105 1476626 8.00 0.00 0.00 379273 4 10
412 1568 2.5926 1 189036 207805 509 9887049 8.00 0.00 0.00 2273485 4 11
412 1568 1.23381 1 82326 93509 253 4996085 8.00 0.00 0.00 1207786 4 12
412 1568 1.40179 1 101668 111915 255 5578592 8.00 0.00 0.00 1252905 4 13
412 1568 0.251961 1 20699 24036 73 1046275 8.00 0.00 0.00 281210 4 14
412 1568 0.480926 1 38088 42817 126 1892795 8.00 0.00 0.00 493887 4 15
412 1568 0.179972 1 14362 16706 61 779219 8.00 0.00 0.00 199273 4 16
412 1568 0.220966 1 18208 20830 63 932246 8.00 0.00 0.00 244158 4 17
412 1568 0.411937 1 33181 38137 124 1691080 8.00 0.00 0.00 446658 4 18
412 1568 0.134979 1 9002 10571 38 652366 8.00 0.00 0.00 130751 4 19
412 1568 0.06199 1 5120 6231 28 263279 8.00 0.00 0.00 70970 4 20
500 1940 0.98485 1 52686 60249 158 4413540 8.00 0.00 0.00 818003 5 1
500 1940 2.71759 1 161516 178618 443 12631274 8.00 0.00 0.00 2543920 5 2
500 1940 4.76028 1 262180 299122 627 19051154 8.00 0.00 0.00 3650772 5 3
500 1940 2.30665 1 130857 149581 356 9304466 8.00 0.00 0.00 1826651 5 4
500 1940 0.440932 1 27032 31511 94 1973044 8.00 0.00 0.00 398070 5 5
500 1940 1.00285 1 56105 65221 173 4441098 8.00 0.00 0.00 831576 5 6
500 1940 3.47447 1 207824 239024 511 13909074 8.00 0.00 0.00 2731072 5 7
500 1940 0.543917 1 34521 40621 125 2311275 8.00 0.00 0.00 477878 5 8
500 1940 1.71374 1 99767 113224 255 7024324 8.00 0.00 0.00 1442861 5 9
500 1940 7.8668 1 436430 479441 1022 33962567 8.00 0.00 0.00 6826977 5 10
500 1940 0.332949 1 21835 26074 78 1384124 8.00 0.00 0.00 298518 5 11
500 1940 0.894863 1 57447 67379 182 3844984 8.00 0.00 0.00 805606 5 12
500 1940 0.210967 1 13977 16847 61 972646 8.00 0.00 0.00 203010 5 13
500 1940 6.37203 1 375111 412043 893 27511998 8.00 0.00 0.00 5823641 5 14
500 1940 1.89571 1 88535 98355 254 8835235 8.00 0.00 0.00 1371476 5 15
500 1940 0.701893 1 45476 54213 133 2866294 8.00 0.00 0.00 624689 5 16
500 1940 1.20782 1 74684 85521 236 5013830 8.00 0.00 0.00 1099448 5 17
500 1940 3.88641 1 235263 269855 535 15884133 8.00 0.00 0.00 3095700 5 18
500 1940 0.646901 1 39428 45433 127 2825474 8.00 0.00 0.00 572345 5 19
500 1940 0.157975 1 10674 12903 46 733967 8.00 0.00 0.00 150449 5 20
588 2312 10.0415 1 387859 433957 935 46732060 8.00 0.00 0.00 5530514 6 1
588 2312 0.954854 1 44173 50311 127 4630334 8.00 0.00 0.00 647795 6 2
588 2312 0.255961 1 14193 17277 61 1202414 8.00 0.00 0.00 213637 6 3
588 2312 6.01809 1 259042 290487 612 26524294 8.00 0.00 0.00 3768540 6 4
588 2312 2.58561 1 111036 124923 290 12167443 8.00 0.00 0.00 1620657 6 5
588 2312 1.44178 1 57630 65629 183 7334484 8.00 0.00 0.00 830128 6 6
588 2312 21.1378 1 1054793 1157428 2047 81667556 8.00 0.00 0.00 16475286 6 7
588 2312 3.2565 1 133163 149413 366 15433498 8.00 0.00 0.00 1942292 6 8
588 2312 0.374943 1 18141 21029 63 1827584 8.00 0.00 0.00 271028 6 9
588 2312 1.26281 1 56447 64216 176 6006295 8.00 0.00 0.00 829325 6 10
588 2312 1.22081 1 55904 63504 173 5643368 8.00 0.00 0.00 849441 6 11
588 2312 0.705892 1 33151 37669 124 3312666 8.00 0.00 0.00 507178 6 12
588 2312 0.45793 1 22901 26591 82 2185743 8.00 0.00 0.00 333415 6 13
588 2312 2.35364 1 101856 114106 255 11396188 8.00 0.00 0.00 1483806 6 14
588 2312 4.24435 1 165764 185888 445 20782120 8.00 0.00 0.00 2367980 6 15
588 2312 0.711891 1 34409 39674 125 3503318 8.00 0.00 0.00 514190 6 16
588 2312 6.552 1 250258 276604 577 31272563 8.00 0.00 0.00 3451337 6 17
588 2312 2.93255 1 112781 126025 300 14411590 8.00 0.00 0.00 1618068 6 18
588 2312 4.44332 1 187600 209699 509 20916237 8.00 0.00 0.00 2775464 6 19
588 2312 14.7618 1 549101 605252 1149 67205255 8.00 0.00 0.00 7856747 6 20
676 2684 19.2801 1 862856 957671 1852 75187904 8.00 0.00 0.00 13865668 7 1
676 2684 20.8338 1 968883 1088252 2045 83362766 8.00 0.00 0.00 15810110 7 2
676 2684 20.1229 1 932231 1041337 2043 80343095 8.00 0.00 0.00 15302353 7 3
676 2684 0.826874 1 46360 55648 137 3446024 8.00 0.00 0.00 780623 7 4
676 2684 30.0184 1 1358619 1530343 2560 111821387 8.00 0.00 0.00 22690638 7 5
676 2684 7.71283 1 257783 289952 605 35326139 8.00 0.00 0.00 4912635 7 6
676 2684 59.508 1 2602855 2915962 4477 211926807 8.00 0.00 0.00 43181006 7 7
676 2684 10.1835 1 488887 550295 1023 40917913 8.00 0.00 0.00 7943067 7 8
676 2684 60.1998 1 2541725 2810384 4348 221778250 8.00 0.00 0.00 40423914 7 9
676 2684 3.44747 1 154017 175668 413 15166125 8.00 0.00 0.00 2675309 7 10
676 2684 30.4104 1 962758 1067163 2045 132952719 8.00 0.00 0.00 18040082 7 11
676 2684 6.15506 1 304844 349185 745 23969201 8.00 0.00 0.00 5214462 7 12
676 2684 150.805 1 4958950 5540401 8191 597528441 8.00 0.00 0.00 88515468 7 13
676 2684 4.40133 1 211934 240677 511 18585069 8.00 0.00 0.00 3529876 7 14
676 2684 0.943856 1 48106 54922 143 4059691 8.00 0.00 0.00 818158 7 15
676 2684 9.41457 1 442337 495536 1022 38817234 8.00 0.00 0.00 7318405 7 16
676 2684 11.6162 1 551402 622438 1150 45524222 8.00 0.00 0.00 8929461 7 17
676 2684 4.22736 1 204377 230942 510 18109706 8.00 0.00 0.00 3400320 7 18
676 2684 0.573912 1 29210 34793 107 2583198 8.00 0.00 0.00 529107 7 19
676 2684 5.96709 1 301775 342825 732 24663184 8.00 0.00 0.00 4877047 7 20
764 3056 17.0134 1 401613 447580 978 83072741 8.00 0.00 0.00 8754555 8 1
764 3056 1.3118 1 53272 62524 161 6019125 8.00 0.00 0.00 995026 8 2
764 3056 241.465 1 6725211 7537923 10875 850522654 9.00 0.00 0.00 125892745 8 3
764 3056 25.7841 1 913345 1017618 1994 104455702 8.00 0.00 0.00 16397427 8 4
764 3056 0.154976 1 4778 5971 25 833916 8.00 0.00 0.00 106144 8 5
764 3056 36.6154 1 1306910 1451998 2546 136918908 8.00 0.00 0.00 23175974 8 6
764 3056 16.3495 1 648768 731697 1402 63642859 8.00 0.00 0.00 11623685 8 7
764 3056 3.55846 1 130604 149471 355 15859719 8.00 0.00 0.00 2628577 8 8
764 3056 36.0455 1 1384128 1534809 2652 137140445 8.00 0.00 0.00 24419533 8 9
764 3056 3.2725 1 129244 146432 349 14429555 8.00 0.00 0.00 2390610 8 10
764 3056 36.0795 1 1191323 1320819 2237 146002667 8.00 0.00 0.00 22020642 8 11
764 3056 5.64614 1 164299 187011 445 26647533 8.00 0.00 0.00 3439642 8 12
764 3056 186.638 1 6378588 6988661 10238 651386741 9.00 0.00 0.00 109126691 8 13
764 3056 3.89441 1 156630 178770 420 16893592 8.00 0.00 0.00 2903893 8 14
764 3056 69.2555 1 2611810 2886014 4499 250805037 8.00 0.00 0.00 45566450 8 15
764 3056 1.06284 1 27717 31924 98 5908176 8.00 0.00 0.00 663334 8 16
764 3056 164.156 1 5724033 6256679 9146 567569290 9.00 0.00 0.00 97883242 8 17
764 3056 51.8591 1 1979258 2200461 3865 193275131 8.00 0.00 0.00 34998354 8 18
764 3056 3.89641 1 137251 155791 380 18233326 8.00 0.00 0.00 2735376 8 19
764 3056 40.8018 1 1521584 1695201 3002 156498449 8.00 0.00 0.00 27631271 8 20
852 3428 35.8685 1 700732 780443 1532 167776086 8.00 0.00 0.00 16427046 9 1
852 3428 4.5713 1 148511 172128 389 21000913 8.00 0.00 0.00 2958829 9 2
852 3428 15.1607 1 287884 316310 691 76784011 8.00 0.00 0.00 6997618 9 3
852 3428 74.9136 1 2241861 2482245 4094 287780781 8.00 0.00 0.00 40644362 9 4
852 3428 103.346 1 1771040 1918393 3426 479324717 8.00 0.00 0.00 41859092 9 5
852 3428 4.23136 1 132187 153932 363 18920106 8.00 0.00 0.00 2646666 9 6
852 3428 94.2697 1 2498708 2761660 4221 351214812 8.00 0.00 0.00 45357175 9 7
852 3428 5.45817 1 111789 125636 294 27773658 8.00 0.00 0.00 2698147 9 8
852 3428 129.85 1 3681024 4096016 6397 486403302 8.00 0.00 0.00 66546606 9 9
852 3428 18.8561 1 522864 583543 1068 81182882 8.00 0.00 0.00 10667959 9 10
852 3428 5.01924 1 142047 163953 382 24193185 8.00 0.00 0.00 2949338 9 11
852 3428 4.26835 1 90283 101243 255 22103118 8.00 0.00 0.00 2133232 9 12
852 3428 58.941 1 1094304 1201968 2047 275755320 8.00 0.00 0.00 25517990 9 13
852 3428 45.5381 1 1400393 1570462 2685 178774236 8.00 0.00 0.00 25885593 9 14
852 3428 70.1243 1 2248336 2521878 4094 284541145 8.00 0.00 0.00 40829511 9 15
852 3428 5.64414 1 137483 158034 380 28748588 8.00 0.00 0.00 3169264 9 16
852 3428 2.21766 1 51098 58259 157 11619911 8.00 0.00 0.00 1095454 9 17
852 3428 21.3378 1 604938 681722 1278 92783909 8.00 0.00 0.00 12083548 9 18
852 3428 47.1938 1 1239396 1375699 2340 207042289 8.00 0.00 0.00 24774218 9 19
852 3428 196.613 1 5287372 5830124 8191 726246733 10.00 0.00 0.00 95257859 9 20
940 3800 8.73467 1 165686 187906 445 44775029 8.00 0.00 0.00 3874267 10 1
940 3800 34.5997 1 945947 1078372 2044 139460903 8.00 0.00 0.00 18846480 10 2
940 3800 86.9748 1 1371995 1492952 2619 413602347 8.00 0.00 0.00 31828574 10 3
940 3800 6.24105 1 117959 133392 317 31848866 8.00 0.00 0.00 2821389 10 4
940 3800 31.0463 1 546471 608717 1148 152048232 8.00 0.00 0.00 12588683 10 5
940 3800 172.175 1 2757867 3016853 4811 748888966 9.00 0.00 0.00 60570197 10 6
940 3800 13.303 1 243930 272107 570 66558686 8.00 0.00 0.00 5710048 10 7
940 3800 64.6302 1 1055509 1161286 2047 303172521 8.00 0.00 0.00 24943248 10 8
940 3800 182.72 1 3307536 3647133 5893 748336706 10.00 0.00 0.00 66193219 10 9
940 3800 14.1259 1 273331 306813 638 69481509 8.00 0.00 0.00 6876181 10 10
940 3800 4.69229 1 95641 110420 255 23582113 8.00 0.00 0.00 2153764 10 11
940 3800 13.7739 1 255800 287756 604 66114180 8.00 0.00 0.00 5861215 10 12
940 3800 19.724 1 341604 378548 800 99961570 8.00 0.00 0.00 7977362 10 13
940 3800 107.994 1 2463898 2739762 4115 436973699 9.00 0.00 0.00 49617530 10 14
940 3800 68.8685 1 1139614 1245223 2099 340117246 8.00 0.00 0.00 25759978 10 15
940 3800 49.6085 1 1333814 1519611 2558 197079305 8.00 0.00 0.00 26482345 10 16
940 3800 121.064 1 2974237 3345127 5128 472415540 9.00 0.00 0.00 58606873 10 17
940 3800 16.9564 1 329693 374579 766 80197660 8.00 0.00 0.00 7778255 10 18
940 3800 285.945 1 5145534 5646455 8191 1130094930 11.00 0.00 0.00 98632568 10 19
940 3800 26.8959 1 535916 598920 1108 127312158 8.00 0.00 0.00 11299003 10 20
1028 4172 38.8041 1 612783 684239 1278 188564479 8.00 0.00 0.00 14103599 11 1
1028 4172 109.722 1 1603058 1765615 3070 518675359 9.00 0.00 0.00 39858193 11 2
1028 4172 30.6353 1 489674 545595 1023 149744033 8.00 0.00 0.00 11315857 11 3
1028 4172 76.8183 1 1107830 1202417 2047 355159448 8.00 0.00 0.00 25478243 11 4
1028 4172 177.954 1 2451353 2665785 4095 800447242 10.00 0.00 0.00 58726456 11 5
1028 4172 74.5297 1 1371258 1542880 2615 319543075 8.00 0.00 0.00 29331896 11 6
1028 4172 25.8531 1 396858 438728 956 127929031 8.00 0.00 0.00 9525511 11 7
1028 4172 155.009 1 2098847 2302583 4092 685782035 10.00 0.00 0.00 49432161 11 8
1028 4172 10.3734 1 185446 212566 508 50170488 8.00 0.00 0.00 4919388 11 9
1028 4172 9.24359 1 157604 180897 427 46613958 8.00 0.00 0.00 3897832 11 10
1028 4172 119.036 1 1682071 1825333 3197 543635616 9.00 0.00 0.00 36955982 11 11
1028 4172 16.4445 1 313021 357687 764 77419732 8.00 0.00 0.00 7210030 11 12
1028 4172 678.55 1 9705214 10573867 15994 2698322473 14.00 0.00 0.00 191517049 11 13
1028 4172 75.2086 1 1276730 1411330 2440 345209754 8.00 0.00 0.00 28536393 11 14
1028 4172 27.7198 1 452401 507250 1022 136806611 8.00 0.00 0.00 10656141 11 15
1028 4172 67.4048 1 1113316 1244607 2047 299623344 8.00 0.00 0.00 27367015 11 16
1028 4172 57.3093 1 900647 1005341 1959 259159924 8.00 0.00 0.00 20942117 11 17
1028 4172 26.9929 1 454139 511086 1022 125895807 8.00 0.00 0.00 11334349 11 18
1028 4172 40.5058 1 642459 712946 1373 200281991 8.00 0.00 0.00 14318121 11 19
1028 4172 101.84 1 1577755 1726364 3069 479708105 9.00 0.00 0.00 37361892 11 20
1116 4544 463.973 1 5983966 6606011 9595 1867228734 12.00 0.00 0.00 143300067 12 1
1116 4544 11.9472 1 195074 223562 510 56191633 8.00 0.00 0.00 4510665 12 2
1116 4544 0.694894 1 15094 18839 62 3434446 8.00 0.00 0.00 353809 12 3
1116 4544 25.4791 1 396659 451392 956 117718617 8.00 0.00 0.00 9930747 12 4
1116 4544 10.3534 1 180376 208337 506 48129923 8.00 0.00 0.00 4310326 12 5
1116 4544 90.7002 1 1244089 1375522 2363 417233445 8.00 0.00 0.00 29070765 12 6
1116 4544 23.3834 1 351835 398491 829 111070617 8.00 0.00 0.00 8293420 12 7
1116 4544 637.387 1 7625163 8309753 12286 2672729004 14.00 0.00 0.00 182879447 12 8
1116 4544 96.3564 1 1348391 1495468 2558 444975447 9.00 0.00 0.00 30422943 12 9
1116 4544 494.651 1 6396218 7079946 10238 2008218543 12.00 0.00 0.00 142276387 12 10
1116 4544 72.269 1 1039730 1155843 2047 316468406 8.00 0.00 0.00 23970480 12 11
1116 4544 22.0896 1 371773 426114 892 100274741 8.00 0.00 0.00 8829870 12 12
1116 4544 112.393 1 1648825 1840764 3105 497522225 9.00 0.00 0.00 39909351 12 13
1116 4544 512.217 1 6730356 7403092 10876 2105814148 12.00 0.00 0.00 148112959 12 14
1116 4544 18.3952 1 297606 339338 716 91706383 8.00 0.00 0.00 7057195 12 15
1116 4544 6.27005 1 110572 128980 287 32052306 8.00 0.00 0.00 2587987 12 16
1116 4544 9.48956 1 163580 190872 445 46386262 8.00 0.00 0.00 4063996 12 17
1116 4544 30.9783 1 487870 555091 1023 146348715 8.00 0.00 0.00 12005521 12 18
1116 4544 51.8491 1 781800 877357 1660 244133473 8.00 0.00 0.00 19035232 12 19
1116 4544 127.727 1 1740442 1905266 3325 600362124 9.00 0.00 0.00 39285173 12 20
1204 4916 5.34819 1 88097 102699 254 26196824 8.00 0.00 0.00 2044465 13 1
1204 4916 15.2567 1 229952 262573 511 75083099 8.00 0.00 0.00 5383960 13 2
1204 4916 61.2947 1 863194 966455 1852 278206017 8.00 0.00 0.00 21129141 13 3
1204 4916 28.7686 1 419167 479858 1020 134362306 8.00 0.00 0.00 9512754 13 4
1204 4916 20.4569 1 305113 345253 746 97155508 8.00 0.00 0.00 7348515 13 5
1204 4916 9.34358 1 140500 162776 381 46530651 8.00 0.00 0.00 3329480 13 6
1204 4916 9.97948 1 158559 184841 428 47930993 8.00 0.00 0.00 3668157 13 7
1204 4916 15.1757 1 228101 258645 511 71285627 8.00 0.00 0.00 5603110 13 8
1204 4916 62.3535 1 810059 904815 1739 282795290 8.00 0.00 0.00 18654785 13 9
1204 4916 433.267 1 4974281 5420414 8191 1853001138 12.00 0.00 0.00 113178403 13 10
1204 4916 0.357945 1 7967 10616 31 1728020 8.00 0.00 0.00 177750 13 11
1204 4916 34.7677 1 497527 560994 1023 166129941 8.00 0.00 0.00 11556473 13 12
1204 4916 156.123 1 2005837 2206194 3957 712056948 10.00 0.00 0.00 44849201 13 13
1204 4916 214.926 1 2746788 3047490 4779 949913160 11.00 0.00 0.00 61931525 13 14
1204 4916 121.284 1 1568994 1727103 3069 556402702 9.00 0.00 0.00 35813673 13 15
1204 4916 105.198 1 1385397 1540519 2652 467759367 9.00 0.00 0.00 31180094 13 16
1204 4916 55.1266 1 780568 871595 1660 250632370 8.00 0.00 0.00 18961706 13 17
1204 4916 44.7212 1 599918 670142 1277 212982581 8.00 0.00 0.00 14448602 13 18
1204 4916 384.736 1 4804989 5339121 8190 1597411228 11.00 0.00 0.00 112437726 13 19
1204 4916 54.0138 1 756978 852258 1595 252448650 8.00 0.00 0.00 17880280 13 20
1292 5288 88.9235 1 1134385 1260496 2078 397008356 9.00 0.00 0.00 26784736 14 1
1292 5288 14.6928 1 212593 246068 511 69158628 8.00 0.00 0.00 4869848 14 2
1292 5288 133.056 1 1596394 1763907 3070 589365205 10.00 0.00 0.00 36257766 14 3
1292 5288 66.7948 1 857997 965116 1842 299015429 9.00 0.00 0.00 20475144 14 4
1292 5288 50.5683 1 655665 737191 1405 229875349 8.00 0.00 0.01 15393738 14 5
1292 5288 88.7025 1 1102951 1223123 2047 407169839 9.00 0.00 0.00 24708490 14 6
1292 5288 303.485 1 3449061 3776425 6141 1288877929 11.00 0.00 0.00 78728163 14 7
1292 5288 204.492 1 2386269 2610662 4095 869732796 11.00 0.00 0.00 54534158 14 8
1292 5288 101.666 1 1207749 1341492 2299 451381489 9.00 0.00 0.00 26605803 14 9
1292 5288 12.934 1 185100 215529 508 59096212 8.00 0.00 0.00 4477729 14 10
1292 5288 20.1719 1 275777 313320 640 93977104 8.00 0.00 0.00 6272700 14 11
1292 5288 94.4326 1 1162807 1302696 2172 417749228 9.00 0.00 0.00 26804081 14 12
1292 5288 172.877 1 2031015 2252875 4017 764667988 10.00 0.00 0.00 45039649 14 13
1292 5288 190.583 1 2295482 2533041 4095 820318314 10.00 0.00 0.01 51376577 14 14
1292 5288 163.281 1 1940783 2156790 3801 720615394 10.00 0.00 0.00 42937658 14 15
1292 5288 10.4554 1 161797 190361 443 49560156 8.00 0.00 0.00 3944760 14 16
1292 5288 79.194 1 1057949 1189552 2047 352550140 9.00 0.00 0.00 25897836 14 17
1292 5288 56.6814 1 732474 816067 1534 267767399 8.00 0.00 0.00 16478390 14 18
1292 5288 3.67844 1 63422 76051 190 17875819 8.00 0.00 0.00 1430447 14 19
1292 5288 737.292 1 8092663 8873696 13018 3069964442 15.00 0.00 0.00 179744782 14 20
1380 5660 41.1737 1 498911 568217 1023 187407590 8.00 0.00 0.00 11059504 15 1
1380 5660 2.07568 1 34325 42364 125 9784203 8.00 0.00 0.00 841117 15 2
1380 5660 90.0983 1 1046263 1162729 2047 398218290 9.00 0.00 0.00 24415434 15 3
1380 5660 94.9636 1 1064359 1189360 2047 414881316 9.00 0.00 0.00 24572426 15 4
1380 5660 271.584 1 2924976 3233301 5118 1096079724 12.00 0.00 0.00 65936187 15 5
1380 5660 20.4399 1 257324 296725 605 89880404 8.00 0.00 0.00 6373017 15 6
1380 5660 58.2951 1 689091 780668 1511 255727073 8.00 0.00 0.00 15926091 15 7
1380 5660 104.521 1 1214587 1362427 2301 447635923 9.00 0.00 0.00 28315197 15 8
1380 5660 44.7062 1 555986 624692 1150 203779870 8.00 0.00 0.00 13040461 15 9
1380 5660 362.361 1 3919471 4360209 6908 1447258699 13.00 0.00 0.00 89750105 15 10
1380 5660 62.6845 1 745461 837497 1547 279186691 8.00 0.00 0.00 17385416 15 11
1380 5660 136.52 1 1563433 1734159 3068 602482840 10.00 0.00 0.00 35094386 15 12
1380 5660 31.3662 1 406858 461144 997 142651250 8.00 0.00 0.00 9680151 15 13
1380 5660 37.8512 1 463260 522671 1023 173157696 8.00 0.00 0.00 10425990 15 14
1380 5660 0.39394 1 7970 10873 31 1875628 8.00 0.00 0.00 175534 15 15
1380 5660 791.959 1 8263014 9135453 13309 3108488812 16.00 0.00 0.00 182990974 15 16
1380 5660 44.5242 1 559873 639308 1164 196447785 8.00 0.00 0.00 13827334 15 17
1380 5660 74.4697 1 884752 995041 1916 349330489 9.00 0.00 0.00 19843614 15 18
1380 5660 15.1597 1 197780 227504 510 69146760 8.00 0.00 0.00 4642170 15 19
1380 5660 109.651 1 1313118 1469066 2555 480737071 10.00 0.00 0.00 30322902 15 20
1468 6032 236.647 1 2423225 2704108 4095 928394588 12.00 0.00 0.00 56379220 16 1
1468 6032 91.965 1 989491 1098737 2046 418474812 9.00 0.00 0.00 21522365 16 2
1468 6032 180.659 1 1937158 2186733 3784 730285881 10.00 0.00 0.00 46146556 16 3
1468 6032 503.654 1 4976017 5467566 8191 2131551260 13.00 0.00 0.00 109976057 16 4
1468 6032 530.972 1 5153207 5662830 8191 2127080813 15.00 0.00 0.00 111587591 16 5
1468 6032 9.02663 1 120381 142101 318 41998585 9.00 0.00 0.00 2718496 16 6
1468 6032 4.74628 1 72468 88679 224 21036184 9.00 0.00 0.00 1833676 16 7
1468 6032 116.686 1 1239189 1388667 2340 504122162 10.00 0.00 0.00 27764835 16 8
1468 6032 10.7874 1 144329 169710 382 50146897 9.00 0.00 0.00 3233632 16 9
1468 6032 6.71698 1 94119 111992 255 30338900 9.00 0.00 0.00 2307333 16 10
1468 6032 49.0845 1 548759 614814 1149 223651833 9.00 0.00 0.00 12379176 16 11
1468 6032 17.6453 1 214313 247993 511 81495170 9.00 0.00 0.00 4886055 16 12
1468 6032 394.584 1 4040356 4501717 7164 1535600943 13.00 0.00 0.00 99323101 16 13
1468 6032 0.508922 1 10440 14738 46 2326888 9.00 0.00 0.00 226297 16 14
1468 6032 16.4475 1 202790 234510 510 74094582 9.00 0.00 0.00 4967467 16 15
1468 6032 4.09238 1 61913 75419 190 19244503 9.00 0.00 0.00 1428924 16 16
1468 6032 41.1127 1 504774 583281 1023 179306890 9.00 0.00 0.00 12626012 16 17
1468 6032 49.1975 1 566331 643544 1187 214862532 9.00 0.00 0.00 13822998 16 18
1468 6032 4.27435 1 61543 74104 190 20386796 9.00 0.00 0.00 1355275 16 19
1468 6032 8.01778 1 118545 141355 317 36921068 9.00 0.00 0.00 2982565 16 20
1556 6404 602.733 1 5291470 5832657 8191 2293965280 15.00 0.00 0.01 118284038 17 1
1556 6404 44.0833 1 487827 556448 1023 200082449 9.00 0.00 0.00 11114596 17 2
1556 6404 320.265 1 3055634 3382527 5371 1283410304 13.00 0.00 0.01 70366720 17 3
1556 6404 17.5703 1 208293 243342 511 77631438 9.00 0.00 0.01 5050702 17 4
1556 6404 443.372 1 3906346 4317164 6907 1787130517 13.00 0.00 0.00 87018806 17 5
1556 6404 146.321 1 1456305 1632229 2813 618427330 10.00 0.00 0.00 32694764 17 6
1556 6404 243.284 1 2313058 2566969 4095 1011810193 11.00 0.00 0.01 49211373 17 7
1556 6404 431.753 1 3998513 4445432 7157 1707737606 13.00 0.00 0.01 91764501 17 8
1556 6404 50.2834 1 539263 612980 1117 224521301 9.00 0.00 0.01 12364209 17 9
1556 6404 105.348 1 1083454 1230813 2047 426196809 10.00 0.00 0.00 26628296 17 10
1556 6404 540.32 1 4939521 5451911 8191 2224333028 14.00 0.00 0.00 105128372 17 11
1556 6404 573.045 1 5110927 5648261 8191 2286739108 14.00 0.00 0.00 113053482 17 12
1556 6404 4.48932 1 64813 78925 196 20679373 9.00 0.00 0.00 1459528 17 13
1556 6404 36.0415 1 407355 465448 1000 165076863 9.00 0.00 0.00 9233206 17 14
1556 6404 71.4091 1 764587 871431 1610 304372576 9.00 0.00 0.00 18185578 17 15
1556 6404 583.521 1 5245750 5831289 8191 2250529565 16.00 0.00 0.01 123407996 17 16
1556 6404 808.606 1 7169631 7911107 11771 3198600493 16.00 0.00 0.00 157644585 17 17
1556 6404 16.0256 1 191129 224739 509 77602608 9.00 0.00 0.00 4300276 17 18
1556 6404 696.541 1 6309311 6978856 10237 2827569686 15.00 0.00 0.00 138570074 17 19
1556 6404 155.243 1 1583995 1776153 3069 679080703 10.00 0.00 0.00 37034680 17 20
1644 6776 50.1914 1 498738 572183 1023 217669396 9.00 0.00 0.01 11685255 18 1
1644 6776 414.361 1 3739369 4174272 6545 1701247439 13.00 0.00 0.01 82908938 18 2
1644 6776 611.698 1 5065114 5611835 8191 2382415880 14.00 0.00 0.01 112595357 18 3
1644 6776 184.67 1 1679506 1880998 3197 761446923 11.00 0.00 0.01 37602650 18 4
1644 6776 273.766 1 2435643 2688203 4095 1119092424 12.00 0.00 0.01 52565439 18 5
1644 6776 2.93155 1 42429 53424 127 13577166 9.00 0.00 0.01 950083 18 6
1644 6776 1.39679 1 21986 28870 78 6247169 9.00 0.00 0.00 538891 18 7
1644 6776 219.166 1 1985262 2229854 3885 888497222 11.00 0.00 0.00 45854139 18 8
1644 6776 237.051 1 2104811 2336879 4093 954151444 12.00 0.00 0.01 46903081 18 9
1644 6776 13.4979 1 155232 182268 413 60672546 9.00 0.00 0.01 3522573 18 10
1644 6776 33.8439 1 348047 399735 828 143702613 9.00 0.00 0.01 8209725 18 11
1644 6776 40.2849 1 403752 463313 986 174391423 9.00 0.00 0.01 9401408 18 12
1644 6776 7.78682 1 95677 114670 255 34889045 9.00 0.00 0.00 2315065 18 13
1644 6776 402.717 1 3577309 3965702 6142 1632776733 13.00 0.00 0.01 79874850 18 14
1644 6776 70.0084 1 703604 804505 1532 314313743 9.00 0.00 0.01 16369546 18 15
1644 6776 11.4113 1 132430 157549 364 52860662 9.00 0.00 0.00 2912369 18 16
1644 6776 512.077 1 4426458 4920391 7931 2088042291 14.00 0.00 0.01 97791733 18 17
1644 6776 204.093 1 1900797 2131980 3689 872507128 11.00 0.00 0.00 44065956 18 18
1644 6776 20.1589 1 219334 255620 511 91257365 9.00 0.00 0.00 5195163 18 19
1644 6776 3.82942 1 52237 65284 158 17716984 9.00 0.00 0.01 1257379 18 20
1732 7148 147.924 1 1300576 1461556 2522 624321448 10.00 0.00 0.01 29283516 19 1
1732 7148 54.2867 1 502018 573197 1023 240890539 9.00 0.00 0.01 11149078 19 2
1732 7148 537.366 1 4420087 4895556 7930 2200957502 15.00 0.00 0.01 98039740 19 3
1732 7148 390.181 1 3178139 3505658 5628 1530957439 14.00 0.00 0.01 69489274 19 4
1732 7148 445.678 1 3496574 3884721 6142 1737112224 14.00 0.00 0.01 78284972 19 5
1732 7148 127.237 1 1090998 1230832 2047 536688412 10.00 0.00 0.01 24179614 19 6
1732 7148 12.7271 1 135023 161890 377 56596456 9.00 0.00 0.01 3240416 19 7
1732 7148 151.3 1 1286285 1445590 2475 633918665 11.00 0.00 0.01 28161834 19 8
1732 7148 954.897 1 7322740 8085664 12090 3601079835 18.00 0.00 0.01 158210859 19 9
1732 7148 4.53131 1 56721 70574 179 20807749 9.00 0.00 0.00 1302600 19 10
1732 7148 807.368 1 6162707 6818086 9979 2928533757 19.00 0.00 0.01 137834229 19 11
1732 7148 360.157 1 2886541 3229920 5116 1377092319 13.00 0.00 0.01 66719207 19 12
1732 7148 494.408 1 3919984 4356202 6908 1864165468 16.00 0.00 0.01 93189168 19 13
1732 7148 143.436 1 1231522 1371093 2310 592056593 11.00 0.00 0.00 27100055 19 14
1732 7148 503.347 1 3974351 4423913 7069 2006670336 14.00 0.00 0.01 88096687 19 15
1732 7148 21.5197 1 217351 250334 511 94344164 9.00 0.00 0.01 5064213 19 16
1732 7148 394.373 1 3245532 3588847 5756 1596696392 14.00 0.00 0.00 69763935 19 17
1732 7148 22.4996 1 227555 264980 511 102451294 9.00 0.00 0.01 5143605 19 18
1732 7148 286.611 1 2495672 2787251 4221 1204425641 13.00 0.00 0.01 53629464 19 19
1732 7148 812.308 1 6453475 7124322 10238 3154159848 18.00 0.00 0.01 142275067 19 20
1820 7520 118.407 1 965002 1096853 2045 489851584 10.00 0.00 0.00 22385073 20 1
1820 7520 611.943 1 4599485 5081809 8188 2417569275 15.00 0.00 0.01 97107458 20 2
1820 7520 54.9826 1 480925 552851 1023 239103541 9.00 0.00 0.01 11105190 20 3
1820 7520 16.7934 1 170281 203012 463 71514339 9.00 0.00 0.01 4263593 20 4
1820 7520 15.8926 1 153142 180089 412 70988778 9.00 0.00 0.01 3536709 20 5
1820 7520 83.0334 1 695760 792284 1531 350271403 10.00 0.00 0.01 15651116 20 6
1820 7520 199.302 1 1576390 1785702 3069 784184788 11.00 0.01 0.01 37210324 20 7
1820 7520 46.162 1 410209 476897 1012 197176101 9.00 0.00 0.00 9235677 20 8
1820 7520 262.097 1 2022421 2268124 3984 1033527641 12.00 0.00 0.01 46682183 20 9
1820 7520 803.547 1 5689133 6302628 9050 2873589645 19.00 0.00 0.01 129307596 20 10
1820 7520 138.897 1 1142048 1294349 2108 548882500 10.00 0.01 0.01 27042811 20 11
1820 7520 194.147 1 1535298 1745905 3048 763384558 11.00 0.00 0.01 35612102 20 12
1820 7520 133.675 1 1147696 1297771 2116 540600555 10.00 0.00 0.00 27182391 20 13
1820 7520 319.918 1 2450175 2735947 4095 1261483962 14.00 0.00 0.00 53500939 20 14
1820 7520 93.7757 1 811929 920225 1746 387156551 10.00 0.00 0.01 19717351 20 15
1820 7520 704.711 1 5228465 5822424 8191 2698646185 16.00 0.00 0.01 117016165 20 16
1820 7520 19.1161 1 180405 210964 506 90537528 9.00 0.00 0.01 4113810 20 17
1820 7520 225.629 1 1825825 2046095 3578 936918228 12.00 0.00 0.01 41649220 20 18
1820 7520 462.431 1 3540687 3941139 6142 1867032751 14.00 0.00 0.01 79019641 20 19
1820 7520 311.927 1 2479581 2786508 4160 1227949094 14.00 0.00 0.00 58215496 20 20
