WARNING: for repeatability, setting FPU to use double precision
============================[ Problem Statistics ]=============================
|                                                                             |
|  Number of variables:           688                                         |
|  Number of clauses:            8656                                         |
|  Parse time:                   0.01 s                                       |
|  Eliminated clauses:           0.01 Mb                                      |
|  Simplification time:          0.03 s                                       |
|                                                                             |
=============================[ Search Statistics ]==============================
| Conflicts  |          ORIGINAL         |          LEARNT          | Progress |
|            |    Vars  Clauses Literals |    Limit  Clauses Lit/Cl |          |
================================================================================
|        100 |     448     8048    49480 |     2950      100     13 | 13.954 % |
|        250 |     448     8048    49480 |     3246      250     12 | 13.954 % |
|        475 |     448     8048    49480 |     3570      475     13 | 13.954 % |
|        812 |     448     8048    49480 |     3927      812     13 | 13.954 % |
|       1318 |     448     8048    49480 |     4320     1318     13 | 13.954 % |
|       2077 |     448     8048    49480 |     4752     2077     13 | 13.954 % |
|       3216 |     448     8048    49480 |     5227     3216     14 | 13.954 % |
|       4924 |     448     8048    49480 |     5750     4924     14 | 13.954 % |
|       7486 |     448     8048    49480 |     6325     4502     15 | 13.954 % |
|      11330 |     448     8048    49480 |     6958     5129     14 | 13.954 % |
|      17096 |     448     8048    49480 |     7653     3738     14 | 13.954 % |
|      25745 |     448     8048    49480 |     8419     4548     14 | 13.954 % |
|      38719 |     448     8048    49480 |     9261     4540     14 | 13.954 % |
|      58180 |     448     8048    49480 |    10187     5167     14 | 13.954 % |
|      87372 |     448     8048    49480 |    11206     8458     18 | 13.954 % |
|     131161 |     448     8048    49480 |    12326     6572     15 | 13.954 % |
|     196845 |     448     8048    49480 |    13559     9704     15 | 13.954 % |
|     295371 |     448     8048    49480 |    14915    12046     14 | 13.954 % |
|     443160 |     448     8048    49480 |    16406     8717     15 | 13.954 % |
|     664843 |     448     8048    49480 |    18047    14991     14 | 13.954 % |
|     997368 |     448     8048    49480 |    19852    10261     16 | 13.954 % |
|    1496156 |     448     8048    49480 |    21837    18556     14 | 13.954 % |
|    2244338 |     448     8048    49480 |    24021    18455     14 | 13.954 % |
|    3366612 |     448     8048    49480 |    26423    15444     14 | 13.954 % |
|    5050023 |     448     8048    49480 |    29065    16442     15 | 13.954 % |
|    7575139 |     448     8048    49480 |    31972    27222     16 | 13.954 % |
|   11362814 |     448     8048    49480 |    35169    16616     15 | 13.954 % |
|   17044326 |     448     8048    49480 |    38686    26038     16 | 13.954 % |
|   25566595 |     448     8048    49480 |    42555    28971     16 | 13.954 % |
===============================================================================
restarts              : 48123
conflicts             : 33991971       (25202 /sec)
decisions             : 42548264       (0.00 % random) (31545 /sec)
propagations          : 993952451      (736916 /sec)
conflict literals     : 592437143      (8.93 % deleted)
Memory used           : 59.00 MB
CPU time              : 1348.8 s

SATISFIABLE
