WARNING: for repeatability, setting FPU to use double precision
============================[ Problem Statistics ]=============================
|                                                                             |
|  Number of variables:           528                                         |
|  Number of clauses:            6508                                         |
|  Parse time:                   0.00 s                                       |
|  Eliminated clauses:           0.01 Mb                                      |
|  Simplification time:          0.02 s                                       |
|                                                                             |
=============================[ Search Statistics ]==============================
| Conflicts  |          ORIGINAL         |          LEARNT          | Progress |
|            |    Vars  Clauses Literals |    Limit  Clauses Lit/Cl |          |
================================================================================
|        100 |     336     6028    37078 |     2210      100     11 | 15.152 % |
|        250 |     336     6028    37078 |     2431      250     12 | 15.152 % |
|        475 |     336     6028    37078 |     2674      475     13 | 15.152 % |
|        812 |     336     6028    37078 |     2941      812     13 | 15.152 % |
|       1318 |     336     6028    37078 |     3236     1318     14 | 15.152 % |
|       2077 |     336     6028    37078 |     3559     2077     14 | 15.152 % |
|       3216 |     336     6028    37078 |     3915     3216     15 | 15.152 % |
|       4924 |     336     6028    37078 |     4307     2919     14 | 15.152 % |
|       7486 |     336     6028    37078 |     4737     3271     14 | 15.152 % |
|      11330 |     336     6028    37078 |     5211     4661     14 | 15.152 % |
|      17096 |     336     6028    37078 |     5732     5052     15 | 15.152 % |
|      25745 |     336     6028    37078 |     6306     4903     15 | 15.152 % |
|      38719 |     336     6028    37078 |     6936     5027     15 | 15.152 % |
|      58180 |     336     6028    37078 |     7630     6770     15 | 15.152 % |
|      87372 |     336     6028    37078 |     8393     4752     15 | 15.152 % |
|     131161 |     336     6028    37078 |     9232     5898     14 | 15.152 % |
|     196845 |     336     6028    37078 |    10156     5836     15 | 15.152 % |
|     295371 |     336     6028    37078 |    11171     6437     15 | 15.152 % |
|     443160 |     336     6028    37078 |    12288     6940     16 | 15.152 % |
|     664843 |     336     6028    37078 |    13517    11108     16 | 15.152 % |
|     997368 |     336     6028    37078 |    14869     8836     17 | 15.152 % |
|    1496156 |     336     6028    37078 |    16356    12239     15 | 15.152 % |
|    2244338 |     336     6028    37078 |    17992     9773     15 | 15.152 % |
|    3366612 |     336     6028    37078 |    19791    16670     15 | 15.152 % |
|    5050023 |     336     6028    37078 |    21770    15917     16 | 15.152 % |
|    7575139 |     336     6028    37078 |    23947    21028     16 | 15.152 % |
|   11362814 |     336     6028    37078 |    26342    15645     15 | 15.152 % |
|   17044326 |     336     6028    37078 |    28976    22069     16 | 15.152 % |
===============================================================================
restarts              : 30456
conflicts             : 20097872       (32162 /sec)
decisions             : 25599143       (0.00 % random) (40965 /sec)
propagations          : 517945266      (828842 /sec)
conflict literals     : 333816463      (9.51 % deleted)
Memory used           : 32.00 MB
CPU time              : 624.902 s

SATISFIABLE
