WARNING: for repeatability, setting FPU to use double precision
============================[ Problem Statistics ]=============================
|                                                                             |
|  Number of variables:          1328                                         |
|  Number of clauses:           17248                                         |
|  Parse time:                   0.02 s                                       |
|  Eliminated clauses:           0.01 Mb                                      |
|  Simplification time:          0.06 s                                       |
|                                                                             |
=============================[ Search Statistics ]==============================
| Conflicts  |          ORIGINAL         |          LEARNT          | Progress |
|            |    Vars  Clauses Literals |    Limit  Clauses Lit/Cl |          |
================================================================================
|        100 |     896    16128    99088 |     5913      100     11 | 12.048 % |
|        250 |     896    16128    99088 |     6504      250     13 | 12.048 % |
|        475 |     896    16128    99088 |     7155      475     13 | 12.048 % |
|        812 |     896    16128    99088 |     7871      812     14 | 12.048 % |
|       1318 |     896    16128    99088 |     8658     1318     14 | 12.048 % |
|       2077 |     896    16128    99088 |     9523     2077     14 | 12.048 % |
|       3216 |     896    16128    99088 |    10476     3216     14 | 12.048 % |
|       4924 |     896    16128    99088 |    11523     4924     15 | 12.048 % |
|       7486 |     896    16128    99088 |    12676     7486     15 | 12.048 % |
|      11330 |     896    16128    99088 |    13943    11330     15 | 12.048 % |
|      17096 |     896    16128    99088 |    15338    10014     15 | 12.048 % |
|      25745 |     896    16128    99088 |    16872    10883     14 | 12.048 % |
|      38719 |     896    16128    99088 |    18559    15302     15 | 12.048 % |
|      58180 |     896    16128    99088 |    20415    15978     14 | 12.048 % |
|      87372 |     896    16128    99088 |    22456    13976     15 | 12.048 % |
|     131161 |     896    16128    99088 |    24702    12331     14 | 12.048 % |
|     196845 |     896    16128    99088 |    27172    15551     15 | 12.048 % |
|     295371 |     896    16128    99088 |    29890    16906     14 | 12.048 % |
|     443160 |     896    16128    99088 |    32879    22585     16 | 12.048 % |
|     664843 |     896    16128    99088 |    36167    17731     15 | 12.048 % |
|     997368 |     896    16128    99088 |    39783    22356     16 | 12.048 % |
|    1496156 |     896    16128    99088 |    43762    31703     15 | 12.048 % |
|    2244338 |     896    16128    99088 |    48138    32554     17 | 12.048 % |
|    3366612 |     896    16128    99088 |    52952    25614     14 | 12.048 % |
|    5050023 |     896    16128    99088 |    58247    32854     16 | 12.048 % |
|    7575139 |     896    16128    99088 |    64072    32078     21 | 12.048 % |
|   11362814 |     896    16128    99088 |    70479    57652     18 | 12.048 % |
|   17044326 |     896    16128    99088 |    77527    39117     16 | 12.048 % |
|   25566595 |     896    16128    99088 |    85279    49928     15 | 12.048 % |
|   38349998 |     896    16128    99088 |    93807    43954     18 | 12.048 % |
|   57525103 |     896    16128    99088 |   103188    25110     20 | 12.048 % |
|   86287761 |     896    16128    99088 |   113507    93412     18 | 12.048 % |
|  129431749 |     896    16128    99088 |   124858    48928     16 | 12.048 % |
===============================================================================
restarts              : 197629
conflicts             : 164439796      (13336 /sec)
decisions             : 209428249      (0.00 % random) (16984 /sec)
propagations          : 6040939069     (489907 /sec)
conflict literals     : 3065064683     (9.64 % deleted)
Memory used           : 255.00 MB
CPU time              : 12330.8 s

SATISFIABLE
