WARNING: for repeatability, setting FPU to use double precision
============================[ Problem Statistics ]=============================
|                                                                             |
|  Number of variables:          1088                                         |
|  Number of clauses:           14026                                         |
|  Parse time:                   0.01 s                                       |
|  Eliminated clauses:           0.01 Mb                                      |
|  Simplification time:          0.05 s                                       |
|                                                                             |
=============================[ Search Statistics ]==============================
| Conflicts  |          ORIGINAL         |          LEARNT          | Progress |
|            |    Vars  Clauses Literals |    Limit  Clauses Lit/Cl |          |
================================================================================
|        100 |     728    13098    80485 |     4802      100     12 | 12.500 % |
|        250 |     728    13098    80485 |     5282      250     12 | 12.500 % |
|        475 |     728    13098    80485 |     5811      475     14 | 12.500 % |
|        812 |     728    13098    80485 |     6392      812     14 | 12.500 % |
|       1318 |     728    13098    80485 |     7031     1318     14 | 12.500 % |
|       2077 |     728    13098    80485 |     7734     2077     14 | 12.500 % |
|       3216 |     728    13098    80485 |     8508     3216     15 | 12.500 % |
|       4924 |     728    13098    80485 |     9358     4924     14 | 12.500 % |
|       7486 |     728    13098    80485 |    10294     7486     15 | 12.500 % |
|      11330 |     728    13098    80485 |    11324     6091     15 | 12.500 % |
|      17096 |     728    13098    80485 |    12456    11857     15 | 12.500 % |
|      25745 |     728    13098    80485 |    13702     7824     14 | 12.500 % |
|      38719 |     728    13098    80485 |    15072    13870     14 | 12.500 % |
|      58180 |     728    13098    80485 |    16579    10238     14 | 12.500 % |
|      87372 |     728    13098    80485 |    18237    14202     15 | 12.500 % |
|     131161 |     728    13098    80485 |    20061    11694     14 | 12.500 % |
|     196845 |     728    13098    80485 |    22067    16508     17 | 12.500 % |
|     295371 |     728    13098    80485 |    24274    14317     14 | 12.500 % |
|     443160 |     728    13098    80485 |    26702    14663     15 | 12.500 % |
|     664843 |     728    13098    80485 |    29372    16088     14 | 12.500 % |
|     997368 |     728    13098    80485 |    32309    14913     16 | 12.500 % |
|    1496156 |     728    13098    80485 |    35540    20492     14 | 12.500 % |
|    2244338 |     728    13098    80485 |    39094    28197     20 | 12.500 % |
|    3366612 |     728    13098    80485 |    43003    31688     15 | 12.500 % |
|    5050023 |     728    13098    80485 |    47304    41130     17 | 12.500 % |
|    7575139 |     728    13098    80485 |    52034    45245     17 | 12.500 % |
|   11362814 |     728    13098    80485 |    57238    17316     16 | 12.500 % |
|   17044326 |     728    13098    80485 |    62962    28213     16 | 12.500 % |
|   25566595 |     728    13098    80485 |    69258    57928     17 | 12.500 % |
|   38349998 |     728    13098    80485 |    76184    40746     17 | 12.500 % |
|   57525103 |     728    13098    80485 |    83802    63886     16 | 12.500 % |
===============================================================================
restarts              : 76007
conflicts             : 59006230       (18420 /sec)
decisions             : 75661845       (0.00 % random) (23619 /sec)
propagations          : 1961392916     (612274 /sec)
conflict literals     : 1070170860     (8.84 % deleted)
Memory used           : 122.00 MB
CPU time              : 3203.46 s

SATISFIABLE
