WARNING: for repeatability, setting FPU to use double precision
============================[ Problem Statistics ]=============================
|                                                                             |
|  Number of variables:          1008                                         |
|  Number of clauses:           12952                                         |
|  Parse time:                   0.01 s                                       |
|  Eliminated clauses:           0.01 Mb                                      |
|  Simplification time:          0.04 s                                       |
|                                                                             |
=============================[ Search Statistics ]==============================
| Conflicts  |          ORIGINAL         |          LEARNT          | Progress |
|            |    Vars  Clauses Literals |    Limit  Clauses Lit/Cl |          |
================================================================================
|        100 |     672    12088    74284 |     4432      100     13 | 12.699 % |
|        250 |     672    12088    74284 |     4875      250     13 | 12.699 % |
|        475 |     672    12088    74284 |     5363      475     13 | 12.699 % |
|        812 |     672    12088    74284 |     5899      812     13 | 12.699 % |
|       1318 |     672    12088    74284 |     6489     1318     14 | 12.699 % |
|       2077 |     672    12088    74284 |     7138     2077     14 | 12.699 % |
|       3216 |     672    12088    74284 |     7852     3216     14 | 12.699 % |
|       4924 |     672    12088    74284 |     8637     4924     14 | 12.699 % |
|       7486 |     672    12088    74284 |     9500     7486     14 | 12.699 % |
|      11330 |     672    12088    74284 |    10451     6510     15 | 12.699 % |
|      17096 |     672    12088    74284 |    11496     6865     14 | 12.699 % |
|      25745 |     672    12088    74284 |    12645     9674     14 | 12.699 % |
|      38719 |     672    12088    74284 |    13910     9836     15 | 12.699 % |
|      58180 |     672    12088    74284 |    15301     8059     14 | 12.699 % |
|      87372 |     672    12088    74284 |    16831    14000     15 | 12.699 % |
|     131161 |     672    12088    74284 |    18514    15046     15 | 12.699 % |
|     196845 |     672    12088    74284 |    20366    14905     15 | 12.699 % |
|     295371 |     672    12088    74284 |    22402    10399     14 | 12.699 % |
|     443160 |     672    12088    74284 |    24643    22479     16 | 12.699 % |
|     664843 |     672    12088    74284 |    27107    19636     14 | 12.699 % |
|     997368 |     672    12088    74284 |    29818    22912     16 | 12.699 % |
|    1496156 |     672    12088    74284 |    32799    26893     14 | 12.699 % |
|    2244338 |     672    12088    74284 |    36079    20904     16 | 12.699 % |
|    3366612 |     672    12088    74284 |    39687    27436     15 | 12.699 % |
|    5050023 |     672    12088    74284 |    43656    27526     15 | 12.699 % |
|    7575139 |     672    12088    74284 |    48022    22537     20 | 12.699 % |
|   11362814 |     672    12088    74284 |    52824    32340     19 | 12.699 % |
===============================================================================
restarts              : 17630
conflicts             : 12065594       (30380 /sec)
decisions             : 16056740       (0.00 % random) (40430 /sec)
propagations          : 305059596      (768117 /sec)
conflict literals     : 208397835      (7.33 % deleted)
Memory used           : 55.00 MB
CPU time              : 397.153 s

SATISFIABLE
