WARNING: for repeatability, setting FPU to use double precision
============================[ Problem Statistics ]=============================
|                                                                             |
|  Number of variables:          1088                                         |
|  Number of clauses:           14026                                         |
|  Parse time:                   0.01 s                                       |
|  Eliminated clauses:           0.01 Mb                                      |
|  Simplification time:          0.05 s                                       |
|                                                                             |
=============================[ Search Statistics ]==============================
| Conflicts  |          ORIGINAL         |          LEARNT          | Progress |
|            |    Vars  Clauses Literals |    Limit  Clauses Lit/Cl |          |
================================================================================
|        100 |     728    13098    80485 |     4802      100     11 | 12.500 % |
|        250 |     728    13098    80485 |     5282      250     13 | 12.500 % |
|        475 |     728    13098    80485 |     5811      475     14 | 12.500 % |
|        812 |     728    13098    80485 |     6392      812     14 | 12.500 % |
|       1318 |     728    13098    80485 |     7031     1318     14 | 12.500 % |
|       2077 |     728    13098    80485 |     7734     2077     15 | 12.500 % |
|       3216 |     728    13098    80485 |     8508     3216     15 | 12.500 % |
|       4924 |     728    13098    80485 |     9358     4924     15 | 12.500 % |
|       7486 |     728    13098    80485 |    10294     7486     15 | 12.500 % |
|      11330 |     728    13098    80485 |    11324     6002     14 | 12.500 % |
|      17096 |     728    13098    80485 |    12456     6004     14 | 12.500 % |
|      25745 |     728    13098    80485 |    13702     8322     14 | 12.500 % |
|      38719 |     728    13098    80485 |    15072     7345     15 | 12.500 % |
|      58180 |     728    13098    80485 |    16579    11578     14 | 12.500 % |
|      87372 |     728    13098    80485 |    18237    15509     15 | 12.500 % |
|     131161 |     728    13098    80485 |    20061    12981     14 | 12.500 % |
|     196845 |     728    13098    80485 |    22067    17640     15 | 12.500 % |
|     295371 |     728    13098    80485 |    24274    15680     14 | 12.500 % |
|     443160 |     728    13098    80485 |    26702    16126     16 | 12.500 % |
|     664843 |     728    13098    80485 |    29372    19395     14 | 12.500 % |
|     997368 |     728    13098    80485 |    32309    25334     17 | 12.500 % |
|    1496156 |     728    13098    80485 |    35540    17004     13 | 12.500 % |
|    2244338 |     728    13098    80485 |    39094    30982     16 | 12.500 % |
|    3366612 |     728    13098    80485 |    43003    24486     14 | 12.500 % |
|    5050023 |     728    13098    80485 |    47304    30825     17 | 12.500 % |
|    7575139 |     728    13098    80485 |    52034    46636     18 | 12.500 % |
|   11362814 |     728    13098    80485 |    57238    21160     16 | 12.500 % |
|   17044326 |     728    13098    80485 |    62962    40427     15 | 12.500 % |
|   25566595 |     728    13098    80485 |    69258    22615     15 | 12.500 % |
|   38349998 |     728    13098    80485 |    76184    38542     17 | 12.500 % |
|   57525103 |     728    13098    80485 |    83802    65413     18 | 12.500 % |
|   86287761 |     728    13098    80485 |    92182    28599     13 | 12.500 % |
|  129431749 |     728    13098    80485 |   101401    74213     18 | 12.500 % |
===============================================================================
restarts              : 188127
conflicts             : 151984415      (13744 /sec)
decisions             : 189950546      (0.00 % random) (17177 /sec)
propagations          : 5774694425     (522203 /sec)
conflict literals     : 2840028425     (9.68 % deleted)
Memory used           : 195.00 MB
CPU time              : 11058.3 s

SATISFIABLE
