WARNING: for repeatability, setting FPU to use double precision
============================[ Problem Statistics ]=============================
|                                                                             |
|  Number of variables:          1408                                         |
|  Number of clauses:           18322                                         |
|  Parse time:                   0.01 s                                       |
|  Eliminated clauses:           0.01 Mb                                      |
|  Simplification time:          0.06 s                                       |
|                                                                             |
=============================[ Search Statistics ]==============================
| Conflicts  |          ORIGINAL         |          LEARNT          | Progress |
|            |    Vars  Clauses Literals |    Limit  Clauses Lit/Cl |          |
================================================================================
|        100 |     952    17138   105289 |     6283      100     12 | 11.932 % |
|        250 |     952    17138   105289 |     6912      250     13 | 11.932 % |
|        475 |     952    17138   105289 |     7603      475     13 | 11.932 % |
|        812 |     952    17138   105289 |     8363      812     14 | 11.932 % |
|       1318 |     952    17138   105289 |     9200     1318     16 | 11.932 % |
|       2077 |     952    17138   105289 |    10120     2077     15 | 11.932 % |
|       3216 |     952    17138   105289 |    11132     3216     15 | 11.932 % |
|       4924 |     952    17138   105289 |    12245     4924     15 | 11.932 % |
|       7486 |     952    17138   105289 |    13470     7486     15 | 11.932 % |
|      11330 |     952    17138   105289 |    14817    11330     15 | 11.932 % |
|      17096 |     952    17138   105289 |    16298     9367     15 | 11.932 % |
|      25745 |     952    17138   105289 |    17928     9748     14 | 11.932 % |
|      38719 |     952    17138   105289 |    19721    13642     15 | 11.932 % |
|      58180 |     952    17138   105289 |    21693    13198     14 | 11.932 % |
|      87372 |     952    17138   105289 |    23863    20254     15 | 11.932 % |
|     131161 |     952    17138   105289 |    26249    15756     15 | 11.932 % |
|     196845 |     952    17138   105289 |    28874    14067     14 | 11.932 % |
|     295371 |     952    17138   105289 |    31761    19205     15 | 11.932 % |
|     443160 |     952    17138   105289 |    34938    22788     15 | 11.932 % |
|     664843 |     952    17138   105289 |    38431    15896     15 | 11.932 % |
|     997368 |     952    17138   105289 |    42275    37526     19 | 11.932 % |
|    1496156 |     952    17138   105289 |    46502    23851     14 | 11.932 % |
|    2244338 |     952    17138   105289 |    51152    38895     17 | 11.932 % |
|    3366612 |     952    17138   105289 |    56268    50290     15 | 11.932 % |
|    5050023 |     952    17138   105289 |    61895    41391     16 | 11.932 % |
|    7575139 |     952    17138   105289 |    68084    47076     17 | 11.932 % |
|   11362814 |     952    17138   105289 |    74893    61158     20 | 11.932 % |
|   17044326 |     952    17138   105289 |    82382    66776     17 | 11.932 % |
|   25566595 |     952    17138   105289 |    90620    74387     16 | 11.932 % |
|   38349998 |     952    17138   105289 |    99682    48934     19 | 11.932 % |
|   57525103 |     952    17138   105289 |   109650    51043     17 | 11.932 % |
|   86287761 |     952    17138   105289 |   120615    90119     16 | 11.932 % |
|  129431749 |     952    17138   105289 |   132677   114579     17 | 11.932 % |
|  194147731 |     952    17138   105289 |   145945    65923     15 | 11.932 % |
===============================================================================
restarts              : 262141
conflicts             : 215942140      (11670 /sec)
decisions             : 275263065      (0.00 % random) (14876 /sec)
propagations          : 8444252752     (456350 /sec)
conflict literals     : 4074740596     (9.70 % deleted)
Memory used           : 299.00 MB
CPU time              : 18503.9 s

SATISFIABLE
