WARNING: for repeatability, setting FPU to use double precision
============================[ Problem Statistics ]=============================
|                                                                             |
|  Number of variables:          1248                                         |
|  Number of clauses:           16174                                         |
|  Parse time:                   0.01 s                                       |
|  Eliminated clauses:           0.01 Mb                                      |
|  Simplification time:          0.05 s                                       |
|                                                                             |
=============================[ Search Statistics ]==============================
| Conflicts  |          ORIGINAL         |          LEARNT          | Progress |
|            |    Vars  Clauses Literals |    Limit  Clauses Lit/Cl |          |
================================================================================
|        100 |     840    15118    92887 |     5543      100     15 | 12.180 % |
|        250 |     840    15118    92887 |     6097      250     14 | 12.180 % |
|        475 |     840    15118    92887 |     6707      475     14 | 12.180 % |
|        812 |     840    15118    92887 |     7378      812     14 | 12.180 % |
|       1318 |     840    15118    92887 |     8115     1318     15 | 12.180 % |
|       2077 |     840    15118    92887 |     8927     2077     15 | 12.180 % |
|       3216 |     840    15118    92887 |     9820     3216     15 | 12.180 % |
|       4924 |     840    15118    92887 |    10802     4924     15 | 12.180 % |
|       7486 |     840    15118    92887 |    11882     7486     15 | 12.180 % |
|      11330 |     840    15118    92887 |    13070    11330     15 | 12.180 % |
|      17096 |     840    15118    92887 |    14377    10476     15 | 12.180 % |
|      25745 |     840    15118    92887 |    15815    11807     15 | 12.180 % |
|      38719 |     840    15118    92887 |    17397     8682     14 | 12.180 % |
|      58180 |     840    15118    92887 |    19136    10475     14 | 12.180 % |
|      87372 |     840    15118    92887 |    21050    10496     15 | 12.180 % |
|     131161 |     840    15118    92887 |    23155    11482     14 | 12.180 % |
|     196845 |     840    15118    92887 |    25471    18546     15 | 12.180 % |
|     295371 |     840    15118    92887 |    28018    25244     15 | 12.180 % |
|     443160 |     840    15118    92887 |    30820    27043     16 | 12.180 % |
|     664843 |     840    15118    92887 |    33902    30025     14 | 12.180 % |
|     997368 |     840    15118    92887 |    37292    19671     17 | 12.180 % |
|    1496156 |     840    15118    92887 |    41021    36005     15 | 12.180 % |
|    2244338 |     840    15118    92887 |    45123    37091     18 | 12.180 % |
|    3366612 |     840    15118    92887 |    49636    22310     13 | 12.180 % |
|    5050023 |     840    15118    92887 |    54599    44977     16 | 12.180 % |
|    7575139 |     840    15118    92887 |    60059    38167     18 | 12.180 % |
|   11362814 |     840    15118    92887 |    66065    46963     19 | 12.180 % |
|   17044326 |     840    15118    92887 |    72672    27521     19 | 12.180 % |
|   25566595 |     840    15118    92887 |    79939    70303     16 | 12.180 % |
|   38349998 |     840    15118    92887 |    87933    31674     16 | 12.180 % |
|   57525103 |     840    15118    92887 |    96726    64071     18 | 12.180 % |
|   86287761 |     840    15118    92887 |   106399    93436     16 | 12.180 % |
|  129431749 |     840    15118    92887 |   117039    21858     21 | 12.180 % |
===============================================================================
restarts              : 178152
conflicts             : 144811322      (13858 /sec)
decisions             : 183906682      (0.00 % random) (17599 /sec)
propagations          : 5305468635     (507713 /sec)
conflict literals     : 2696940229     (9.53 % deleted)
Memory used           : 226.00 MB
CPU time              : 10449.7 s

SATISFIABLE
