WARNING: for repeatability, setting FPU to use double precision
============================[ Problem Statistics ]=============================
|                                                                             |
|  Number of variables:           768                                         |
|  Number of clauses:            9730                                         |
|  Parse time:                   0.01 s                                       |
|  Eliminated clauses:           0.01 Mb                                      |
|  Simplification time:          0.03 s                                       |
|                                                                             |
=============================[ Search Statistics ]==============================
| Conflicts  |          ORIGINAL         |          LEARNT          | Progress |
|            |    Vars  Clauses Literals |    Limit  Clauses Lit/Cl |          |
================================================================================
|        100 |     504     9058    55681 |     3321      100     14 | 13.542 % |
|        250 |     504     9058    55681 |     3653      250     14 | 13.542 % |
|        475 |     504     9058    55681 |     4018      475     14 | 13.542 % |
|        812 |     504     9058    55681 |     4420      812     14 | 13.542 % |
|       1318 |     504     9058    55681 |     4862     1318     14 | 13.542 % |
|       2077 |     504     9058    55681 |     5348     2077     14 | 13.542 % |
|       3216 |     504     9058    55681 |     5883     3216     14 | 13.542 % |
|       4924 |     504     9058    55681 |     6472     4924     15 | 13.542 % |
|       7486 |     504     9058    55681 |     7119     4116     14 | 13.542 % |
|      11330 |     504     9058    55681 |     7831     4325     14 | 13.542 % |
|      17096 |     504     9058    55681 |     8614     6092     14 | 13.542 % |
|      25745 |     504     9058    55681 |     9475     5980     14 | 13.542 % |
|      38719 |     504     9058    55681 |    10423     9199     16 | 13.542 % |
|      58180 |     504     9058    55681 |    11465     7468     14 | 13.542 % |
|      87372 |     504     9058    55681 |    12612     7529     15 | 13.542 % |
|     131161 |     504     9058    55681 |    13873     6430     14 | 13.542 % |
|     196845 |     504     9058    55681 |    15261     8847     13 | 13.542 % |
|     295371 |     504     9058    55681 |    16787    14650     15 | 13.542 % |
|     443160 |     504     9058    55681 |    18465     9517     15 | 13.542 % |
|     664843 |     504     9058    55681 |    20312    16740     15 | 13.542 % |
|     997368 |     504     9058    55681 |    22343    10960     19 | 13.542 % |
|    1496156 |     504     9058    55681 |    24578    13903     14 | 13.542 % |
|    2244338 |     504     9058    55681 |    27036    19034     15 | 13.542 % |
|    3366612 |     504     9058    55681 |    29739    20408     14 | 13.542 % |
|    5050023 |     504     9058    55681 |    32713    15151     14 | 13.542 % |
|    7575139 |     504     9058    55681 |    35984    32768     16 | 13.542 % |
|   11362814 |     504     9058    55681 |    39583    22265     16 | 13.542 % |
|   17044326 |     504     9058    55681 |    43541    34699     18 | 13.542 % |
|   25566595 |     504     9058    55681 |    47895    23870     16 | 13.542 % |
===============================================================================
restarts              : 49955
conflicts             : 36421620       (24393 /sec)
decisions             : 45954637       (0.00 % random) (30777 /sec)
propagations          : 1065322434     (713474 /sec)
conflict literals     : 641899579      (8.78 % deleted)
Memory used           : 73.00 MB
CPU time              : 1493.15 s

SATISFIABLE
