WARNING: for repeatability, setting FPU to use double precision
============================[ Problem Statistics ]=============================
|                                                                             |
|  Number of variables:          1168                                         |
|  Number of clauses:           15100                                         |
|  Parse time:                   0.01 s                                       |
|  Eliminated clauses:           0.01 Mb                                      |
|  Simplification time:          0.05 s                                       |
|                                                                             |
=============================[ Search Statistics ]==============================
| Conflicts  |          ORIGINAL         |          LEARNT          | Progress |
|            |    Vars  Clauses Literals |    Limit  Clauses Lit/Cl |          |
================================================================================
|        100 |     784    14108    86686 |     5172      100     14 | 12.329 % |
|        250 |     784    14108    86686 |     5690      250     13 | 12.329 % |
|        475 |     784    14108    86686 |     6259      475     13 | 12.329 % |
|        812 |     784    14108    86686 |     6885      812     13 | 12.329 % |
|       1318 |     784    14108    86686 |     7573     1318     14 | 12.329 % |
|       2077 |     784    14108    86686 |     8331     2077     14 | 12.329 % |
|       3216 |     784    14108    86686 |     9164     3216     14 | 12.329 % |
|       4924 |     784    14108    86686 |    10080     4924     14 | 12.329 % |
|       7486 |     784    14108    86686 |    11088     7486     15 | 12.329 % |
|      11330 |     784    14108    86686 |    12197    11330     15 | 12.329 % |
|      17096 |     784    14108    86686 |    13417    10877     15 | 12.329 % |
|      25745 |     784    14108    86686 |    14758    12712     15 | 12.329 % |
|      38719 |     784    14108    86686 |    16234    10498     15 | 12.329 % |
|      58180 |     784    14108    86686 |    17858    13394     14 | 12.329 % |
|      87372 |     784    14108    86686 |    19644    15322     15 | 12.329 % |
|     131161 |     784    14108    86686 |    21608    19336     15 | 12.329 % |
|     196845 |     784    14108    86686 |    23769    19405     14 | 12.329 % |
|     295371 |     784    14108    86686 |    26146    21363     15 | 12.329 % |
|     443160 |     784    14108    86686 |    28761    23322     16 | 12.329 % |
|     664843 |     784    14108    86686 |    31637    23184     15 | 12.329 % |
|     997368 |     784    14108    86686 |    34800    14878     15 | 12.329 % |
|    1496156 |     784    14108    86686 |    38280    18684     14 | 12.329 % |
|    2244338 |     784    14108    86686 |    42109    17181     16 | 12.329 % |
|    3366612 |     784    14108    86686 |    46320    23730     14 | 12.329 % |
|    5050023 |     784    14108    86686 |    50952    36473     20 | 12.329 % |
|    7575139 |     784    14108    86686 |    56047    50125     17 | 12.329 % |
|   11362814 |     784    14108    86686 |    61651    19209     17 | 12.329 % |
|   17044326 |     784    14108    86686 |    67817    44996     17 | 12.329 % |
|   25566595 |     784    14108    86686 |    74598    35450     15 | 12.329 % |
|   38349998 |     784    14108    86686 |    82058    25040     15 | 12.329 % |
===============================================================================
restarts              : 59388
conflicts             : 42520467       (20864 /sec)
decisions             : 55801055       (0.00 % random) (27380 /sec)
propagations          : 1282122774     (629101 /sec)
conflict literals     : 760228930      (8.31 % deleted)
Memory used           : 107.00 MB
CPU time              : 2038.03 s

SATISFIABLE
