WARNING: for repeatability, setting FPU to use double precision
============================[ Problem Statistics ]=============================
|                                                                             |
|  Number of variables:          1408                                         |
|  Number of clauses:           18322                                         |
|  Parse time:                   0.02 s                                       |
|  Eliminated clauses:           0.01 Mb                                      |
|  Simplification time:          0.06 s                                       |
|                                                                             |
=============================[ Search Statistics ]==============================
| Conflicts  |          ORIGINAL         |          LEARNT          | Progress |
|            |    Vars  Clauses Literals |    Limit  Clauses Lit/Cl |          |
================================================================================
|        100 |     952    17138   105289 |     6283      100     15 | 11.932 % |
|        250 |     952    17138   105289 |     6912      250     14 | 11.932 % |
|        475 |     952    17138   105289 |     7603      475     14 | 11.932 % |
|        812 |     952    17138   105289 |     8363      812     14 | 11.932 % |
|       1318 |     952    17138   105289 |     9200     1318     14 | 11.932 % |
|       2077 |     952    17138   105289 |    10120     2077     14 | 11.932 % |
|       3216 |     952    17138   105289 |    11132     3216     14 | 11.932 % |
|       4924 |     952    17138   105289 |    12245     4924     14 | 11.932 % |
|       7486 |     952    17138   105289 |    13470     7486     15 | 11.932 % |
|      11330 |     952    17138   105289 |    14817    11330     15 | 11.932 % |
|      17096 |     952    17138   105289 |    16298     9527     15 | 11.932 % |
|      25745 |     952    17138   105289 |    17928     9939     15 | 11.932 % |
|      38719 |     952    17138   105289 |    19721    13700     15 | 11.932 % |
|      58180 |     952    17138   105289 |    21693    13233     14 | 11.932 % |
|      87372 |     952    17138   105289 |    23863    20341     15 | 11.932 % |
|     131161 |     952    17138   105289 |    26249    15869     15 | 11.932 % |
|     196845 |     952    17138   105289 |    28874    14285     15 | 11.932 % |
|     295371 |     952    17138   105289 |    31761    18578     14 | 11.932 % |
|     443160 |     952    17138   105289 |    34938    24257     16 | 11.932 % |
|     664843 |     952    17138   105289 |    38431    15223     15 | 11.932 % |
|     997368 |     952    17138   105289 |    42275    21161     16 | 11.932 % |
|    1496156 |     952    17138   105289 |    46502    24939     15 | 11.932 % |
|    2244338 |     952    17138   105289 |    51152    31973     22 | 11.932 % |
|    3366612 |     952    17138   105289 |    56268    25627     14 | 11.932 % |
|    5050023 |     952    17138   105289 |    61895    23864     20 | 11.932 % |
|    7575139 |     952    17138   105289 |    68084    38808     17 | 11.932 % |
|   11362814 |     952    17138   105289 |    74893    52170     17 | 11.932 % |
|   17044326 |     952    17138   105289 |    82382    42571     15 | 11.932 % |
|   25566595 |     952    17138   105289 |    90620    62517     16 | 11.932 % |
|   38349998 |     952    17138   105289 |    99682    68784     17 | 11.932 % |
|   57525103 |     952    17138   105289 |   109650    30761     18 | 11.932 % |
===============================================================================
restarts              : 84476
conflicts             : 65297685       (264403775 /sec)
decisions             : 86465336       (0.00 % random) (350115953 /sec)
propagations          : 2004473040     (8116524162 /sec)
conflict literals     : 1187066927     (8.27 % deleted)
Memory used           : 157.00 MB
CPU time              : 0.246962 s

SATISFIABLE
