WARNING: for repeatability, setting FPU to use double precision
============================[ Problem Statistics ]=============================
|                                                                             |
|  Number of variables:           608                                         |
|  Number of clauses:            7582                                         |
|  Parse time:                   0.01 s                                       |
|  Eliminated clauses:           0.01 Mb                                      |
|  Simplification time:          0.03 s                                       |
|                                                                             |
=============================[ Search Statistics ]==============================
| Conflicts  |          ORIGINAL         |          LEARNT          | Progress |
|            |    Vars  Clauses Literals |    Limit  Clauses Lit/Cl |          |
================================================================================
|        100 |     392     7038    43279 |     2580      100     13 | 14.474 % |
|        250 |     392     7038    43279 |     2838      250     14 | 14.474 % |
|        475 |     392     7038    43279 |     3122      475     14 | 14.474 % |
|        812 |     392     7038    43279 |     3434      812     14 | 14.474 % |
|       1318 |     392     7038    43279 |     3778     1318     14 | 14.474 % |
|       2077 |     392     7038    43279 |     4156     2077     14 | 14.474 % |
|       3216 |     392     7038    43279 |     4571     3216     15 | 14.474 % |
|       4924 |     392     7038    43279 |     5028     2575     15 | 14.474 % |
|       7486 |     392     7038    43279 |     5531     5137     15 | 14.474 % |
|      11330 |     392     7038    43279 |     6084     3232     15 | 14.474 % |
|      17096 |     392     7038    43279 |     6693     5881     14 | 14.474 % |
|      25745 |     392     7038    43279 |     7362     4177     14 | 14.474 % |
|      38719 |     392     7038    43279 |     8099     5889     14 | 14.474 % |
|      58180 |     392     7038    43279 |     8908     4775     14 | 14.474 % |
|      87372 |     392     7038    43279 |     9799     6666     15 | 14.474 % |
|     131161 |     392     7038    43279 |    10779     5526     14 | 14.474 % |
|     196845 |     392     7038    43279 |    11857     5575     14 | 14.474 % |
|     295371 |     392     7038    43279 |    13043     7871     14 | 14.474 % |
|     443160 |     392     7038    43279 |    14347    10491     16 | 14.474 % |
|     664843 |     392     7038    43279 |    15782     7384     14 | 14.474 % |
|     997368 |     392     7038    43279 |    17360    12856     17 | 14.474 % |
|    1496156 |     392     7038    43279 |    19097    12302     14 | 14.474 % |
|    2244338 |     392     7038    43279 |    21006    18889     16 | 14.474 % |
|    3366612 |     392     7038    43279 |    23107    20090     15 | 14.474 % |
|    5050023 |     392     7038    43279 |    25418    16968     15 | 14.474 % |
|    7575139 |     392     7038    43279 |    27960    23146     16 | 14.474 % |
|   11362814 |     392     7038    43279 |    30756    27531     19 | 14.474 % |
|   17044326 |     392     7038    43279 |    33831    21389     16 | 14.474 % |
|   25566595 |     392     7038    43279 |    37214    22508     15 | 14.474 % |
===============================================================================
restarts              : 38396
conflicts             : 27780641       (28159 /sec)
decisions             : 34763762       (0.00 % random) (35238 /sec)
propagations          : 766563673      (777013 /sec)
conflict literals     : 477403309      (9.06 % deleted)
Memory used           : 52.00 MB
CPU time              : 986.552 s

SATISFIABLE
