WARNING: for repeatability, setting FPU to use double precision
============================[ Problem Statistics ]=============================
|                                                                             |
|  Number of variables:           768                                         |
|  Number of clauses:            9730                                         |
|  Parse time:                   0.01 s                                       |
|  Eliminated clauses:           0.01 Mb                                      |
|  Simplification time:          0.03 s                                       |
|                                                                             |
=============================[ Search Statistics ]==============================
| Conflicts  |          ORIGINAL         |          LEARNT          | Progress |
|            |    Vars  Clauses Literals |    Limit  Clauses Lit/Cl |          |
================================================================================
|        100 |     504     9058    55681 |     3321      100     14 | 13.542 % |
|        250 |     504     9058    55681 |     3653      250     14 | 13.542 % |
|        475 |     504     9058    55681 |     4018      475     14 | 13.542 % |
|        812 |     504     9058    55681 |     4420      812     14 | 13.542 % |
|       1318 |     504     9058    55681 |     4862     1318     14 | 13.542 % |
|       2077 |     504     9058    55681 |     5348     2077     15 | 13.542 % |
|       3216 |     504     9058    55681 |     5883     3216     15 | 13.542 % |
|       4924 |     504     9058    55681 |     6472     4924     15 | 13.542 % |
|       7486 |     504     9058    55681 |     7119     4043     15 | 13.542 % |
|      11330 |     504     9058    55681 |     7831     4240     14 | 13.542 % |
|      17096 |     504     9058    55681 |     8614     5954     15 | 13.542 % |
|      25745 |     504     9058    55681 |     9475     5810     15 | 13.542 % |
|      38719 |     504     9058    55681 |    10423     9088     15 | 13.542 % |
|      58180 |     504     9058    55681 |    11465     7233     14 | 13.542 % |
|      87372 |     504     9058    55681 |    12612     7125     15 | 13.542 % |
|     131161 |     504     9058    55681 |    13873    12539     15 | 13.542 % |
|     196845 |     504     9058    55681 |    15261     8031     15 | 13.542 % |
|     295371 |     504     9058    55681 |    16787    13914     14 | 13.542 % |
|     443160 |     504     9058    55681 |    18465     8807     15 | 13.542 % |
|     664843 |     504     9058    55681 |    20312    15920     15 | 13.542 % |
|     997368 |     504     9058    55681 |    22343    20249     18 | 13.542 % |
|    1496156 |     504     9058    55681 |    24578    12221     14 | 13.542 % |
|    2244338 |     504     9058    55681 |    27036    16678     17 | 13.542 % |
|    3366612 |     504     9058    55681 |    29739    19154     14 | 13.542 % |
|    5050023 |     504     9058    55681 |    32713    17659     15 | 13.542 % |
|    7575139 |     504     9058    55681 |    35984    28104     18 | 13.542 % |
|   11362814 |     504     9058    55681 |    39583    26965     15 | 13.542 % |
|   17044326 |     504     9058    55681 |    43541    22072     15 | 13.542 % |
|   25566595 |     504     9058    55681 |    47895    22044     17 | 13.542 % |
|   38349998 |     504     9058    55681 |    52685    37300     18 | 13.542 % |
|   57525103 |     504     9058    55681 |    57954    41241     16 | 13.542 % |
===============================================================================
restarts              : 82043
conflicts             : 63987786       (19902 /sec)
decisions             : 79089644       (0.00 % random) (24599 /sec)
propagations          : 2101983270     (653762 /sec)
conflict literals     : 1145755583     (9.57 % deleted)
Memory used           : 90.00 MB
CPU time              : 3215.21 s

SATISFIABLE
