WARNING: for repeatability, setting FPU to use double precision
============================[ Problem Statistics ]=============================
|                                                                             |
|  Number of variables:          1248                                         |
|  Number of clauses:           16174                                         |
|  Parse time:                   0.01 s                                       |
|  Eliminated clauses:           0.01 Mb                                      |
|  Simplification time:          0.05 s                                       |
|                                                                             |
=============================[ Search Statistics ]==============================
| Conflicts  |          ORIGINAL         |          LEARNT          | Progress |
|            |    Vars  Clauses Literals |    Limit  Clauses Lit/Cl |          |
================================================================================
|        100 |     840    15118    92887 |     5543      100     12 | 12.180 % |
|        250 |     840    15118    92887 |     6097      250     12 | 12.180 % |
|        475 |     840    15118    92887 |     6707      475     12 | 12.180 % |
|        812 |     840    15118    92887 |     7378      812     13 | 12.180 % |
|       1318 |     840    15118    92887 |     8115     1318     14 | 12.180 % |
|       2077 |     840    15118    92887 |     8927     2077     13 | 12.180 % |
|       3216 |     840    15118    92887 |     9820     3216     14 | 12.180 % |
|       4924 |     840    15118    92887 |    10802     4924     14 | 12.180 % |
|       7486 |     840    15118    92887 |    11882     7486     14 | 12.180 % |
|      11330 |     840    15118    92887 |    13070    11330     15 | 12.180 % |
|      17096 |     840    15118    92887 |    14377    10476     14 | 12.180 % |
|      25745 |     840    15118    92887 |    15815    11834     14 | 12.180 % |
|      38719 |     840    15118    92887 |    17397     8751     15 | 12.180 % |
|      58180 |     840    15118    92887 |    19136    10438     14 | 12.180 % |
|      87372 |     840    15118    92887 |    21050    10580     15 | 12.180 % |
|     131161 |     840    15118    92887 |    23155    11719     14 | 12.180 % |
|     196845 |     840    15118    92887 |    25471    18804     15 | 12.180 % |
|     295371 |     840    15118    92887 |    28018    23937     15 | 12.180 % |
|     443160 |     840    15118    92887 |    30820    21844     15 | 12.180 % |
|     664843 |     840    15118    92887 |    33902    17833     15 | 12.180 % |
|     997368 |     840    15118    92887 |    37292    15037     15 | 12.180 % |
|    1496156 |     840    15118    92887 |    41021    29143     14 | 12.180 % |
|    2244338 |     840    15118    92887 |    45123    33806     18 | 12.180 % |
|    3366612 |     840    15118    92887 |    49636    24165     14 | 12.180 % |
|    5050023 |     840    15118    92887 |    54599    45047     19 | 12.180 % |
|    7575139 |     840    15118    92887 |    60059    33428     16 | 12.180 % |
|   11362814 |     840    15118    92887 |    66065    20542     18 | 12.180 % |
|   17044326 |     840    15118    92887 |    72672    44076     16 | 12.180 % |
|   25566595 |     840    15118    92887 |    79939    67377     16 | 12.180 % |
|   38349998 |     840    15118    92887 |    87933    18743     16 | 12.180 % |
|   57525103 |     840    15118    92887 |    96726    79154     17 | 12.180 % |
|   86287761 |     840    15118    92887 |   106399    66624     15 | 12.180 % |
|  129431749 |     840    15118    92887 |   117039   104827     18 | 12.180 % |
|  194147731 |     840    15118    92887 |   128743    35354     13 | 12.180 % |
===============================================================================
restarts              : 248207
conflicts             : 201330599      (12775 /sec)
decisions             : 254056981      (0.00 % random) (16120 /sec)
propagations          : 7692572268     (488106 /sec)
conflict literals     : 3796236517     (9.54 % deleted)
Memory used           : 245.00 MB
CPU time              : 15760 s

SATISFIABLE
